"p","p_no_mc","upper","lower","upper_no_mc","lower_no_mc","truemu","obsD","l","size"
0.5725,0.5725,69.4227397581395,49.1619927532065,58.1395348837209,37.8787878787879,60.6380543770074,59.5238095238095,-1,100
0.366,0.366,73.4565779336738,51.2791585788351,62.5,40.3225806451613,60.6380543770074,62.5,-1,100
0.1455,0.1455,78.6163463701178,55.1682407302313,68.4931506849315,45.045045045045,60.6380543770074,67.5675675675676,-1,100
0.717,0.717,66.3000095549918,49.6396536292061,52.6315789473684,35.9712230215827,60.6380543770074,58.1395348837209,-1,100
0.615,0.615,68.9915484856241,48.3359580051571,58.8235294117647,38.1679389312977,60.6380543770074,58.8235294117647,-1,100
0.08,0.08,79.0687597562951,57.1389351948916,65.7894736842105,43.859649122807,60.6380543770074,68.4931506849315,-1,100
0.701,0.701,68.0984124826067,48.2211330771966,57.4712643678161,37.593984962406,60.6380543770074,58.1395348837209,-1,100
0.5725,0.5725,69.3942249986372,49.7162285764547,58.1395348837209,38.4615384615385,60.6380543770074,59.5238095238095,-1,100
0.3635,0.3635,72.0604390987426,52.0684359000221,60.9756097560976,40.983606557377,60.6380543770074,62.5,-1,100
0.5405,0.5405,70.8129293529542,48.7670739737654,61.7283950617284,39.6825396825397,60.6380543770074,60.2409638554217,-1,100
0.8355,0.8355,64.4098645042498,46.9895531625152,52.6315789473684,35.2112676056338,60.6380543770074,56.1797752808989,-1,100
0.1725,0.1725,76.2233578821092,54.2545326911897,63.2911392405063,41.3223140495868,60.6380543770074,65.7894736842105,-1,100
0.4945,0.4945,74.2600215858435,48.1530875841727,65.7894736842105,39.6825396825397,60.6380543770074,60.9756097560976,-1,100
0.7715,0.7715,69.2165035659327,40.049836899266,62.5,33.3333333333333,60.6380543770074,54.9450549450549,-1,100
0.7895,0.7895,66.9469615632418,44.0946551730598,58.8235294117647,35.9712230215827,60.6380543770074,55.5555555555556,-1,100
0.596,0.596,68.5081048673285,50.2659821475939,55.5555555555556,37.3134328358209,60.6380543770074,59.5238095238095,-1,100
0.561,0.561,69.6142095526789,48.3846651033203,58.8235294117647,37.593984962406,60.6380543770074,59.5238095238095,-1,100
0.5745,0.5745,69.4210030380189,49.4494070855957,58.1395348837209,38.1679389312977,60.6380543770074,59.5238095238095,-1,100
0.032,0.032,80.8736572389038,59.99955417302,68.4931506849315,47.6190476190476,60.6380543770074,70.4225352112676,-1,100
0.6165,0.6165,68.4904392787626,51.1028226545047,55.5555555555556,38.1679389312977,60.6380543770074,59.5238095238095,-1,100
0.1155,0.1155,76.5727616016486,56.4456429575808,62.5,42.3728813559322,60.6380543770074,66.6666666666667,-1,100
0.0095,0.0095,81.4918908757505,62.001246385106,67.5675675675676,48.0769230769231,60.6380543770074,71.4285714285714,-1,100
0.395,0.395,74.3931639634959,50.108505532496,64.9350649350649,40.650406504065,60.6380543770074,62.5,-1,100
0.199,0.199,77.731880420752,53.4380951100176,66.6666666666667,42.3728813559322,60.6380543770074,65.7894736842105,-1,100
0.4055,0.4055,70.1525612773008,52.7044581992765,56.8181818181818,39.3700787401575,60.6380543770074,61.7283950617284,-1,100
0.0605,0.0605,82.7492329398995,57.9045124430051,72.463768115942,47.6190476190476,60.6380543770074,70.4225352112676,-1,100
0.2915,0.2915,75.8684326230112,52.0957656614898,65.7894736842105,42.0168067226891,60.6380543770074,64.1025641025641,-1,100
0.3885,0.3885,74.5059530738441,49.5708881387792,64.9350649350649,40,60.6380543770074,62.5,-1,100
0.102,0.102,77.8647386494002,56.3230525758091,65.7894736842105,44.2477876106195,60.6380543770074,67.5675675675676,-1,100
0.2615,0.2615,75.1633821754525,52.9633599754303,64.9350649350649,42.7350427350427,60.6380543770074,64.1025641025641,-1,100
0.579,0.579,71.1631429675749,48.1944378283271,61.7283950617284,38.7596899224806,60.6380543770074,59.5238095238095,-1,100
0.085,0.085,80.0951509890401,57.0565457586541,68.4931506849315,45.4545454545455,60.6380543770074,68.4931506849315,-1,100
0.7675,0.7675,67.0848170081314,46.3782585226682,57.4712643678161,36.7647058823529,60.6380543770074,56.8181818181818,-1,100
0.972,0.972,60.8275487943031,39.4459698469347,52.6315789473684,31.25,60.6380543770074,50,-1,100
0.1925,0.1925,76.8658708715366,54.5546580568913,65.7894736842105,43.4782608695652,60.6380543770074,65.7894736842105,-1,100
0.7985,0.7985,67.2036224311622,43.8410859271989,58.8235294117647,35.4609929078014,60.6380543770074,55.5555555555556,-1,100
0.1755,0.1755,76.9524566292141,54.2664312208657,65.7894736842105,43.1034482758621,60.6380543770074,65.7894736842105,-1,100
0.8575,0.8575,65.0629208655541,45.5460553478048,53.763440860215,34.2465753424658,60.6380543770074,55.5555555555556,-1,100
0.26,0.26,75.0898669803021,52.5276834011694,64.9350649350649,42.3728813559322,60.6380543770074,64.1025641025641,-1,100
0.704,0.704,68.1015113060365,48.5090348170083,57.4712643678161,37.8787878787879,60.6380543770074,58.1395348837209,-1,100
0.782,0.782,66.8207257036502,46.7672497678213,56.8181818181818,36.7647058823529,60.6380543770074,56.8181818181818,-1,100
0.3785,0.3785,73.5846168243815,51.0846168243815,62.5,40,60.6380543770074,62.5,-1,100
0.5005,0.5005,71.6012442998014,48.7837839823411,62.5,39.6825396825397,60.6380543770074,60.2409638554217,-1,100
0.577,0.577,70.4365564156438,48.2206365820269,60.9756097560976,38.7596899224806,60.6380543770074,59.5238095238095,-1,100
0.7665,0.7665,66.6129753709218,46.5594994350929,56.8181818181818,36.7647058823529,60.6380543770074,56.8181818181818,-1,100
0.213,0.213,74.8073698228939,53.8891119383198,63.2911392405063,42.3728813559322,60.6380543770074,64.9350649350649,-1,100
0.846,0.846,65.7047561238355,46.0213312079002,56.1797752808989,36.4963503649635,60.6380543770074,55.5555555555556,-1,100
0.988,0.988,59.365271218874,37.584968188571,52.0833333333333,30.3030303030303,60.6380543770074,48.0769230769231,-1,100
0.9975,0.9975,56.6020578389262,37.5949022038635,48.0769230769231,29.0697674418605,60.6380543770074,47.1698113207547,-1,100
0.603,0.603,69.7710188648422,49.5300550094205,60.2409638554217,40,60.6380543770074,59.5238095238095,-1,100
0.1285,0.1285,76.5594639917947,55.9351607587958,64.1025641025641,43.4782608695652,60.6380543770074,66.6666666666667,-1,100
0.119,0.119,80.920948830948,55.3639370354041,71.4285714285714,45.8715596330275,60.6380543770074,68.4931506849315,-1,100
0.7785,0.7785,68.4601498951394,43.7164241970129,60.9756097560976,36.231884057971,60.6380543770074,55.5555555555556,-1,100
0.4165,0.4165,72.2530909755947,50.4034974796598,62.5,40.650406504065,60.6380543770074,61.7283950617284,-1,100
0.033,0.033,82.4003440764257,60.0547319420812,70.4225352112676,48.0769230769231,60.6380543770074,71.4285714285714,-1,100
0.1305,0.1305,76.4180161335719,56.1751011538148,64.1025641025641,43.859649122807,60.6380543770074,66.6666666666667,-1,100
0.379,0.379,74.3517391523176,50.7389882668394,64.9350649350649,41.3223140495868,60.6380543770074,62.5,-1,100
0.784,0.784,66.0914665915999,46.9549081102772,54.3478260869565,35.2112676056338,60.6380543770074,56.8181818181818,-1,100
0.849,0.849,65.3797440878882,45.2784933433974,54.3478260869565,34.2465753424657,60.6380543770074,55.5555555555556,-1,100
0.1445,0.1445,72.2656117368116,57.3604626853211,55.5555555555556,40.650406504065,60.6380543770074,64.9350649350649,-1,100
0.5595,0.5595,70.0369898513759,48.5557159184348,60.2409638554217,38.7596899224806,60.6380543770074,59.5238095238095,-1,100
0.052,0.052,79.4910352468669,59.1206648764965,66.6666666666667,46.2962962962963,60.6380543770074,69.4444444444444,-1,100
0.804,0.804,65.6950729430905,46.6358677524985,55.5555555555556,36.4963503649635,60.6380543770074,56.1797752808989,-1,100
0.1305,0.1305,76.5616895350085,56.3187745552515,64.1025641025641,43.859649122807,60.6380543770074,66.6666666666667,-1,100
0.8985,0.8985,64.3005427023404,42.9125347371512,54.9450549450549,33.5570469798658,60.6380543770074,53.763440860215,-1,100
0.875,0.875,64.1079575816285,43.8851248587958,54.9450549450549,34.7222222222222,60.6380543770074,54.3478260869565,-1,100
0.771,0.771,66.8402087234501,44.907008785017,56.1797752808989,34.2465753424658,60.6380543770074,56.1797752808989,-1,100
0.4735,0.4735,72.8663084787963,50.0860584258189,64.1025641025641,41.3223140495868,60.6380543770074,60.9756097560976,-1,100
0.2625,0.2625,75.086860832399,52.8868386323768,64.9350649350649,42.7350427350427,60.6380543770074,64.1025641025641,-1,100
0.6505,0.6505,68.2573473123817,48.476202531237,56.8181818181818,37.037037037037,60.6380543770074,58.8235294117647,-1,100
0.536,0.536,68.4964466790871,52.0274084709184,54.3478260869565,37.8787878787879,60.6380543770074,60.2409638554217,-1,100
0.232,0.232,75.6896513502099,53.2537539143124,64.1025641025641,41.6666666666667,60.6380543770074,64.9350649350649,-1,100
0.2705,0.2705,75.9551886861036,51.8323816685598,65.7894736842105,41.6666666666667,60.6380543770074,64.1025641025641,-1,100
0.2125,0.2125,75.5275295657612,54.1600081982398,64.1025641025641,42.7350427350427,60.6380543770074,64.9350649350649,-1,100
0.0795,0.0795,74.7898547250063,58.3392066691738,58.8235294117647,42.3728813559322,60.6380543770074,66.6666666666667,-1,100
0.828,0.828,64.4392752115813,48.3538763668054,51.5463917525773,35.4609929078014,60.6380543770074,56.8181818181818,-1,100
0.125,0.125,76.5934642681497,56.3505492883926,64.1025641025641,43.859649122807,60.6380543770074,66.6666666666667,-1,100
0.683,0.683,69.6507335677662,45.9885566474896,60.9756097560976,37.3134328358209,60.6380543770074,57.4712643678161,-1,100
0.397,0.397,70.1571169083015,52.7090138302772,56.8181818181818,39.3700787401575,60.6380543770074,61.7283950617284,-1,100
0.2075,0.2075,74.7111563477577,54.8982779768165,63.2911392405063,43.4782608695652,60.6380543770074,64.9350649350649,-1,100
0.352,0.352,77.4282123838828,49.3785585285474,70.4225352112676,42.3728813559322,60.6380543770074,63.2911392405063,-1,100
0.871,0.871,64.354465196616,45.6457344556036,53.1914893617021,34.4827586206897,60.6380543770074,54.9450549450549,-1,100
0.534,0.534,70.3764907315279,50.2227599478758,59.5238095238095,39.3700787401575,60.6380543770074,60.2409638554217,-1,100
0.511,0.511,69.5826028857191,50.2792774492007,57.4712643678161,38.1679389312977,60.6380543770074,60.2409638554217,-1,100
0.09,0.09,73.1535047062625,58.8588562652726,54.9450549450549,40.650406504065,60.6380543770074,65.7894736842105,-1,100
0.8685,0.8685,64.8296326809294,42.4942094834372,56.8181818181818,34.4827586206897,60.6380543770074,53.763440860215,-1,100
0.452,0.452,72.1747021115918,47.9637982378472,60.9756097560976,36.7647058823529,60.6380543770074,60.9756097560976,-1,100
0.821,0.821,64.9264893944152,46.5414857895125,52.6315789473684,34.2465753424658,60.6380543770074,56.1797752808989,-1,100
0.8695,0.8695,65.0272562847378,44.3287766821486,54.9450549450549,34.2465753424657,60.6380543770074,54.9450549450549,-1,100
0.4205,0.4205,71.7037757618396,50.8328906465754,60.2409638554217,39.3700787401575,60.6380543770074,61.7283950617284,-1,100
0.601,0.601,69.9100581818803,49.548067231654,58.8235294117647,38.4615384615385,60.6380543770074,59.5238095238095,-1,100
0.226,0.226,76.4589726337611,53.6519550899015,66.6666666666667,43.859649122807,60.6380543770074,64.9350649350649,-1,100
0.9335,0.9335,62.9343442058458,44.5493406009431,52.6315789473684,34.2465753424658,60.6380543770074,53.763440860215,-1,100
0.2565,0.2565,74.5373038908164,53.7039705574831,62.5,41.6666666666667,60.6380543770074,64.1025641025641,-1,100
0.3305,0.3305,73.9235493588581,52.2990767850184,63.2911392405063,41.6666666666667,60.6380543770074,63.2911392405063,-1,100
0.0825,0.0825,77.0910937640309,57.6596036463316,63.2911392405063,43.859649122807,60.6380543770074,67.5675675675676,-1,100
0.9505,0.9505,62.0526890221616,43.9270177010016,51.0204081632653,32.8947368421053,60.6380543770074,53.1914893617021,-1,100
0.18,0.18,76.0461573089033,54.2145406497004,64.9350649350649,43.1034482758621,60.6380543770074,65.7894736842105,-1,100
0.455,0.455,70.5268872487723,50.1648962985461,58.8235294117647,38.4615384615385,60.6380543770074,60.9756097560976,-1,100
0.965,0.965,61.3621610206852,39.445853918432,53.763440860215,31.8471337579618,60.6380543770074,50.5050505050505,-1,100
0.159,0.159,76.128317878511,55.0529020662531,64.9350649350649,43.859649122807,60.6380543770074,65.7894736842105,-1,100
0.2215,0.2215,75.6930189685167,52.9127689155393,64.1025641025641,41.3223140495868,60.6380543770074,64.9350649350649,-1,100
0.804,0.804,66.5835275319483,44.323530769766,57.4712643678161,35.2112676056338,60.6380543770074,55.5555555555556,-1,100
0.7935,0.7935,64.7256413713345,49.9348765805698,50.5050505050505,35.7142857142857,60.6380543770074,57.4712643678161,-1,100
0.4795,0.4795,72.615325913728,48.2832648450257,62.5,38.1679389312977,60.6380543770074,60.9756097560976,-1,100
0.3075,0.3075,73.0381397272091,53.0461365284886,60.9756097560976,40.983606557377,60.6380543770074,63.2911392405063,-1,100
0.966,0.966,61.3291248274788,40.5446796380722,52.6315789473684,31.8471337579618,60.6380543770074,51.0204081632653,-1,100
0.427,0.427,71.8047063156437,50.9338212003795,60.2409638554217,39.3700787401575,60.6380543770074,61.7283950617284,-1,100
0.2855,0.2855,72.3434635255753,54.1419680513525,59.5238095238095,41.3223140495868,60.6380543770074,63.2911392405063,-1,100
0.3625,0.3625,71.7006796801205,53.5275567724209,58.8235294117647,40.650406504065,60.6380543770074,62.5,-1,100
0.7175,0.7175,68.1084114618447,47.1636699288679,58.8235294117647,37.8787878787879,60.6380543770074,57.4712643678161,-1,100
0.3735,0.3735,76.1229800801716,47.3151024350846,67.5675675675676,38.7596899224806,60.6380543770074,62.5,-1,100
0.2185,0.2185,72.514472419756,55.0132570575781,58.8235294117647,41.3223140495868,60.6380543770074,64.1025641025641,-1,100
0.3615,0.3615,72.9454500770527,51.5396356604856,61.7283950617284,40.3225806451613,60.6380543770074,62.5,-1,100
0.8255,0.8255,64.8931960473527,47.162699593452,53.1914893617021,35.4609929078014,60.6380543770074,56.1797752808989,-1,100
0.5205,0.5205,73.4317508114615,47.0123558674085,65.7894736842105,39.3700787401575,60.6380543770074,60.2409638554217,-1,100
0.1115,0.1115,80.9201569936834,56.2205575277288,71.4285714285714,46.7289719626168,60.6380543770074,68.4931506849315,-1,100
0.234,0.234,74.2414099723606,53.7582166950497,62.5,42.0168067226891,60.6380543770074,64.1025641025641,-1,100
0.61,0.61,68.3192267520118,48.3713355290839,56.1797752808989,36.231884057971,60.6380543770074,58.8235294117647,-1,100
0.785,0.785,65.6811500454985,47.3787020930849,53.763440860215,35.4609929078014,60.6380543770074,56.8181818181818,-1,100
0.9405,0.9405,63.5682808579219,36.1035925999678,58.1395348837209,30.6748466257669,60.6380543770074,49.5049504950495,-1,100
0.2785,0.2785,76.6765691532029,52.0267092092253,66.6666666666667,42.0168067226891,60.6380543770074,64.1025641025641,-1,100
0.7405,0.7405,68.4345254125845,45.675421771128,59.5238095238095,36.7647058823529,60.6380543770074,56.8181818181818,-1,100
0.8165,0.8165,67.2362235510583,41.2694610071146,59.5238095238095,33.5570469798658,60.6380543770074,54.3478260869565,-1,100
0.8165,0.8165,66.2367166999991,48.4444988613667,53.763440860215,35.9712230215827,60.6380543770074,56.8181818181818,-1,100
0.6975,0.6975,68.608741461589,48.6371455091658,58.1395348837209,38.1679389312977,60.6380543770074,58.1395348837209,-1,100
0.6505,0.6505,67.9623196245416,49.6613322224306,56.1797752808989,37.8787878787879,60.6380543770074,58.8235294117647,-1,100
0.604,0.604,71.5917799661204,45.8564858484733,62.5,36.7647058823529,60.6380543770074,58.8235294117647,-1,100
0.378,0.378,73.4988187743014,51.4130613944263,64.1025641025641,42.0168067226891,60.6380543770074,62.5,-1,100
0.2625,0.2625,77.950721889276,51.7759742886278,70.4225352112676,44.2477876106195,60.6380543770074,64.9350649350649,-1,100
0.3955,0.3955,70.6148282255543,52.2060638577382,57.4712643678161,39.0625,60.6380543770074,61.7283950617284,-1,100
0.3815,0.3815,75.1402698155036,50.0012026353581,65.7894736842105,40.650406504065,60.6380543770074,62.5,-1,100
0.077,0.077,76.3364949935182,58.0842826041376,62.5,44.2477876106195,60.6380543770074,67.5675675675676,-1,100
0.653,0.653,67.5748668940602,49.9917466894566,54.3478260869565,36.7647058823529,60.6380543770074,58.8235294117647,-1,100
0.1865,0.1865,74.1339437173924,55.175140683984,60.9756097560976,42.0168067226891,60.6380543770074,64.9350649350649,-1,100
0.724,0.724,68.8924841053156,46.4057116185431,59.5238095238095,37.037037037037,60.6380543770074,57.4712643678161,-1,100
0.5305,0.5305,70.7623057419274,48.9828803480442,60.2409638554217,38.4615384615385,60.6380543770074,60.2409638554217,-1,100
0.6355,0.6355,68.539681422061,48.7585366409162,56.8181818181818,37.037037037037,60.6380543770074,58.8235294117647,-1,100
0.7245,0.7245,69.2329335082986,44.6117213870865,62.5,37.8787878787879,60.6380543770074,56.8181818181818,-1,100
0.946,0.946,61.9791449568065,42.2423028515433,52.6315789473684,32.8947368421053,60.6380543770074,52.6315789473684,-1,100
0.109,0.109,79.9102682128632,55.6649051385512,68.4931506849315,44.2477876106195,60.6380543770074,68.4931506849315,-1,100
0.788,0.788,67.6358826012889,45.3087035544877,58.8235294117647,36.4963503649635,60.6380543770074,56.1797752808989,-1,100
0.4625,0.4625,71.2484670498667,50.4843474485378,59.5238095238095,38.7596899224806,60.6380543770074,60.9756097560976,-1,100
0.709,0.709,66.4768746696445,49.2566083295251,53.1914893617021,35.9712230215827,60.6380543770074,58.1395348837209,-1,100
0.3495,0.3495,70.9227394833196,54.4255038849604,56.1797752808989,39.6825396825397,60.6380543770074,62.5,-1,100
0.625,0.625,68.2223980199995,48.4412532388547,56.8181818181818,37.037037037037,60.6380543770074,58.8235294117647,-1,100
0.7795,0.7795,66.2084675775002,47.0719090961775,54.3478260869565,35.2112676056338,60.6380543770074,56.8181818181818,-1,100
0.618,0.618,70.4307872386193,46.4922145195588,60.9756097560976,37.037037037037,60.6380543770074,58.8235294117647,-1,100
0.849,0.849,66.4995232573454,40.3090470668692,59.5238095238095,33.3333333333333,60.6380543770074,53.7634408602151,-1,100
0.8515,0.8515,63.454957664831,49.8963427294952,49.0196078431373,35.4609929078014,60.6380543770074,56.8181818181818,-1,100
0.258,0.258,72.1137232157632,53.656728014582,58.1395348837209,39.6825396825397,60.6380543770074,63.2911392405063,-1,100
0.69,0.69,70.182970791158,45.5617586699459,62.5,37.8787878787879,60.6380543770074,57.4712643678161,-1,100
0.9205,0.9205,65.0464408683357,38.6352141259831,59.5238095238095,33.112582781457,60.6380543770074,51.0204081632653,-1,100
0.5395,0.5395,68.5638218264086,52.0665862280494,56.1797752808989,39.6825396825397,60.6380543770074,60.2409638554217,-1,100
0.6125,0.6125,72.7174972549062,45.3764172822472,64.9350649350649,37.593984962406,60.6380543770074,58.8235294117647,-1,100
0.5455,0.5455,68.1005148836229,52.2336418186074,52.6315789473684,36.7647058823529,60.6380543770074,60.2409638554217,-1,100
0.276,0.276,75.1571638478216,51.5444129623435,64.9350649350649,41.3223140495868,60.6380543770074,64.1025641025641,-1,100
0.7055,0.7055,69.0073641543129,46.2482605128563,59.5238095238095,36.7647058823529,60.6380543770074,57.4712643678161,-1,100
0.5925,0.5925,68.2106307390453,50.1521388433441,56.8181818181818,38.7596899224806,60.6380543770074,59.5238095238095,-1,100
0.422,0.422,72.3145667142493,50.4014569581517,60.9756097560976,39.0625,60.6380543770074,61.7283950617284,-1,100
0.747,0.747,67.8857774879894,45.6754008000008,59.5238095238095,37.3134328358209,60.6380543770074,56.8181818181818,-1,100
0.4835,0.4835,73.3182094440235,49.3971489436746,63.2911392405063,39.3700787401575,60.6380543770074,60.9756097560976,-1,100
0.283,0.283,73.951676507173,51.3109437707317,63.2911392405063,40.650406504065,60.6380543770074,63.2911392405063,-1,100
0.573,0.573,69.4459676293164,49.1852206243834,58.1395348837209,37.8787878787879,60.6380543770074,59.5238095238095,-1,100
0.617,0.617,70.9626300940623,46.0566150564683,62.5,37.593984962406,60.6380543770074,58.8235294117647,-1,100
0.375,0.375,73.5757766730423,51.0757766730423,62.5,40,60.6380543770074,62.5,-1,100
0.091,0.091,75.8902620248131,58.0215160858917,61.7283950617284,43.859649122807,60.6380543770074,66.6666666666667,-1,100
0.2565,0.2565,73.7001782370209,54.3446645312247,61.7283950617284,42.3728813559322,60.6380543770074,64.1025641025641,-1,100
0.1655,0.1655,71.5423061009037,57.1944800139471,54.3478260869565,40,60.6380543770074,64.1025641025641,-1,100
0.5355,0.5355,69.6804812154216,50.2270305438144,58.8235294117647,39.3700787401575,60.6380543770074,60.2409638554217,-1,100
0.456,0.456,71.316975166663,49.7114441507229,60.9756097560976,39.3700787401575,60.6380543770074,60.9756097560976,-1,100
0.5295,0.5295,69.2525023381377,50.6022594512536,56.8181818181818,38.1679389312977,60.6380543770074,60.2409638554217,-1,100
0.1705,0.1705,78.0681592629067,53.9788525649044,67.5675675675676,43.4782608695652,60.6380543770074,66.6666666666667,-1,100
0.779,0.779,65.5447076529074,47.6932319309144,54.3478260869565,36.4963503649635,60.6380543770074,56.8181818181818,-1,100
0.628,0.628,69.4601462147007,47.8151245696791,59.5238095238095,37.8787878787879,60.6380543770074,58.8235294117647,-1,100
0.6145,0.6145,67.9324963402131,50.8662292739461,54.9450549450549,37.8787878787879,60.6380543770074,59.5238095238095,-1,100
0.469,0.469,70.8748940141314,51.1138646023667,58.8235294117647,39.0625,60.6380543770074,60.9756097560976,-1,100
0.319,0.319,74.5596124633117,52.1237150274142,64.1025641025641,41.6666666666667,60.6380543770074,63.2911392405063,-1,100
0.1195,0.1195,76.4002857401964,56.5455092482518,64.1025641025641,44.2477876106195,60.6380543770074,66.6666666666667,-1,100
0.264,0.264,74.3269543184396,53.4936209851063,62.5,41.6666666666667,60.6380543770074,64.1025641025641,-1,100
0.2815,0.2815,71.7901869441098,54.641503221455,57.4712643678161,40.3225806451613,60.6380543770074,63.2911392405063,-1,100
0.3035,0.3035,73.9975438688747,51.6900111857455,63.2911392405063,40.983606557377,60.6380543770074,63.2911392405063,-1,100
0.485,0.485,70.1795461834552,51.1025112997343,58.1395348837209,39.0625,60.6380543770074,60.9756097560976,-1,100
0.6225,0.6225,68.4557611104237,48.9510121280627,56.8181818181818,37.3134328358209,60.6380543770074,58.8235294117647,-1,100
0.6325,0.6325,69.5938187212539,47.9487970762323,59.5238095238095,37.8787878787879,60.6380543770074,58.8235294117647,-1,100
0.692,0.692,68.4325289618556,47.9983016310766,57.4712643678161,37.037037037037,60.6380543770074,58.1395348837209,-1,100
0.736,0.736,67.7112077805654,46.8642489839663,56.8181818181818,35.9712230215827,60.6380543770074,57.4712643678161,-1,100
0.3,0.3,77.6644297404639,49.8866519626861,69.4444444444444,41.6666666666667,60.6380543770074,64.1025641025641,-1,100
0.1085,0.1085,78.2991421832253,56.2753326594158,66.6666666666667,44.6428571428571,60.6380543770074,67.5675675675676,-1,100
0.3855,0.3855,75.2014867133105,49.3005858124096,67.5675675675676,41.6666666666667,60.6380543770074,62.5,-1,100
0.757,0.757,70.3545274515431,41.0769936532136,63.2911392405063,34.0136054421769,60.6380543770074,55.5555555555556,-1,100
0.468,0.468,69.8931524821709,52.775877201272,56.1797752808989,39.0625,60.6380543770074,60.9756097560976,-1,100
0.6215,0.6215,70.0348550773845,46.6532302836929,60.9756097560976,37.593984962406,60.6380543770074,58.8235294117647,-1,100
0.25,0.25,74.1382472325803,52.9605612821671,62.5,41.3223140495868,60.6380543770074,64.1025641025641,-1,100
0.1305,0.1305,78.5572227475554,55.5186175171693,68.4931506849315,45.4545454545455,60.6380543770074,67.5675675675676,-1,100
0.4805,0.4805,70.1472341561675,51.0701992724466,58.1395348837209,39.0625,60.6380543770074,60.9756097560976,-1,100
0.965,0.965,61.4455680606064,41.072053629367,52.6315789473684,32.258064516129,60.6380543770074,51.0204081632653,-1,100
0.7055,0.7055,68.6952835261421,46.1036381723484,58.8235294117647,36.231884057971,60.6380543770074,57.4712643678161,-1,100
0.56,0.56,68.7157102670118,51.598434986113,56.1797752808989,39.0625,60.6380543770074,60.2409638554217,-1,100
0.376,0.376,73.5997665538019,51.87008380717,64.1025641025641,42.3728813559322,60.6380543770074,62.5,-1,100
0.695,0.695,68.0783021834386,48.2010227780285,57.4712643678161,37.593984962406,60.6380543770074,58.1395348837209,-1,100
0.1565,0.1565,75.3673243031166,55.9707725789787,62.5,43.1034482758621,60.6380543770074,65.7894736842105,-1,100
0.639,0.639,68.4056523269376,48.9009033445767,56.8181818181818,37.3134328358209,60.6380543770074,58.8235294117647,-1,100
0.55,0.55,69.2468586925373,51.7987556145129,56.8181818181818,39.3700787401575,60.6380543770074,60.2409638554217,-1,100
0.3095,0.3095,74.1466255656499,52.8722930478327,63.2911392405063,42.0168067226891,60.6380543770074,63.2911392405063,-1,100
0.8195,0.8195,65.3316329236469,45.9488418017253,54.3478260869565,34.965034965035,60.6380543770074,56.1797752808989,-1,100
0.703,0.703,67.3910898232103,49.1489671034757,55.5555555555556,37.3134328358209,60.6380543770074,58.1395348837209,-1,100
0.147,0.147,77.988889761456,55.0641793367456,67.5675675675676,44.6428571428571,60.6380543770074,66.6666666666667,-1,100
0.4055,0.4055,70.197620958034,53.1036038640169,55.5555555555556,38.4615384615385,60.6380543770074,61.7283950617284,-1,100
0.576,0.576,70.7105422850006,48.4946224513837,60.9756097560976,38.7596899224806,60.6380543770074,59.5238095238095,-1,100
0.89,0.89,64.1269427115127,41.9047204892905,55.5555555555556,33.3333333333333,60.6380543770074,53.1914893617021,-1,100
0.7825,0.7825,67.2311635613552,43.3169461734049,57.4712643678161,33.5570469798658,60.6380543770074,55.5555555555556,-1,100
0.0745,0.0745,74.8195277749225,58.0128050858469,58.8235294117647,42.0168067226891,60.6380543770074,66.6666666666667,-1,100
0.4135,0.4135,70.6403706808855,52.1394219142821,58.8235294117647,40.3225806451613,60.6380543770074,61.7283950617284,-1,100
0.773,0.773,67.4334559104364,44.5051886323492,58.1395348837209,35.2112676056338,60.6380543770074,56.1797752808989,-1,100
0.8305,0.8305,67.1937374611121,39.5170616952644,59.5238095238095,31.8471337579618,60.6380543770074,53.763440860215,-1,100
0.4075,0.4075,72.2468517570893,50.3337420009917,60.9756097560976,39.0625,60.6380543770074,61.7283950617284,-1,100
0.423,0.423,72.2864406445807,51.8032473672698,62.5,42.0168067226891,60.6380543770074,61.7283950617284,-1,100
0.5115,0.5115,70.1664794303384,49.7051699065289,59.5238095238095,39.0625,60.6380543770074,60.2409638554217,-1,100
0.303,0.303,74.0133168436213,52.7389843258041,63.2911392405063,42.0168067226891,60.6380543770074,63.2911392405063,-1,100
0.833,0.833,66.5530756171097,44.542804157095,57.4712643678161,35.4609929078014,60.6380543770074,55.5555555555556,-1,100
0.6435,0.6435,67.8891552270281,49.5881678249171,56.1797752808989,37.8787878787879,60.6380543770074,58.8235294117647,-1,100
0.4675,0.4675,70.0448603580193,51.587865156838,58.1395348837209,39.6825396825397,60.6380543770074,60.9756097560976,-1,100
0.795,0.795,66.8177773195727,44.9646304664258,56.8181818181818,34.965034965035,60.6380543770074,56.1797752808989,-1,100
0.7235,0.7235,67.4559743136156,48.8057314267315,56.8181818181818,38.1679389312977,60.6380543770074,58.1395348837209,-1,100
0.3625,0.3625,73.498329271812,51.3209099169733,62.5,40.3225806451613,60.6380543770074,62.5,-1,100
0.4675,0.4675,72.0366424478801,49.9907870686913,61.7283950617284,39.6825396825397,60.6380543770074,60.9756097560976,-1,100
0.046,0.046,77.0400802879426,59.5594728368337,61.7283950617284,44.2477876106195,60.6380543770074,68.4931506849315,-1,100
0.776,0.776,66.7173169527136,46.9361721715688,56.8181818181818,37.037037037037,60.6380543770074,56.8181818181818,-1,100
0.214,0.214,76.3294998444961,53.4112416321203,64.9350649350649,42.0168067226891,60.6380543770074,64.9350649350649,-1,100
0.073,0.073,84.1009008675373,57.0930828149431,74.6268656716418,47.6190476190476,60.6380543770074,71.4285714285714,-1,100
0.2635,0.2635,77.9859521219197,50.6668651865141,70.4225352112676,43.1034482758621,60.6380543770074,64.9350649350649,-1,100
0.142,0.142,76.6377989996924,55.6386831729904,64.1025641025641,43.1034482758621,60.6380543770074,66.6666666666667,-1,100
0.066,0.066,79.1323665709649,58.3879379317994,65.7894736842105,45.045045045045,60.6380543770074,68.4931506849315,-1,100
0.791,0.791,66.3499682788885,45.8844787122753,56.1797752808989,35.7142857142857,60.6380543770074,56.1797752808989,-1,100
0.519,0.519,70.0006826566669,50.2396532449022,58.8235294117647,39.0625,60.6380543770074,60.2409638554217,-1,100
0.874,0.874,66.5215619078583,39.6774909461402,59.5238095238095,32.6797385620915,60.6380543770074,52.6315789473684,-1,100
0.574,0.574,69.4007927422394,49.1400457373063,58.1395348837209,37.8787878787879,60.6380543770074,59.5238095238095,-1,100
0.018,0.018,86.0201763039297,61.2830087096192,75.7575757575758,51.0204081632653,60.6380543770074,74.6268656716418,-1,100
0.2945,0.2945,72.5136579462277,52.9231005948711,60.2409638554217,40.650406504065,60.6380543770074,63.2911392405063,-1,100
0.8875,0.8875,64.1528285942489,46.0368865652634,54.3478260869565,36.231884057971,60.6380543770074,54.9450549450549,-1,100
0.2985,0.2985,73.1476708989747,53.1556677002542,60.9756097560976,40.983606557377,60.6380543770074,63.2911392405063,-1,100
0.256,0.256,73.7006041119405,53.9890157729012,61.7283950617284,42.0168067226891,60.6380543770074,64.1025641025641,-1,100
0.5255,0.5255,70.5340629187793,49.4315650720954,58.1395348837209,37.037037037037,60.6380543770074,60.2409638554217,-1,100
0.2945,0.2945,73.2620974499535,52.7789041726426,62.5,42.0168067226891,60.6380543770074,63.2911392405063,-1,100
0.401,0.401,71.2937564220255,52.0925275433772,59.5238095238095,40.3225806451613,60.6380543770074,61.7283950617284,-1,100
0.409,0.409,70.1823083193418,52.7342052413175,56.8181818181818,39.3700787401575,60.6380543770074,61.7283950617284,-1,100
0.4915,0.4915,74.602306392274,47.3057184657648,66.6666666666667,39.3700787401575,60.6380543770074,60.9756097560976,-1,100
0.3725,0.3725,72.8225388527682,52.4164578406265,61.7283950617284,41.3223140495868,60.6380543770074,62.5,-1,100
0.806,0.806,65.0939591092292,47.4274151268958,52.6315789473684,34.965034965035,60.6380543770074,56.8181818181818,-1,100
0.0665,0.0665,80.3421198456775,57.6266473638498,69.4444444444444,46.7289719626168,60.6380543770074,69.4444444444444,-1,100
0.5165,0.5165,70.9656382581426,50.0947531428784,60.2409638554217,39.3700787401575,60.6380543770074,60.2409638554217,-1,100
0.296,0.296,76.7100832099925,51.3203808009231,68.4931506849315,43.1034482758621,60.6380543770074,64.1025641025641,-1,100
0.7095,0.7095,68.7572549222475,46.270482435475,59.5238095238095,37.037037037037,60.6380543770074,57.4712643678161,-1,100
0.9725,0.9725,61.1172354742117,40.8204829546148,53.1914893617021,32.8947368421053,60.6380543770074,50.5050505050505,-1,100
0.782,0.782,67.4726699250481,44.544402646961,58.1395348837209,35.2112676056338,60.6380543770074,56.1797752808989,-1,100
0.6925,0.6925,68.0433579393066,46.8138134899479,58.8235294117647,37.593984962406,60.6380543770074,57.4712643678161,-1,100
0.2115,0.2115,77.7103205077867,53.0604605638091,66.6666666666667,42.0168067226891,60.6380543770074,65.7894736842105,-1,100
0.291,0.291,73.2525410786557,53.2605378799352,60.9756097560976,40.983606557377,60.6380543770074,63.2911392405063,-1,100
0.0985,0.0985,75.9049902632747,57.6548560711116,61.7283950617284,43.4782608695652,60.6380543770074,66.6666666666667,-1,100
0.3065,0.3065,72.7798342012408,53.8611843954059,60.2409638554217,41.3223140495868,60.6380543770074,63.2911392405063,-1,100
0.585,0.585,70.5421703367774,47.7830666953209,59.5238095238095,36.7647058823529,60.6380543770074,59.5238095238095,-1,100
0.411,0.411,70.2715284775163,52.8839118532585,55.5555555555556,38.1679389312977,60.6380543770074,61.7283950617284,-1,100
0.306,0.306,74.0864080080646,52.8120754902474,63.2911392405063,42.0168067226891,60.6380543770074,63.2911392405063,-1,100
0.055,0.055,77.6908361371186,58.6333170795996,64.1025641025641,45.045045045045,60.6380543770074,68.4931506849315,-1,100
0.9405,0.9405,63.5843528923954,38.6133048321754,56.8181818181818,31.8471337579618,60.6380543770074,50.5050505050505,-1,100
0.791,0.791,66.7887544920979,45.0317758385675,57.4712643678161,35.7142857142857,60.6380543770074,56.1797752808989,-1,100
0.667,0.667,68.7299862494042,47.2299449031708,57.4712643678161,35.9712230215827,60.6380543770074,58.1395348837209,-1,100
0.2425,0.2425,76.3415504383578,52.3900920606699,64.9350649350649,40.983606557377,60.6380543770074,64.9350649350649,-1,100
0.7125,0.7125,68.1271826919161,46.6170861159723,58.8235294117647,37.3134328358209,60.6380543770074,57.4712643678161,-1,100
0.514,0.514,71.225945737711,48.4182749129112,60.9756097560976,38.1679389312977,60.6380543770074,60.2409638554217,-1,100
0.042,0.042,79.740797800247,59.3704274298766,66.6666666666667,46.2962962962963,60.6380543770074,69.4444444444444,-1,100
0.4205,0.4205,71.6634988381777,51.1050746652957,60.2409638554217,39.6825396825397,60.6380543770074,61.7283950617284,-1,100
0.6525,0.6525,68.8874780388324,48.2318875583654,58.8235294117647,38.1679389312977,60.6380543770074,58.8235294117647,-1,100
0.2055,0.2055,76.3119204628236,54.8551163973238,64.9350649350649,43.4782608695652,60.6380543770074,64.9350649350649,-1,100
0.138,0.138,77.3497470042521,55.3259374804426,66.6666666666667,44.6428571428571,60.6380543770074,66.6666666666667,-1,100
0.8375,0.8375,67.4267375557816,43.8741510535548,59.5238095238095,35.9712230215827,60.6380543770074,54.9450549450549,-1,100
0.9795,0.9795,60.2104463210569,36.6047557759229,53.1914893617021,29.585798816568,60.6380543770074,47.6190476190476,-1,100
0.7445,0.7445,69.4987830304,40.2379204362041,61.7283950617284,32.4675324675325,60.6380543770074,55.5555555555556,-1,100
0.783,0.783,67.6389921723473,45.0473468185537,58.8235294117647,36.231884057971,60.6380543770074,56.1797752808989,-1,100
0.252,0.252,77.2876278610993,52.4551030285745,67.5675675675676,42.7350427350427,60.6380543770074,64.9350649350649,-1,100
0.3005,0.3005,72.8613697883688,53.6040124903242,60.2409638554217,40.983606557377,60.6380543770074,63.2911392405063,-1,100
0.0245,0.0245,80.5502172278024,61.0533618818904,66.6666666666667,47.1698113207547,60.6380543770074,71.4285714285714,-1,100
0.7245,0.7245,68.8210555321751,46.6051356985582,60.9756097560976,38.7596899224806,60.6380543770074,57.4712643678161,-1,100
0.7385,0.7385,67.0264815447737,48.1601390996957,56.1797752808989,37.3134328358209,60.6380543770074,57.4712643678161,-1,100
0.8325,0.8325,65.3670167931179,47.3178616471885,53.763440860215,35.7142857142857,60.6380543770074,56.1797752808989,-1,100
0.055,0.055,76.511188451021,59.0138395644887,60.9756097560976,43.4782608695652,60.6380543770074,67.5675675675676,-1,100
0.8155,0.8155,65.8648637017862,46.8056585111942,55.5555555555556,36.4963503649635,60.6380543770074,56.1797752808989,-1,100
0.3155,0.3155,74.8384674733005,52.0582174203232,64.1025641025641,41.3223140495868,60.6380543770074,63.2911392405063,-1,100
0.46,0.46,72.6963490724137,48.9560389948943,62.5,38.7596899224806,60.6380543770074,60.9756097560976,-1,100
0.874,0.874,65.0645815050028,44.2312481716695,55.5555555555556,34.7222222222222,60.6380543770074,54.9450549450549,-1,100
0.9195,0.9195,64.7423405655553,38.7883562782377,56.8181818181818,30.8641975308642,60.6380543770074,51.5463917525773,-1,100
0.5395,0.5395,71.0058033214663,49.8273394660447,60.2409638554217,39.0625,60.6380543770074,60.2409638554217,-1,100
0.0995,0.0995,80.8274276096379,55.2426322880005,69.4444444444444,43.859649122807,60.6380543770074,68.4931506849315,-1,100
0.0555,0.0555,82.698937072449,58.31209203343,72.463768115942,48.0769230769231,60.6380543770074,70.4225352112676,-1,100
0.2085,0.2085,74.7229197087449,54.5352287441006,63.2911392405063,43.1034482758621,60.6380543770074,64.9350649350649,-1,100
0.837,0.837,66.6123006818332,41.8207748761086,57.4712643678161,32.6797385620915,60.6380543770074,54.3478260869565,-1,100
0.329,0.329,70.6944122212138,54.1971766228546,56.1797752808989,39.6825396825397,60.6380543770074,62.5,-1,100
0.4645,0.4645,71.37577595279,49.4626661966925,60.9756097560976,39.0625,60.6380543770074,60.9756097560976,-1,100
0.197,0.197,77.6273266804961,53.3819636061841,68.4931506849315,44.2477876106195,60.6380543770074,65.7894736842105,-1,100
0.8495,0.8495,65.140189605897,47.4096931519963,53.1914893617021,35.4609929078014,60.6380543770074,56.1797752808989,-1,100
0.1935,0.1935,74.4269141957388,55.4681111623303,60.9756097560976,42.0168067226891,60.6380543770074,64.9350649350649,-1,100
0.192,0.192,74.966092756235,54.0478348716609,63.2911392405063,42.3728813559322,60.6380543770074,64.9350649350649,-1,100
0.363,0.363,72.3064447705103,52.6531490639995,60.9756097560976,41.3223140495868,60.6380543770074,62.5,-1,100
0.644,0.644,69.6228911716196,48.5606201093486,59.5238095238095,38.4615384615385,60.6380543770074,58.8235294117647,-1,100
0.473,0.473,70.890376773692,50.5283858234658,58.8235294117647,38.4615384615385,60.6380543770074,60.9756097560976,-1,100
0.1725,0.1725,76.0636985266781,54.9882827144202,64.9350649350649,43.859649122807,60.6380543770074,65.7894736842105,-1,100
0.673,0.673,67.9115128685945,47.3252151083837,56.8181818181818,36.231884057971,60.6380543770074,58.1395348837209,-1,100
0.2515,0.2515,73.6619545219581,53.6002261268963,61.7283950617284,41.6666666666667,60.6380543770074,64.1025641025641,-1,100
0.6435,0.6435,70.2681154962031,47.9097991746322,61.7283950617284,39.3700787401575,60.6380543770074,58.8235294117647,-1,100
0.1925,0.1925,76.9090308370956,54.5978180224503,65.7894736842105,43.4782608695652,60.6380543770074,65.7894736842105,-1,100
0.456,0.456,72.5140210020861,48.5929605017373,63.2911392405063,39.3700787401575,60.6380543770074,60.9756097560976,-1,100
0.541,0.541,69.2714362180545,50.6211933311704,56.8181818181818,38.1679389312977,60.6380543770074,60.2409638554217,-1,100
0.8395,0.8395,65.6611066960501,43.8079598429032,56.8181818181818,34.965034965035,60.6380543770074,54.9450549450549,-1,100
0.528,0.528,72.4698248670214,47.8486127458093,62.5,37.8787878787879,60.6380543770074,60.2409638554217,-1,100
0.7195,0.7195,67.6376676866398,49.1191491681212,55.5555555555556,37.037037037037,60.6380543770074,58.1395348837209,-1,100
0.582,0.582,68.303148391538,50.3415777983885,55.5555555555556,37.593984962406,60.6380543770074,59.5238095238095,-1,100
0.647,0.647,67.4941528485328,48.9756343300142,55.5555555555556,37.037037037037,60.6380543770074,58.8235294117647,-1,100
0.8265,0.8265,65.8955481842488,45.1767658111514,56.1797752808989,35.4609929078014,60.6380543770074,55.5555555555556,-1,100
0.131,0.131,77.3778183274547,55.921014261955,64.9350649350649,43.4782608695652,60.6380543770074,66.6666666666667,-1,100
0.639,0.639,69.536891601154,48.1810210086422,59.5238095238095,38.1679389312977,60.6380543770074,58.8235294117647,-1,100
0.978,0.978,60.2350524294554,46.18581902893,46.7289719626168,32.6797385620915,60.6380543770074,53.1914893617021,-1,100
0.065,0.065,78.2952857476039,58.8147662670844,64.9350649350649,45.4545454545455,60.6380543770074,68.4931506849315,-1,100
0.268,0.268,72.1459894517501,54.0064545680291,58.1395348837209,40,60.6380543770074,63.2911392405063,-1,100
0.471,0.471,72.1826823248601,49.8243660032892,61.7283950617284,39.3700787401575,60.6380543770074,60.9756097560976,-1,100
0.4075,0.4075,72.2899509872837,50.112531632445,62.5,40.3225806451613,60.6380543770074,61.7283950617284,-1,100
0.5435,0.5435,71.5405722354125,49.0405722354125,62.5,40,60.6380543770074,60.2409638554217,-1,100
0.5275,0.5275,71.3452267388833,48.527766421423,62.5,39.6825396825397,60.6380543770074,60.2409638554217,-1,100
0.6945,0.6945,66.5631826199294,51.2486749253231,51.5463917525773,36.231884057971,60.6380543770074,58.8235294117647,-1,100
0.285,0.285,75.7739650914735,51.6511580739296,65.7894736842105,41.6666666666667,60.6380543770074,64.1025641025641,-1,100
0.7295,0.7295,68.0828500443446,44.7203135403813,58.8235294117647,35.4609929078014,60.6380543770074,56.8181818181818,-1,100
0.4495,0.4495,69.1399665041616,52.3441008710867,55.5555555555556,38.7596899224806,60.6380543770074,60.9756097560976,-1,100
0.1565,0.1565,80.4331494450132,54.2656776253674,72.463768115942,46.2962962962963,60.6380543770074,67.5675675675676,-1,100
0.2355,0.2355,73.3892442211956,55.1877487469728,59.5238095238095,41.3223140495868,60.6380543770074,64.1025641025641,-1,100
0.614,0.614,71.0220764947626,47.1724693118221,61.7283950617284,37.8787878787879,60.6380543770074,58.8235294117647,-1,100
0.7775,0.7775,66.200299172404,47.2264672489318,54.9450549450549,35.9712230215827,60.6380543770074,56.8181818181818,-1,100
0.936,0.936,62.3779129150301,43.9929093101274,52.6315789473684,34.2465753424658,60.6380543770074,53.1914893617021,-1,100
0.295,0.295,76.7093474805323,51.7093474805323,66.6666666666667,41.6666666666667,60.6380543770074,64.1025641025641,-1,100
0.0805,0.0805,77.1287283608421,58.0853767309553,63.2911392405063,44.2477876106195,60.6380543770074,67.5675675675676,-1,100
0.401,0.401,72.6422199800829,51.349149906525,60.9756097560976,39.6825396825397,60.6380543770074,61.7283950617284,-1,100
0.1885,0.1885,76.0065157216689,54.931099909411,64.9350649350649,43.859649122807,60.6380543770074,65.7894736842105,-1,100
0.4165,0.4165,71.7603778930177,51.519414037596,60.2409638554217,40,60.6380543770074,61.7283950617284,-1,100
0.9695,0.9695,61.6343419198799,43.7265165380715,51.0204081632653,33.112582781457,60.6380543770074,52.6315789473684,-1,100
0.688,0.688,67.6466598726416,48.4224630168658,56.8181818181818,37.593984962406,60.6380543770074,58.1395348837209,-1,100
0.0525,0.0525,81.6617285013017,57.6718295114027,69.4444444444444,45.4545454545455,60.6380543770074,70.4225352112676,-1,100
0.908,0.908,64.314379207756,46.3341574516877,53.1914893617021,35.2112676056338,60.6380543770074,54.9450549450549,-1,100
0.177,0.177,78.7830179693918,53.8150282126697,70.4225352112676,45.4545454545455,60.6380543770074,66.6666666666667,-1,100
0.785,0.785,65.0135801108189,49.454164855355,51.0204081632653,35.4609929078014,60.6380543770074,57.4712643678161,-1,100
0.5505,0.5505,70.8693470164973,49.0899216226141,60.2409638554217,38.4615384615385,60.6380543770074,60.2409638554217,-1,100
0.477,0.477,70.0775932933977,51.0005584096768,58.1395348837209,39.0625,60.6380543770074,60.9756097560976,-1,100
0.8865,0.8865,64.0986539166936,47.4763134911617,52.0833333333333,35.4609929078014,60.6380543770074,55.5555555555556,-1,100
0.079,0.079,79.1879509993815,56.665428476859,67.5675675675676,45.045045045045,60.6380543770074,68.4931506849315,-1,100
0.6815,0.6815,70.0660168042729,45.1600017666789,62.5,37.593984962406,60.6380543770074,57.4712643678161,-1,100
0.8015,0.8015,65.7860508130008,47.6701087840153,54.3478260869565,36.231884057971,60.6380543770074,56.8181818181818,-1,100
0.1435,0.1435,79.3967831056978,53.8119877840603,69.4444444444444,43.859649122807,60.6380543770074,67.5675675675676,-1,100
0.307,0.307,72.7564958121212,53.8378460062863,60.2409638554217,41.3223140495868,60.6380543770074,63.2911392405063,-1,100
0.21,0.21,74.7748464454344,54.5871554807901,63.2911392405063,43.1034482758621,60.6380543770074,64.9350649350649,-1,100
0.878,0.878,65.0455251327166,45.4611925987438,55.5555555555556,35.9712230215827,60.6380543770074,54.9450549450549,-1,100
0.0575,0.0575,78.459607822285,57.7723304978396,64.9350649350649,44.2477876106195,60.6380543770074,68.4931506849315,-1,100
0.802,0.802,67.8788587201081,43.3019046508091,58.8235294117647,34.2465753424657,60.6380543770074,55.5555555555556,-1,100
0.908,0.908,64.2469617771142,42.1572002062867,54.3478260869565,32.258064516129,60.6380543770074,53.1914893617021,-1,100
0.304,0.304,72.7413761717585,53.1508188204019,60.2409638554217,40.650406504065,60.6380543770074,63.2911392405063,-1,100
0.851,0.851,66.6648508654658,42.3090997655287,58.1395348837209,33.7837837837838,60.6380543770074,54.3478260869565,-1,100
0.396,0.396,71.1779734581271,52.3045704383826,59.5238095238095,40.650406504065,60.6380543770074,61.7283950617284,-1,100
0.8405,0.8405,65.5706234243724,43.9637092118244,56.8181818181818,35.2112676056338,60.6380543770074,54.9450549450549,-1,100
0.696,0.696,69.4474158964966,45.508843177436,60.9756097560976,37.037037037037,60.6380543770074,57.4712643678161,-1,100
0.3515,0.3515,72.9994941033948,51.2710990416664,61.7283950617284,40,60.6380543770074,62.5,-1,100
0.244,0.244,76.3317391475419,52.7685207567373,66.6666666666667,43.1034482758621,60.6380543770074,64.9350649350649,-1,100
0.725,0.725,69.1237501637838,43.8478212733971,60.2409638554217,34.965034965035,60.6380543770074,56.8181818181818,-1,100
0.273,0.273,75.2448425337068,52.6826589545741,64.9350649350649,42.3728813559322,60.6380543770074,64.1025641025641,-1,100
0.2965,0.2965,75.9283869495791,50.6758616970538,64.9350649350649,39.6825396825397,60.6380543770074,64.1025641025641,-1,100
0.9695,0.9695,61.1216714758486,41.6265617745533,51.5463917525773,32.0512820512821,60.6380543770074,51.5463917525773,-1,100
0.198,0.198,72.3546657141667,55.8590645411462,56.8181818181818,40.3225806451613,60.6380543770074,64.1025641025641,-1,100
0.2105,0.2105,72.6170736850564,55.1158583228785,58.8235294117647,41.3223140495868,60.6380543770074,64.1025641025641,-1,100
0.1485,0.1485,78.2545633302554,54.9347833733073,67.5675675675676,44.2477876106195,60.6380543770074,66.6666666666667,-1,100
0.044,0.044,80.8579288598265,59.5345894956497,68.4931506849315,47.1698113207547,60.6380543770074,70.4225352112676,-1,100
0.7035,0.7035,68.7401313964479,46.2260601018888,60.9756097560976,38.4615384615385,60.6380543770074,57.4712643678161,-1,100
0.411,0.411,71.2816063956894,51.7577968718799,59.5238095238095,40,60.6380543770074,61.7283950617284,-1,100
0.6795,0.6795,69.1505133890929,46.9822015269547,58.1395348837209,35.9712230215827,60.6380543770074,58.1395348837209,-1,100
0.415,0.415,72.2315975432949,50.938527469737,60.9756097560976,39.6825396825397,60.6380543770074,61.7283950617284,-1,100
0.666,0.666,67.5168430502914,50.2060540003719,54.3478260869565,37.037037037037,60.6380543770074,58.8235294117647,-1,100
0.5155,0.5155,74.1085300341053,46.4869952811925,65.7894736842105,38.1679389312977,60.6380543770074,60.2409638554217,-1,100
0.6785,0.6785,68.4342532185607,50.0776098619173,56.8181818181818,38.4615384615385,60.6380543770074,58.8235294117647,-1,100
0.3285,0.3285,75.5245288680154,51.5929049363915,66.6666666666667,42.7350427350427,60.6380543770074,63.2911392405063,-1,100
0.8545,0.8545,64.2736158678211,46.2244607218917,53.763440860215,35.7142857142857,60.6380543770074,55.5555555555556,-1,100
0.7405,0.7405,67.2826812089221,45.4295343557752,56.8181818181818,34.965034965035,60.6380543770074,56.8181818181818,-1,100
0.8695,0.8695,65.6678985557291,42.6793928086026,57.4712643678161,34.4827586206897,60.6380543770074,53.763440860215,-1,100
0.2925,0.2925,73.1336781807777,52.8084749287452,60.9756097560976,40.650406504065,60.6380543770074,63.2911392405063,-1,100
0.1455,0.1455,77.3327255837187,54.9138465276715,66.6666666666667,44.2477876106195,60.6380543770074,66.6666666666667,-1,100
0.259,0.259,70.8556676456345,55.5931523831192,54.9450549450549,39.6825396825397,60.6380543770074,63.2911392405063,-1,100
0.6495,0.6495,69.020206693445,46.3732278004294,60.2409638554217,37.593984962406,60.6380543770074,58.1395348837209,-1,100
0.741,0.741,66.500289834681,47.7094401614784,55.5555555555556,36.7647058823529,60.6380543770074,57.4712643678161,-1,100
0.283,0.283,75.8740282473059,52.4574359190276,65.7894736842105,42.3728813559322,60.6380543770074,64.1025641025641,-1,100
0.7895,0.7895,66.0897297908769,47.2233873457989,56.1797752808989,37.3134328358209,60.6380543770074,56.8181818181818,-1,100
0.8225,0.8225,66.382224190358,44.6252455368276,57.4712643678161,35.7142857142857,60.6380543770074,55.5555555555556,-1,100
0.1,0.1,74.1083578697656,57.9594075515363,57.4712643678161,41.3223140495868,60.6380543770074,65.7894736842105,-1,100
0.665,0.665,68.4355312028641,47.6094291549641,58.1395348837209,37.3134328358209,60.6380543770074,58.1395348837209,-1,100
0.1735,0.1735,73.2450335676085,56.4278127334743,58.1395348837209,41.3223140495868,60.6380543770074,64.9350649350649,-1,100
0.326,0.326,75.3731594331811,50.3731594331812,66.6666666666667,41.6666666666667,60.6380543770074,63.2911392405063,-1,100
0.6055,0.6055,68.4386760931244,48.9339271107635,56.8181818181818,37.3134328358209,60.6380543770074,58.8235294117647,-1,100
0.432,0.432,72.4915028554896,51.5158930993921,60.9756097560976,40,60.6380543770074,61.7283950617284,-1,100
0.9065,0.9065,63.7942982047785,44.7530795667857,53.763440860215,34.7222222222222,60.6380543770074,54.3478260869565,-1,100
0.949,0.949,62.0884852590218,45.1404817338371,50.5050505050505,33.5570469798658,60.6380543770074,53.763440860215,-1,100
0.261,0.261,74.3494943736915,53.8663010963806,62.5,42.0168067226891,60.6380543770074,64.1025641025641,-1,100
0.842,0.842,66.7477301258056,42.6849135097975,59.5238095238095,35.4609929078014,60.6380543770074,54.3478260869565,-1,100
0.483,0.483,72.1632138671878,49.19450872794,61.7283950617284,38.7596899224806,60.6380543770074,60.9756097560976,-1,100
0.74,0.74,67.0241952496496,47.8814570057877,56.1797752808989,37.037037037037,60.6380543770074,57.4712643678161,-1,100
0.2465,0.2465,74.450690582851,53.9674973055401,62.5,42.0168067226891,60.6380543770074,64.1025641025641,-1,100
0.03,0.03,78.2076186097433,60.3710248237825,63.2911392405063,45.4545454545455,60.6380543770074,69.4444444444444,-1,100
0.178,0.178,76.892421948147,54.5812091335017,65.7894736842105,43.4782608695652,60.6380543770074,65.7894736842105,-1,100
0.4155,0.4155,73.1828728761948,49.261812375846,63.2911392405063,39.3700787401575,60.6380543770074,61.7283950617284,-1,100
0.2935,0.2935,74.76953130164,51.6505737564529,64.1025641025641,40.983606557377,60.6380543770074,63.2911392405063,-1,100
0.2245,0.2245,76.3321224626692,53.063724194271,64.9350649350649,41.6666666666667,60.6380543770074,64.9350649350649,-1,100
0.071,0.071,76.9799146731688,58.3316325755196,63.2911392405063,44.6428571428571,60.6380543770074,67.5675675675676,-1,100
0.0415,0.0415,77.1227612451219,59.2540153062005,61.7283950617284,43.859649122807,60.6380543770074,68.4931506849315,-1,100
0.487,0.487,71.5911933144531,50.8270737131242,59.5238095238095,38.7596899224806,60.6380543770074,60.9756097560976,-1,100
0.609,0.609,70.7302961840674,45.7666070046919,61.7283950617284,36.7647058823529,60.6380543770074,58.8235294117647,-1,100
0.84,0.84,65.5589081721496,47.3785591094476,54.9450549450549,36.7647058823529,60.6380543770074,56.1797752808989,-1,100
0.6955,0.6955,69.8025955505055,42.6107695781917,60.9756097560976,33.7837837837838,60.6380543770074,56.8181818181818,-1,100
0.3155,0.3155,74.4896927792899,51.0375351807908,64.1025641025641,40.650406504065,60.6380543770074,63.2911392405063,-1,100
0.8505,0.8505,64.5386882004793,45.986514945898,53.763440860215,35.2112676056338,60.6380543770074,55.5555555555556,-1,100
0.521,0.521,70.9840446433828,48.176373818583,60.9756097560976,38.1679389312977,60.6380543770074,60.2409638554217,-1,100
0.1815,0.1815,76.0031873495093,54.9277715372514,64.9350649350649,43.859649122807,60.6380543770074,65.7894736842105,-1,100
0.6395,0.6395,67.9661796144449,49.380389295952,56.1797752808989,37.593984962406,60.6380543770074,58.8235294117647,-1,100
0.8565,0.8565,66.8309578870397,41.0909321470139,59.5238095238095,33.7837837837838,60.6380543770074,53.763440860215,-1,100
0.3305,0.3305,74.6792774917606,50.8992940343578,64.1025641025641,40.3225806451613,60.6380543770074,63.2911392405063,-1,100
0.5685,0.5685,74.3760732605024,44.9764446242325,67.5675675675676,38.1679389312977,60.6380543770074,59.5238095238095,-1,100
0.2995,0.2995,73.2345910832906,52.4012577499572,62.5,41.6666666666667,60.6380543770074,63.2911392405063,-1,100
0.3075,0.3075,78.8407980772978,48.3938366840448,72.463768115942,42.0168067226891,60.6380543770074,64.1025641025641,-1,100
0.473,0.473,72.0874016875986,50.0415463084098,61.7283950617284,39.6825396825397,60.6380543770074,60.9756097560976,-1,100
0.301,0.301,72.7053931585187,53.7867433526838,60.2409638554217,41.3223140495868,60.6380543770074,63.2911392405063,-1,100
0.9105,0.9105,63.7490040401907,44.8040900209543,53.1914893617021,34.2465753424657,60.6380543770074,54.3478260869565,-1,100
0.242,0.242,76.2756622788213,53.0872564817199,66.6666666666667,43.4782608695652,60.6380543770074,64.9350649350649,-1,100
0.056,0.056,77.2939620977994,58.6459434497808,64.1025641025641,45.4545454545455,60.6380543770074,68.4931506849315,-1,100
0.4185,0.4185,72.4977513811654,50.6481578852304,62.5,40.650406504065,60.6380543770074,61.7283950617284,-1,100
0.775,0.775,68.2700773645921,44.3315046455316,60.9756097560976,37.037037037037,60.6380543770074,56.1797752808989,-1,100
0.827,0.827,66.2312100004499,44.3235591747,58.1395348837209,36.231884057971,60.6380543770074,54.9450549450549,-1,100
0.517,0.517,71.6153731439374,49.1153731439374,62.5,40,60.6380543770074,60.2409638554217,-1,100
0.7075,0.7075,67.6150396675622,48.2913681699777,55.5555555555556,36.231884057971,60.6380543770074,58.1395348837209,-1,100
0.5845,0.5845,71.2634230322799,47.7029669018492,61.7283950617284,38.1679389312977,60.6380543770074,59.5238095238095,-1,100
0.1945,0.1945,77.6378345452338,53.3924714709218,68.4931506849315,44.2477876106195,60.6380543770074,65.7894736842105,-1,100
0.273,0.273,75.3203443351556,52.7581607560229,64.9350649350649,42.3728813559322,60.6380543770074,64.1025641025641,-1,100
0.2835,0.2835,71.7460506937203,54.2747863259042,57.4712643678161,40,60.6380543770074,63.2911392405063,-1,100
0.703,0.703,69.6307871623288,45.4963770630064,61.7283950617284,37.593984962406,60.6380543770074,57.4712643678161,-1,100
0.898,0.898,63.3863439005302,47.6329192429959,50,34.2465753424657,60.6380543770074,55.5555555555556,-1,100
0.1465,0.1465,79.5568977618846,55.1574983624852,69.4444444444444,45.045045045045,60.6380543770074,67.5675675675676,-1,100
0.3335,0.3335,72.8817654312659,52.3233412583839,60.2409638554217,39.6825396825397,60.6380543770074,62.5,-1,100
0.72,0.72,67.2850477261135,46.9407597761918,55.5555555555556,35.2112676056338,60.6380543770074,57.4712643678161,-1,100
0.495,0.495,71.8513899061207,49.805534526932,61.7283950617284,39.6825396825397,60.6380543770074,60.9756097560976,-1,100
0.7305,0.7305,67.0792822926442,47.1313910697164,56.1797752808989,36.231884057971,60.6380543770074,57.4712643678161,-1,100
0.647,0.647,69.9102771467396,46.4340191736709,60.2409638554217,36.7647058823529,60.6380543770074,58.1395348837209,-1,100
0.195,0.195,82.7168542836765,50.8388224056446,76.9230769230769,45.045045045045,60.6380543770074,67.5675675675676,-1,100
0.6795,0.6795,67.3430278806177,50.5891867560672,54.3478260869565,37.593984962406,60.6380543770074,58.8235294117647,-1,100
0.4605,0.4605,71.9603711012918,49.2944760395634,61.7283950617284,39.0625,60.6380543770074,60.9756097560976,-1,100
0.5465,0.5465,68.7211461228155,51.0029093034551,56.1797752808989,38.4615384615385,60.6380543770074,60.2409638554217,-1,100
0.1585,0.1585,78.144520970868,55.2198105461576,67.5675675675676,44.6428571428571,60.6380543770074,66.6666666666667,-1,100
0.7265,0.7265,68.1911749971002,46.5479904783428,58.1395348837209,36.4963503649635,60.6380543770074,57.4712643678161,-1,100
0.176,0.176,76.2023231812027,54.745519115703,64.9350649350649,43.4782608695652,60.6380543770074,65.7894736842105,-1,100
0.626,0.626,70.1485531450132,47.5015742519976,60.2409638554217,37.593984962406,60.6380543770074,58.8235294117647,-1,100
0.729,0.729,66.8881800190973,47.7454417752354,56.1797752808989,37.037037037037,60.6380543770074,57.4712643678161,-1,100
0.3655,0.3655,72.0353483417987,52.3820526352879,60.9756097560976,41.3223140495868,60.6380543770074,62.5,-1,100
0.913,0.913,63.9056292493955,42.9371215741304,56.1797752808989,35.2112676056338,60.6380543770074,53.1914893617021,-1,100
0.1975,0.1975,74.9766905947675,54.4205940893039,63.2911392405063,42.7350427350427,60.6380543770074,64.9350649350649,-1,100
0.5735,0.5735,69.4265563017809,50.0467113405406,58.1395348837209,38.7596899224806,60.6380543770074,59.5238095238095,-1,100
0.2695,0.2695,75.9864750968462,52.2138081353248,65.7894736842105,42.0168067226891,60.6380543770074,64.1025641025641,-1,100
0.413,0.413,74.544223564289,47.8172498800785,65.7894736842105,39.0625,60.6380543770074,61.7283950617284,-1,100
0.376,0.376,72.0904682431248,52.0984650444043,60.9756097560976,40.983606557377,60.6380543770074,62.5,-1,100
0.068,0.068,78.3518524732952,58.4618325832753,64.9350649350649,45.045045045045,60.6380543770074,68.4931506849315,-1,100
0.124,0.124,76.5757934814741,56.7210169895295,64.1025641025641,44.2477876106195,60.6380543770074,66.6666666666667,-1,100
0.9215,0.9215,63.3649585645276,44.4781253853725,54.3478260869565,35.4609929078014,60.6380543770074,53.763440860215,-1,100
0.709,0.709,68.1627044206923,46.6526078447485,58.8235294117647,37.3134328358209,60.6380543770074,57.4712643678161,-1,100
0.8765,0.8765,64.51181604226,45.1041104643417,53.1914893617021,33.7837837837838,60.6380543770074,54.9450549450549,-1,100
0.441,0.441,72.8924354287415,49.6012961882352,63.2911392405063,40,60.6380543770074,61.7283950617284,-1,100
0.3125,0.3125,74.2320645057428,52.2632393148232,63.2911392405063,41.3223140495868,60.6380543770074,63.2911392405063,-1,100
0.9665,0.9665,61.5145745162008,39.2492581332374,54.9450549450549,32.6797385620915,60.6380543770074,50,-1,100
0.433,0.433,73.6886459368379,49.2686215168135,64.1025641025641,39.6825396825397,60.6380543770074,61.7283950617284,-1,100
0.154,0.154,73.3578095475973,56.2018812212534,58.1395348837209,40.983606557377,60.6380543770074,64.9350649350649,-1,100
0.682,0.682,68.5350661364706,47.9487683762598,56.8181818181818,36.231884057971,60.6380543770074,58.1395348837209,-1,100
0.339,0.339,70.8678646001267,54.0581680593853,56.1797752808989,39.3700787401575,60.6380543770074,62.5,-1,100
0.3805,0.3805,74.4068384547278,50.7940875692497,64.9350649350649,41.3223140495868,60.6380543770074,62.5,-1,100
0.054,0.054,75.8790183229416,59.1163153370851,60.2409638554217,43.4782608695652,60.6380543770074,67.5675675675676,-1,100
0.288,0.288,75.8648745993374,51.3977149647136,65.7894736842105,41.3223140495868,60.6380543770074,64.1025641025641,-1,100
0.905,0.905,63.4033663953799,44.7853928901884,52.6315789473684,34.0136054421769,60.6380543770074,54.3478260869565,-1,100
0.4285,0.4285,73.0477320162811,50.4069992798398,63.2911392405063,40.650406504065,60.6380543770074,61.7283950617284,-1,100
0.3825,0.3825,74.412480085436,50.8038805274694,63.2911392405063,39.6825396825397,60.6380543770074,62.5,-1,100
0.961,0.961,61.9664010178344,44.5030398344349,51.0204081632653,33.5570469798658,60.6380543770074,53.1914893617021,-1,100
0.396,0.396,70.0813607343201,52.945718598678,56.8181818181818,39.6825396825397,60.6380543770074,61.7283950617284,-1,100
0.286,0.286,76.5267113688837,51.8932098067592,68.4931506849315,43.859649122807,60.6380543770074,64.1025641025641,-1,100
0.588,0.588,70.8546203375122,46.4396581116047,61.7283950617284,37.3134328358209,60.6380543770074,58.8235294117647,-1,100
0.0925,0.0925,75.5741275388606,57.7019660586251,60.9756097560976,43.1034482758621,60.6380543770074,66.6666666666667,-1,100
0.5095,0.5095,71.5945162218548,48.4645949620122,62.5,39.3700787401575,60.6380543770074,60.2409638554217,-1,100
0.657,0.657,67.4950370766938,50.4606438255582,54.3478260869565,37.3134328358209,60.6380543770074,58.8235294117647,-1,100
0.307,0.307,73.2806990632617,52.6276699523255,60.9756097560976,40.3225806451613,60.6380543770074,63.2911392405063,-1,100
0.2665,0.2665,75.6101940497662,52.9241686414178,65.7894736842105,43.1034482758621,60.6380543770074,64.1025641025641,-1,100
0.876,0.876,65.7733352426895,42.3156763170503,57.4712643678161,34.0136054421769,60.6380543770074,53.763440860215,-1,100
0.4665,0.4665,70.9788718592197,50.9150323699356,58.8235294117647,38.7596899224806,60.6380543770074,60.9756097560976,-1,100
0.323,0.323,71.8825947855842,52.7416050563592,58.8235294117647,39.6825396825397,60.6380543770074,62.5,-1,100
0.7445,0.7445,67.4663687206332,45.3704091246736,56.8181818181818,34.7222222222222,60.6380543770074,56.8181818181818,-1,100
0.527,0.527,69.7821395160418,50.4788140795234,57.4712643678161,38.1679389312977,60.6380543770074,60.2409638554217,-1,100
0.8095,0.8095,65.8048970124679,46.7456918218758,55.5555555555556,36.4963503649635,60.6380543770074,56.1797752808989,-1,100
