"p","p_no_mc","upper","lower","upper_no_mc","lower_no_mc","truemu","obsD","l","size"
0.479,0.479,44.4035,35.4035,42,33,39.93638,40,1,316
0.0285,0.0285,48.1375,39.1375,46,37,39.93638,44,1,316
0.5315,0.5315,44.696,35.696,43,34,39.93638,40,1,316
0.3915,0.3915,45.73,36.73,44,35,39.93638,41,1,316
0.7935,0.7935,43.077,31.077,43,31,39.93638,37,1,316
0.7995,0.7995,42.6345,33.6345,42,33,39.93638,38,1,316
0.6255,0.6255,43.2595,34.2595,41,32,39.93638,39,1,316
0.9645,0.9645,40.5675,33.5675,38,31,39.93638,37,1,316
0.855,0.855,41.9935,31.9935,41,31,39.93638,37,1,316
0.3705,0.3705,45.6625,35.6625,44,34,39.93638,41,1,316
0.338,0.338,45.6245,36.6245,43,34,39.93638,41,1,316
0.38,0.38,44.8485,36.8485,42,34,39.93638,41,1,316
0.0185,0.0185,49.448,40.448,45,36,39.93638,45,1,316
0.877,0.877,41.729,33.729,39,31,39.93638,38,1,316
0.2935,0.2935,47.925,36.925,46,35,39.93638,42,1,316
0.741,0.741,45.5665,31.5665,45,31,39.93638,38,1,316
0.5245,0.5245,45.5395,35.5395,45,35,39.93638,40,1,316
0.685,0.685,44.892,33.892,44,33,39.93638,39,1,316
0.1105,0.1105,47.6705,38.6705,45,36,39.93638,43,1,316
0.4655,0.4655,45.238,35.238,44,34,39.93638,40,1,316
0.6995,0.6995,42.5665,34.5665,40,32,39.93638,39,1,316
0.9895,0.9895,39.3605,32.3605,38,31,39.93638,36,1,316
0.1935,0.1935,48.7725,36.7725,47,35,39.93638,43,1,316
0.9785,0.9785,39.88,31.88,39,31,39.93638,36,1,316
0.727,0.727,42.7675,34.7675,40,32,39.93638,39,1,316
0.9905,0.9905,39.446,32.446,38,31,39.93638,36,1,316
0.6125,0.6125,44.208,34.208,43,33,39.93638,39,1,316
0.623,0.623,43.143,35.143,41,33,39.93638,39,1,316
0.4535,0.4535,44.259,36.259,42,34,39.93638,40,1,316
0.2075,0.2075,45.7455,37.7455,43,35,39.93638,42,1,316
0.8855,0.8855,41.5675,34.5675,39,32,39.93638,38,1,316
5e-04,5e-04,55.558,44.558,53,42,39.93638,50,1,316
0.191,0.191,48.045,37.045,47,36,39.93638,42,1,316
0.7785,0.7785,42.5595,33.5595,41,32,39.93638,38,1,316
0.1385,0.1385,49.236,37.236,48,36,39.93638,43,1,316
0.135,0.135,47.783,37.783,46,36,39.93638,43,1,316
0.7475,0.7475,42.84,34.84,40,32,39.93638,39,1,316
0.3995,0.3995,44.004,36.004,41,33,39.93638,40,1,316
0.9805,0.9805,39.5635,31.5635,38,30,39.93638,36,1,316
0.077,0.077,47.24,38.24,45,36,39.93638,43,1,316
0.8785,0.8785,41.436,34.436,39,32,39.93638,38,1,316
0.348,0.348,47.251,35.251,46,34,39.93638,41,1,316
1,1,38.685,32.685,37,31,39.93638,36,1,316
0.854,0.854,41.6115,33.6115,39,31,39.93638,38,1,316
0.861,0.861,41.726,33.726,40,32,39.93638,38,1,316
0.1455,0.1455,50.097,36.097,49,35,39.93638,43,1,316
0.1405,0.1405,46.9965,36.9965,45,35,39.93638,42,1,316
0.118,0.118,46.8805,38.8805,44,36,39.93638,43,1,316
0.582,0.582,43.989,33.989,42,32,39.93638,39,1,316
0.7275,0.7275,42.781,34.781,41,33,39.93638,39,1,316
0.538,0.538,44.7575,34.7575,45,35,39.93638,40,1,316
0.5255,0.5255,44.62,35.62,43,34,39.93638,40,1,316
1,1,38.7035,31.7035,37,30,39.93638,35,1,316
0.7645,0.7645,42.9185,34.9185,41,33,39.93638,39,1,316
0.5445,0.5445,43.7425,35.7425,42,34,39.93638,40,1,316
0.1835,0.1835,49.443,36.443,48,35,39.93638,43,1,316
0.808,0.808,43.062,31.062,44,32,39.93638,37,1,316
0.2555,0.2555,44.3035,37.3035,41,34,39.93638,41,1,316
0.5795,0.5795,42.95,34.95,41,33,39.93638,39,1,316
0.735,0.735,43.9225,34.9225,42,33,39.93638,39,1,316
0.6755,0.6755,44.869,32.869,45,33,39.93638,39,1,316
0.5715,0.5715,42.962,34.962,41,33,39.93638,39,1,316
0.497,0.497,43.4895,36.4895,41,34,39.93638,40,1,316
0.874,0.874,41.193,32.193,39,30,39.93638,37,1,316
0.434,0.434,44.182,35.182,43,34,39.93638,40,1,316
0.0975,0.0975,46.7345,38.7345,44,36,39.93638,43,1,316
0.1775,0.1775,46.4375,37.4375,43,34,39.93638,42,1,316
0.367,0.367,45.718,36.718,43,34,39.93638,41,1,316
0.0195,0.0195,48.0005,40.0005,45,37,39.93638,44,1,316
0.477,0.477,46.3225,34.3225,47,35,39.93638,40,1,316
0.71,0.71,43.728,34.728,43,34,39.93638,39,1,316
0.9815,0.9815,39.5925,31.5925,38,30,39.93638,36,1,316
0.071,0.071,47.1265,38.1265,45,36,39.93638,43,1,316
0.875,0.875,41.8115,33.8115,39,31,39.93638,38,1,316
0.322,0.322,46.356,36.356,44,34,39.93638,41,1,316
0.516,0.516,44.62,35.62,43,34,39.93638,40,1,316
0.476,0.476,43.489,36.489,41,34,39.93638,40,1,316
0.996,0.996,39.5495,32.5495,37,30,39.93638,36,1,316
0.754,0.754,42.735,35.735,40,33,39.93638,39,1,316
0.7185,0.7185,42.719,34.719,40,32,39.93638,39,1,316
0.968,0.968,40.839,31.839,40,31,39.93638,36,1,316
0.145,0.145,47.112,37.112,45,35,39.93638,42,1,316
0.915,0.915,41.797,32.797,41,32,39.93638,37,1,316
0.4685,0.4685,43.4145,36.4145,40,33,39.93638,40,1,316
0.9155,0.9155,40.0425,33.0425,38,31,39.93638,37,1,316
0.4715,0.4715,44.3495,35.3495,42,33,39.93638,40,1,316
0.775,0.775,42.316,33.316,41,32,39.93638,38,1,316
0.981,0.981,39.841,31.841,39,31,39.93638,36,1,316
0.4485,0.4485,45.1395,35.1395,44,34,39.93638,40,1,316
0.246,0.246,46.8975,37.8975,45,36,39.93638,42,1,316
0.4455,0.4455,44.1425,35.1425,42,33,39.93638,40,1,316
1,1,36.4355,29.4355,35,28,39.93638,33,1,316
0.812,0.812,42.387,34.387,40,32,39.93638,38,1,316
0.513,0.513,42.614,36.614,40,34,39.93638,40,1,316
0.26,0.26,44.9715,36.9715,41,33,39.93638,41,1,316
0.64,0.64,43.236,35.236,41,33,39.93638,39,1,316
0.7295,0.7295,42.787,34.787,41,33,39.93638,39,1,316
0.2605,0.2605,47.6405,36.6405,47,36,39.93638,42,1,316
0.4185,0.4185,44.101,36.101,42,34,39.93638,40,1,316
0.32,0.32,48.9085,35.9085,49,36,39.93638,42,1,316
0.18,0.18,46.9715,36.9715,45,35,39.93638,42,1,316
0.0705,0.0705,50.081,38.081,49,37,39.93638,44,1,316
0.188,0.188,49.5535,36.5535,50,37,39.93638,43,1,316
0.806,0.806,42.734,32.734,42,32,39.93638,38,1,316
0.212,0.212,48.1335,36.1335,47,35,39.93638,42,1,316
0.721,0.721,42.602,35.602,40,33,39.93638,39,1,316
0.418,0.418,43.1675,36.1675,40,33,39.93638,40,1,316
0.154,0.154,48.762,37.762,47,36,39.93638,43,1,316
0.2155,0.2155,47.2425,37.2425,46,36,39.93638,42,1,316
0.71,0.71,43.838,33.838,42,32,39.93638,39,1,316
0.604,0.604,43.004,35.004,41,33,39.93638,39,1,316
0.933,0.933,40.5605,32.5605,38,30,39.93638,37,1,316
0.585,0.585,43.0205,34.0205,41,32,39.93638,39,1,316
0.516,0.516,44.7145,34.7145,43,33,39.93638,40,1,316
0.8625,0.8625,41.589,33.589,39,31,39.93638,38,1,316
0.514,0.514,43.573,35.573,41,33,39.93638,40,1,316
0.524,0.524,43.6725,36.6725,41,34,39.93638,40,1,316
0.394,0.394,45.8385,35.8385,43,33,39.93638,41,1,316
0.3705,0.3705,45.7695,35.7695,44,34,39.93638,41,1,316
0.658,0.658,45.733,32.733,46,33,39.93638,39,1,316
0.2815,0.2815,45.2955,36.2955,43,34,39.93638,41,1,316
0.746,0.746,43.3335,32.3335,42,31,39.93638,38,1,316
0.7645,0.7645,42.791,35.791,41,34,39.93638,39,1,316
0.3785,0.3785,44.8755,36.8755,43,35,39.93638,41,1,316
0.547,0.547,45.823,33.823,45,33,39.93638,40,1,316
0.4595,0.4595,44.334,35.334,42,33,39.93638,40,1,316
0.2175,0.2175,46.51,37.51,44,35,39.93638,42,1,316
0.3775,0.3775,45.647,35.647,44,34,39.93638,41,1,316
0.5325,0.5325,46.7135,33.7135,47,34,39.93638,40,1,316
0.5595,0.5595,44.844,34.844,43,33,39.93638,40,1,316
0.882,0.882,41.259,32.259,40,31,39.93638,37,1,316
0.989,0.989,39.502,32.502,37,30,39.93638,36,1,316
0.7425,0.7425,42.0005,34.0005,40,32,39.93638,38,1,316
0.2285,0.2285,48.2205,36.2205,47,35,39.93638,42,1,316
0.2105,0.2105,49.817,36.817,50,37,39.93638,43,1,316
0.7345,0.7345,42.5695,35.5695,40,33,39.93638,39,1,316
0.3775,0.3775,45.7775,36.7775,43,34,39.93638,41,1,316
0.3605,0.3605,44.787,36.787,42,34,39.93638,41,1,316
0.18,0.18,48.719,37.719,49,38,39.93638,43,1,316
0.1985,0.1985,47.224,37.224,46,36,39.93638,42,1,316
0.5805,0.5805,44.9305,35.9305,43,34,39.93638,40,1,316
0.252,0.252,44.993,36.993,42,34,39.93638,41,1,316
0.2985,0.2985,45.209,36.209,43,34,39.93638,41,1,316
0.022,0.022,49.808,40.808,46,37,39.93638,45,1,316
0.984,0.984,39.7685,31.7685,39,31,39.93638,36,1,316
0.906,0.906,41.2595,33.2595,41,33,39.93638,37,1,316
0.1925,0.1925,46.5245,37.5245,43,34,39.93638,42,1,316
0.229,0.229,48.286,36.286,47,35,39.93638,42,1,316
0.4015,0.4015,45.856,35.856,44,34,39.93638,41,1,316
0.313,0.313,45.4855,36.4855,42,33,39.93638,41,1,316
0.7495,0.7495,42.155,33.155,42,33,39.93638,38,1,316
0.239,0.239,46.7435,36.7435,44,34,39.93638,42,1,316
0.551,0.551,45.9115,34.9115,46,35,39.93638,40,1,316
0.6245,0.6245,45.351,33.351,46,34,39.93638,39,1,316
0.0415,0.0415,49.2585,39.2585,46,36,39.93638,44,1,316
0.7295,0.7295,42.787,34.787,40,32,39.93638,39,1,316
0.841,0.841,42.8125,33.8125,42,33,39.93638,38,1,316
0.3115,0.3115,46.9635,34.9635,47,35,39.93638,41,1,316
0.263,0.263,47.754,36.754,46,35,39.93638,42,1,316
0.2955,0.2955,46.06,36.06,45,35,39.93638,41,1,316
0.634,0.634,43.2135,35.2135,40,32,39.93638,39,1,316
0.522,0.522,44.6595,35.6595,42,33,39.93638,40,1,316
0.1565,0.1565,46.331,38.331,43,35,39.93638,42,1,316
0.16,0.16,47.1615,37.1615,45,35,39.93638,42,1,316
0.481,0.481,45.2895,34.2895,44,33,39.93638,40,1,316
0.05,0.05,48.5735,39.5735,45,36,39.93638,44,1,316
0.1605,0.1605,45.542,38.542,43,36,39.93638,42,1,316
0.9035,0.9035,41.288,33.288,39,31,39.93638,37,1,316
0.2555,0.2555,44.266,37.266,41,34,39.93638,41,1,316
0.331,0.331,45.4435,36.4435,43,34,39.93638,41,1,316
0.0115,0.0115,50.7025,40.7025,48,38,39.93638,46,1,316
0.785,0.785,42.1815,33.1815,41,32,39.93638,38,1,316
0.5635,0.5635,43.815,35.815,41,33,39.93638,40,1,316
0.3545,0.3545,46.452,35.452,45,34,39.93638,41,1,316
0.063,0.063,48.0505,38.0505,46,36,39.93638,43,1,316
0.9925,0.9925,39.4455,32.4455,37,30,39.93638,36,1,316
0.392,0.392,45.904,35.904,42,32,39.93638,41,1,316
0.6665,0.6665,44.8025,32.8025,44,32,39.93638,39,1,316
0.1825,0.1825,46.434,37.434,44,35,39.93638,42,1,316
0.3035,0.3035,45.2745,36.2745,43,34,39.93638,41,1,316
0.182,0.182,47.9085,37.9085,46,36,39.93638,43,1,316
0.766,0.766,42.078,34.078,40,32,39.93638,38,1,316
0.1505,0.1505,48.482,37.482,46,35,39.93638,43,1,316
0.48,0.48,44.349,35.349,43,34,39.93638,40,1,316
0.308,0.308,45.2545,36.2545,43,34,39.93638,41,1,316
0.9135,0.9135,40.9415,30.9415,40,30,39.93638,36,1,316
0.0395,0.0395,49.041,39.041,47,37,39.93638,44,1,316
0.0035,0.0035,51.5605,42.5605,48,39,39.93638,47,1,316
0.27,0.27,45.241,37.241,43,35,39.93638,41,1,316
0.5235,0.5235,43.632,35.632,42,34,39.93638,40,1,316
0.828,0.828,42.5165,34.5165,40,32,39.93638,38,1,316
0.198,0.198,45.744,37.744,43,35,39.93638,42,1,316
0.9095,0.9095,41.838,31.838,41,31,39.93638,37,1,316
0.4985,0.4985,44.6105,35.6105,42,33,39.93638,40,1,316
0.282,0.282,45.0935,36.0935,43,34,39.93638,41,1,316
0.785,0.785,42.3965,33.3965,41,32,39.93638,38,1,316
0.0245,0.0245,50.077,40.077,47,37,39.93638,45,1,316
0.0065,0.0065,52.738,41.738,49,38,39.93638,47,1,316
0.2915,0.2915,48.6935,35.6935,49,36,39.93638,42,1,316
0.8585,0.8585,41.633,33.633,40,32,39.93638,38,1,316
0.6225,0.6225,43.1345,35.1345,42,34,39.93638,39,1,316
0.9775,0.9775,39.7655,33.7655,38,32,39.93638,37,1,316
0.498,0.498,43.5485,36.5485,41,34,39.93638,40,1,316
0.1705,0.1705,45.615,37.615,43,35,39.93638,42,1,316
0.336,0.336,45.473,36.473,43,34,39.93638,41,1,316
0.0195,0.0195,49.611,40.611,46,37,39.93638,45,1,316
0.408,0.408,45.8385,35.8385,44,34,39.93638,41,1,316
0.043,0.043,51.227,39.227,49,37,39.93638,45,1,316
0.816,0.816,43.1655,31.1655,44,32,39.93638,37,1,316
0.8925,0.8925,42.031,31.031,42,31,39.93638,36,1,316
0.496,0.496,45.511,34.511,45,34,39.93638,40,1,316
0.4935,0.4935,44.431,35.431,42,33,39.93638,40,1,316
0.7335,0.7335,42.806,34.806,40,32,39.93638,39,1,316
0.1065,0.1065,48.351,38.351,46,36,39.93638,43,1,316
0.048,0.048,47.176,39.176,43,35,39.93638,43,1,316
0.69,0.69,43.8475,33.8475,43,33,39.93638,39,1,316
0.1215,0.1215,47.676,38.676,45,36,39.93638,43,1,316
0.421,0.421,46.8235,35.8235,47,36,39.93638,41,1,316
0.244,0.244,45.0715,37.0715,43,35,39.93638,41,1,316
0.9385,0.9385,40.053,31.053,40,31,39.93638,36,1,316
0.0035,0.0035,50.375,41.375,46,37,39.93638,46,1,316
0.0485,0.0485,49.9585,38.9585,49,38,39.93638,44,1,316
0.3035,0.3035,48.7645,35.7645,50,37,39.93638,42,1,316
0.2905,0.2905,48.6275,35.6275,48,35,39.93638,42,1,316
0.632,0.632,43.241,34.241,41,32,39.93638,39,1,316
0.0175,0.0175,51.3685,40.3685,48,37,39.93638,46,1,316
0.3295,0.3295,45.5135,36.5135,43,34,39.93638,41,1,316
0.8255,0.8255,42.5005,33.5005,41,32,39.93638,38,1,316
0.1185,0.1185,49.0035,37.0035,47,35,39.93638,43,1,316
0.9105,0.9105,41.2235,33.2235,40,32,39.93638,37,1,316
1,1,37.6685,31.6685,36,30,39.93638,35,1,316
0.566,0.566,44.968,32.968,45,33,39.93638,39,1,316
0.853,0.853,41.477,34.477,39,32,39.93638,38,1,316
0.848,0.848,42.808,33.808,41,32,39.93638,38,1,316
0.0955,0.0955,48.027,38.027,47,37,39.93638,43,1,316
0.3305,0.3305,47.138,35.138,46,34,39.93638,41,1,316
0.288,0.288,45.442,36.442,42,33,39.93638,41,1,316
0.867,0.867,41.758,33.758,40,32,39.93638,38,1,316
0.124,0.124,48.664,37.664,46,35,39.93638,43,1,316
0.664,0.664,44.7265,33.7265,44,33,39.93638,39,1,316
0.116,0.116,46.1565,38.1565,43,35,39.93638,42,1,316
0.088,0.088,50.225,38.225,50,38,39.93638,44,1,316
0.248,0.248,47.722,36.722,46,35,39.93638,42,1,316
0.697,0.697,43.69,34.69,42,33,39.93638,39,1,316
0.9615,0.9615,40.3725,33.3725,38,31,39.93638,37,1,316
0.2735,0.2735,48.484,35.484,48,35,39.93638,42,1,316
0.9215,0.9215,41.3855,33.3855,40,32,39.93638,37,1,316
0.0225,0.0225,48.209,40.209,44,36,39.93638,44,1,316
0.1775,0.1775,48.7815,37.7815,47,36,39.93638,43,1,316
0.615,0.615,44.2095,34.2095,43,33,39.93638,39,1,316
0.8895,0.8895,41.4265,34.4265,39,32,39.93638,38,1,316
0.4115,0.4115,44.0765,36.0765,42,34,39.93638,40,1,316
0.4525,0.4525,45.251,34.251,44,33,39.93638,40,1,316
0.543,0.543,45.7015,34.7015,45,34,39.93638,40,1,316
0.8655,0.8655,41.5015,34.5015,39,32,39.93638,38,1,316
0.572,0.572,42.9045,35.9045,40,33,39.93638,40,1,316
0.2935,0.2935,46.247,36.247,44,34,39.93638,41,1,316
0.4455,0.4455,44.304,36.304,42,34,39.93638,40,1,316
0.5375,0.5375,43.7385,35.7385,42,34,39.93638,40,1,316
0.161,0.161,45.5355,37.5355,43,35,39.93638,42,1,316
0.317,0.317,46.221,36.221,45,35,39.93638,41,1,316
0.7155,0.7155,44.0745,32.0745,44,32,39.93638,38,1,316
0.974,0.974,40.4735,30.4735,40,30,39.93638,35,1,316
0.4505,0.4505,45.1705,35.1705,44,34,39.93638,40,1,316
0.198,0.198,45.637,37.637,44,36,39.93638,42,1,316
0.905,0.905,41.458,32.458,39,30,39.93638,37,1,316
0.0615,0.0615,48.598,39.598,46,37,39.93638,44,1,316
0.7555,0.7555,42.883,34.883,41,33,39.93638,39,1,316
0.497,0.497,43.5585,36.5585,41,34,39.93638,40,1,316
0.267,0.267,44.335,37.335,41,34,39.93638,41,1,316
0.1815,0.1815,45.596,37.596,43,35,39.93638,42,1,316
0.8565,0.8565,41.7595,33.7595,40,32,39.93638,38,1,316
0.648,0.648,43.3035,34.3035,41,32,39.93638,39,1,316
0.8955,0.8955,40.9455,32.9455,39,31,39.93638,37,1,316
0.3885,0.3885,45.743,35.743,44,34,39.93638,41,1,316
0.773,0.773,42.012,34.012,40,32,39.93638,38,1,316
0.708,0.708,44.077,32.077,44,32,39.93638,38,1,316
0.511,0.511,43.6085,36.6085,41,34,39.93638,40,1,316
0.345,0.345,46.416,36.416,45,35,39.93638,41,1,316
0.8615,0.8615,41.392,34.392,39,32,39.93638,38,1,316
0.8595,0.8595,41.6295,33.6295,39,31,39.93638,38,1,316
0.356,0.356,45.6625,36.6625,44,35,39.93638,41,1,316
1,1,36.0965,29.0965,35,28,39.93638,33,1,316
0.922,0.922,41.429,32.429,40,31,39.93638,37,1,316
0.9165,0.9165,41.86,31.86,41,31,39.93638,37,1,316
0.913,0.913,41.0285,33.0285,39,31,39.93638,37,1,316
0.9905,0.9905,39.104,29.104,39,29,39.93638,34,1,316
0.1135,0.1135,49.0725,37.0725,48,36,39.93638,43,1,316
0.606,0.606,43.1585,34.1585,42,33,39.93638,39,1,316
0.129,0.129,45.254,38.254,42,35,39.93638,42,1,316
0.346,0.346,47.242,35.242,46,34,39.93638,41,1,316
0.991,0.991,39.379,32.379,37,30,39.93638,36,1,316
1,1,38.728,32.728,37,31,39.93638,36,1,316
0.2035,0.2035,47.2895,37.2895,45,35,39.93638,42,1,316
0.517,0.517,44.561,35.561,44,35,39.93638,40,1,316
0.5345,0.5345,46.773,33.773,46,33,39.93638,40,1,316
0.463,0.463,45.258,35.258,43,33,39.93638,40,1,316
0.625,0.625,44.2615,33.2615,43,32,39.93638,39,1,316
0.2505,0.2505,45.189,37.189,42,34,39.93638,41,1,316
0.7005,0.7005,43.873,33.873,42,32,39.93638,39,1,316
0.682,0.682,42.42,35.42,40,33,39.93638,39,1,316
0.092,0.092,52.3985,38.3985,51,37,39.93638,45,1,316
0.2935,0.2935,46.097,36.097,43,33,39.93638,41,1,316
0.4805,0.4805,43.5015,36.5015,40,33,39.93638,40,1,316
0.999,0.999,38.457,32.457,36,30,39.93638,36,1,316
0.3495,0.3495,45.583,36.583,43,34,39.93638,41,1,316
0.675,0.675,43.7185,33.7185,42,32,39.93638,39,1,316
0.1175,0.1175,46.049,38.049,42,34,39.93638,42,1,316
0.898,0.898,41.9335,33.9335,40,32,39.93638,38,1,316
0.018,0.018,49.3415,40.3415,46,37,39.93638,45,1,316
0.3865,0.3865,44.933,36.933,43,35,39.93638,41,1,316
0.3445,0.3445,46.507,35.507,44,33,39.93638,41,1,316
0.8895,0.8895,41.276,32.276,40,31,39.93638,37,1,316
0.645,0.645,43.3245,34.3245,41,32,39.93638,39,1,316
0.6115,0.6115,44.278,34.278,43,33,39.93638,39,1,316
0.0985,0.0985,47.301,38.301,45,36,39.93638,43,1,316
0.302,0.302,45.295,36.295,43,34,39.93638,41,1,316
0.267,0.267,45.151,36.151,42,33,39.93638,41,1,316
0.84,0.84,42.1305,32.1305,42,32,39.93638,37,1,316
0.996,0.996,38.599,31.599,37,30,39.93638,35,1,316
1,1,37.8935,29.8935,37,29,39.93638,34,1,316
0.2325,0.2325,46.7505,36.7505,44,34,39.93638,42,1,316
0.6805,0.6805,42.4835,35.4835,40,33,39.93638,39,1,316
0.1245,0.1245,48.474,37.474,47,36,39.93638,43,1,316
0.7015,0.7015,42.3965,35.3965,40,33,39.93638,39,1,316
0.035,0.035,48.4095,39.4095,45,36,39.93638,44,1,316
0.085,0.085,48.8375,38.8375,47,37,39.93638,44,1,316
0.682,0.682,43.571,34.571,42,33,39.93638,39,1,316
0.218,0.218,46.713,37.713,44,35,39.93638,42,1,316
0.4795,0.4795,44.3605,35.3605,42,33,39.93638,40,1,316
0.712,0.712,44.0345,32.0345,44,32,39.93638,38,1,316
0.6415,0.6415,42.3295,35.3295,39,32,39.93638,39,1,316
0.542,0.542,45.685,34.685,45,34,39.93638,40,1,316
0.4895,0.4895,43.5165,36.5165,41,34,39.93638,40,1,316
0.8445,0.8445,41.7465,33.7465,40,32,39.93638,38,1,316
0.8165,0.8165,42.6925,33.6925,42,33,39.93638,38,1,316
0.076,0.076,49.396,38.396,47,36,39.93638,44,1,316
0.6925,0.6925,44.744,33.744,44,33,39.93638,39,1,316
1,1,37.702,31.702,36,30,39.93638,35,1,316
0.364,0.364,44.7405,36.7405,42,34,39.93638,41,1,316
0.9655,0.9655,40.293,30.293,41,31,39.93638,35,1,316
1,1,37.722,31.722,35,29,39.93638,35,1,316
0.1325,0.1325,47.802,37.802,45,35,39.93638,43,1,316
0.303,0.303,46.148,36.148,45,35,39.93638,41,1,316
0.046,0.046,49.1815,39.1815,47,37,39.93638,44,1,316
0.8,0.8,42.1845,34.1845,40,32,39.93638,38,1,316
0.287,0.287,45.199,36.199,44,35,39.93638,41,1,316
0.665,0.665,45.8245,32.8245,47,34,39.93638,39,1,316
0.7865,0.7865,41.9595,33.9595,40,32,39.93638,38,1,316
0.9055,0.9055,41.822,31.822,41,31,39.93638,37,1,316
0.2725,0.2725,44.309,37.309,41,34,39.93638,41,1,316
0.669,0.669,43.6665,33.6665,43,33,39.93638,39,1,316
1,1,37.7285,31.7285,36,30,39.93638,35,1,316
0.3485,0.3485,44.656,36.656,42,34,39.93638,41,1,316
0.37,0.37,45.684,35.684,44,34,39.93638,41,1,316
0.59,0.59,44.027,35.027,42,33,39.93638,39,1,316
0.097,0.097,51.179,37.179,50,36,39.93638,44,1,316
0.531,0.531,43.676,35.676,41,33,39.93638,40,1,316
0.3685,0.3685,47.3575,34.3575,46,33,39.93638,41,1,316
0.3735,0.3735,46.584,35.584,46,35,39.93638,41,1,316
0.214,0.214,47.3375,36.3375,46,35,39.93638,42,1,316
0.78,0.78,42.3365,33.3365,41,32,39.93638,38,1,316
0.381,0.381,46.543,35.543,46,35,39.93638,41,1,316
0.6465,0.6465,42.269,35.269,39,32,39.93638,39,1,316
0.465,0.465,44.383,36.383,43,35,39.93638,40,1,316
0.5,0.5,44.506,34.506,44,34,39.93638,40,1,316
0.3235,0.3235,45.469,36.469,42,33,39.93638,41,1,316
0.2525,0.2525,45.02,36.02,42,33,39.93638,41,1,316
0.0835,0.0835,48.1525,38.1525,46,36,39.93638,43,1,316
0.377,0.377,45.7785,36.7785,44,35,39.93638,41,1,316
0.2515,0.2515,49.088,35.088,48,34,39.93638,42,1,316
0.0495,0.0495,47.765,39.765,44,36,39.93638,44,1,316
0.1905,0.1905,46.441,37.441,44,35,39.93638,42,1,316
0.207,0.207,47.3855,37.3855,45,35,39.93638,42,1,316
0.93,0.93,41.7745,32.7745,40,31,39.93638,37,1,316
0.4485,0.4485,44.2805,35.2805,42,33,39.93638,40,1,316
0.2065,0.2065,50.6065,36.6065,50,36,39.93638,43,1,316
0.7825,0.7825,43.5105,32.5105,42,31,39.93638,38,1,316
1,1,36.9455,30.9455,35,29,39.93638,34,1,316
0.9325,0.9325,40.8295,32.8295,40,32,39.93638,37,1,316
0.8075,0.8075,42.2305,34.2305,40,32,39.93638,38,1,316
0.4855,0.4855,43.476,36.476,41,34,39.93638,40,1,316
0.1075,0.1075,51.0115,37.0115,52,38,39.93638,44,1,316
0.7505,0.7505,42.743,35.743,41,34,39.93638,39,1,316
0.239,0.239,46.655,36.655,45,35,39.93638,42,1,316
0.944,0.944,40.6795,32.6795,40,32,39.93638,37,1,316
0.425,0.425,43.1895,36.1895,40,33,39.93638,40,1,316
0.121,0.121,48.518,38.518,47,37,39.93638,43,1,316
0.9965,0.9965,39.751,32.751,38,31,39.93638,36,1,316
0.9365,0.9365,40.1945,33.1945,39,32,39.93638,37,1,316
0.727,0.727,44.1655,32.1655,44,32,39.93638,38,1,316
0.7925,0.7925,42.1615,34.1615,40,32,39.93638,38,1,316
0.9,0.9,41.4585,32.4585,40,31,39.93638,37,1,316
0.6355,0.6355,42.213,35.213,39,32,39.93638,39,1,316
0.913,0.913,40.741,34.741,39,33,39.93638,38,1,316
1,1,37.5145,32.5145,36,31,39.93638,35,1,316
1,1,38.0245,32.0245,37,31,39.93638,35,1,316
0.5225,0.5225,44.639,35.639,44,35,39.93638,40,1,316
0.177,0.177,48.8145,37.8145,47,36,39.93638,43,1,316
0.7775,0.7775,41.7545,35.7545,40,34,39.93638,39,1,316
0.2355,0.2355,46.6475,36.6475,45,35,39.93638,42,1,316
0.767,0.767,43.365,33.365,42,32,39.93638,38,1,316
0.679,0.679,42.338,35.338,39,32,39.93638,39,1,316
0.548,0.548,43.7775,35.7775,41,33,39.93638,40,1,316
1,1,37.785,31.785,36,30,39.93638,35,1,316
0.2485,0.2485,46.7205,36.7205,45,35,39.93638,42,1,316
0.2405,0.2405,44.2005,37.2005,41,34,39.93638,41,1,316
0.222,0.222,46.6745,36.6745,44,34,39.93638,42,1,316
0.829,0.829,41.3275,34.3275,38,31,39.93638,38,1,316
0.4365,0.4365,44.123,35.123,43,34,39.93638,40,1,316
0.4145,0.4145,46.783,35.783,47,36,39.93638,41,1,316
0.7135,0.7135,42.9945,32.9945,43,33,39.93638,38,1,316
0.0945,0.0945,50.393,37.393,50,37,39.93638,44,1,316
0.831,0.831,41.1885,34.1885,38,31,39.93638,38,1,316
0.905,0.905,41.2535,33.2535,41,33,39.93638,37,1,316
0.5345,0.5345,44.654,34.654,44,34,39.93638,40,1,316
0.0665,0.0665,47.077,38.077,44,35,39.93638,43,1,316
0.975,0.975,40.4115,33.4115,38,31,39.93638,37,1,316
0.306,0.306,44.5735,37.5735,42,35,39.93638,41,1,316
0.111,0.111,47.3885,38.3885,44,35,39.93638,43,1,316
0.8165,0.8165,42.56,33.56,41,32,39.93638,38,1,316
0.4815,0.4815,43.4695,36.4695,41,34,39.93638,40,1,316
0.804,0.804,43.1515,31.1515,44,32,39.93638,37,1,316
0.8695,0.8695,41.477,34.477,39,32,39.93638,38,1,316
0.1555,0.1555,46.3175,37.3175,44,35,39.93638,42,1,316
0.1385,0.1385,47.8565,37.8565,44,34,39.93638,43,1,316
0.476,0.476,45.318,35.318,44,34,39.93638,40,1,316
0.497,0.497,45.3955,34.3955,44,33,39.93638,40,1,316
0.1125,0.1125,48.309,38.309,45,35,39.93638,43,1,316
0.202,0.202,47.286,37.286,45,35,39.93638,42,1,316
0.7905,0.7905,42.948,31.948,43,32,39.93638,37,1,316
0.2655,0.2655,50.0335,35.0335,51,36,39.93638,42,1,316
0.786,0.786,41.876,35.876,40,34,39.93638,39,1,316
0.75,0.75,43.05,33.05,41,31,39.93638,38,1,316
1,1,36.672,30.672,35,29,39.93638,34,1,316
0.2075,0.2075,46.434,36.434,44,34,39.93638,42,1,316
0.164,0.164,46.317,37.317,44,35,39.93638,42,1,316
0.2595,0.2595,45.0225,37.0225,43,35,39.93638,41,1,316
0.9955,0.9955,38.816,30.816,37,29,39.93638,35,1,316
0.874,0.874,41.634,34.634,39,32,39.93638,38,1,316
1,1,38.866,32.866,36,30,39.93638,36,1,316
0.568,0.568,43.838,35.838,41,33,39.93638,40,1,316
0.1065,0.1065,46.0535,38.0535,42,34,39.93638,42,1,316
0.823,0.823,41.981,31.981,42,32,39.93638,37,1,316
0.677,0.677,42.353,35.353,40,33,39.93638,39,1,316
0.6085,0.6085,44.163,34.163,43,33,39.93638,39,1,316
0.6885,0.6885,42.658,34.658,41,33,39.93638,39,1,316
0.7305,0.7305,41.5665,35.5665,39,33,39.93638,39,1,316
0.502,0.502,44.5385,35.5385,41,32,39.93638,40,1,316
0.0075,0.0075,53.1985,41.1985,53,41,39.93638,47,1,316
0.0285,0.0285,47.9975,38.9975,46,37,39.93638,44,1,316
0.3875,0.3875,46.6095,35.6095,44,33,39.93638,41,1,316
0.224,0.224,46.5805,36.5805,45,35,39.93638,42,1,316
0.467,0.467,47.108,33.108,48,34,39.93638,40,1,316
0.1125,0.1125,48.3255,37.3255,46,35,39.93638,43,1,316
0.6435,0.6435,43.2775,35.2775,41,33,39.93638,39,1,316
0.7715,0.7715,43.291,33.291,42,32,39.93638,38,1,316
0.257,0.257,45.1205,37.1205,44,36,39.93638,41,1,316
0.9725,0.9725,40.843,33.843,39,32,39.93638,37,1,316
0.2345,0.2345,46.9345,37.9345,44,35,39.93638,42,1,316
0.716,0.716,42.708,34.708,41,33,39.93638,39,1,316
0.9965,0.9965,38.561,30.561,37,29,39.93638,35,1,316
0.5545,0.5545,43.861,35.861,42,34,39.93638,40,1,316
0.817,0.817,41.3855,33.3855,39,31,39.93638,38,1,316
0.34,0.34,45.5065,36.5065,43,34,39.93638,41,1,316
0.4555,0.4555,46.0465,34.0465,46,34,39.93638,40,1,316
0.145,0.145,48.398,37.398,46,35,39.93638,43,1,316
0.76,0.76,42.2615,33.2615,41,32,39.93638,38,1,316
0.393,0.393,45.8085,35.8085,43,33,39.93638,41,1,316
0.3225,0.3225,44.623,36.623,42,34,39.93638,41,1,316
0.2185,0.2185,46.78,37.78,44,35,39.93638,42,1,316
0.5235,0.5235,44.6075,35.6075,43,34,39.93638,40,1,316
0.7065,0.7065,43.8,34.8,42,33,39.93638,39,1,316
0.012,0.012,49.4785,40.4785,47,38,39.93638,45,1,316
0.3175,0.3175,46.293,36.293,45,35,39.93638,41,1,316
0.838,0.838,42.456,33.456,40,31,39.93638,38,1,316
0.1305,0.1305,47.7155,38.7155,45,36,39.93638,43,1,316
1,1,36.9025,28.9025,36,28,39.93638,33,1,316
0.897,0.897,40.5485,34.5485,38,32,39.93638,38,1,316
0.413,0.413,44.017,35.017,42,33,39.93638,40,1,316
0.0295,0.0295,50.1715,39.1715,47,36,39.93638,45,1,316
0.906,0.906,40.9455,32.9455,39,31,39.93638,37,1,316
0.555,0.555,42.8265,36.8265,40,34,39.93638,40,1,316
0.7645,0.7645,42.046,34.046,40,32,39.93638,38,1,316
0.5485,0.5485,44.796,34.796,44,34,39.93638,40,1,316
0.4515,0.4515,44.268,35.268,42,33,39.93638,40,1,316
0.4525,0.4525,43.2945,36.2945,40,33,39.93638,40,1,316
0.8675,0.8675,41.7205,33.7205,40,32,39.93638,38,1,316
0.3275,0.3275,45.5695,36.5695,43,34,39.93638,41,1,316
0.989,0.989,39.6815,32.6815,37,30,39.93638,36,1,316
0.8885,0.8885,41.91,33.91,39,31,39.93638,38,1,316
0.283,0.283,45.3695,37.3695,42,34,39.93638,41,1,316
0.614,0.614,44.185,34.185,43,33,39.93638,39,1,316
0.4905,0.4905,44.3805,35.3805,43,34,39.93638,40,1,316
0.9485,0.9485,40.385,31.385,40,31,39.93638,36,1,316
0.929,0.929,41.5265,33.5265,40,32,39.93638,37,1,316
0.4305,0.4305,47.889,34.889,48,35,39.93638,41,1,316
0.7175,0.7175,43.058,33.058,43,33,39.93638,38,1,316
0.926,0.926,41.7405,32.7405,40,31,39.93638,37,1,316
0.1015,0.1015,47.5925,38.5925,44,35,39.93638,43,1,316
