"p","p_no_mc","upper","lower","upper_no_mc","lower_no_mc","truemu","obsD","l","size"
0.973,0.973,131.102121895064,115.330472368711,118.567702157932,102.796052631579,130.878951003978,123.456790123457,-1,1000
0.95,0.95,132.125376221077,115.493687388106,119.132713843221,102.50102501025,130.878951003978,123.977188197372,-1,1000
0.689,0.689,137.117930004508,120.454428618324,123.0012300123,106.337728626117,130.878951003978,128.766417718259,-1,1000
0.891,0.891,133.703197647029,118.032983334247,120.163422254266,104.493207941484,130.878951003978,126.039828585833,-1,1000
0.2255,0.2255,141.020751717968,126.431863222614,126.071608673727,111.482720178372,130.878951003978,133.761369716426,-1,1000
0.896,0.896,133.737725857996,118.343229590769,120.569086086327,105.1745898191,130.878951003978,125.976316452507,-1,1000
0.582,0.582,137.935684974846,121.887373995383,123.946455131383,107.898144151921,130.878951003978,130.106687483737,-1,1000
0.9575,0.9575,131.535593483292,115.256787073689,118.906064209275,102.627257799672,130.878951003978,123.395853899309,-1,1000
0.9925,0.9925,128.931970771229,113.7606052349,116.550116550117,101.378751013788,130.878951003978,121.418164157358,-1,1000
0.3185,0.3185,139.608903822759,125.0291502002,124.906320259805,110.326566637246,130.878951003978,132.555673382821,-1,1000
0.426,0.426,139.112885237504,123.655869657535,124.223602484472,108.766586904503,130.878951003978,131.544330439358,-1,1000
0.945,0.945,132.450272644977,117.024507665692,119.246362985929,103.820598006645,130.878951003978,124.781632143748,-1,1000
0.7965,0.7965,135.337919137253,118.448974768767,122.129946262824,105.241001894338,130.878951003978,127.161749745677,-1,1000
0.3315,0.3315,140.596426478957,124.722826930728,125.69130216189,109.817702613661,130.878951003978,132.62599469496,-1,1000
0.267,0.267,140.376075604072,126.250757798407,125.533517449159,111.408199643494,130.878951003978,133.226751931788,-1,1000
0.476,0.476,138.554377177257,124.075465860997,124.007936507937,109.529025191676,130.878951003978,131.164742917104,-1,1000
0.513,0.513,138.468987212874,122.245755545126,124.378109452736,108.154877784988,130.878951003978,130.616509926855,-1,1000
0.9925,0.9925,129.035062391361,114.183218106474,116.767865483419,101.916021198532,130.878951003978,121.447656060238,-1,1000
0.3265,0.3265,139.372962878441,125.188593843795,124.65719272002,110.472823685373,130.878951003978,132.415254237288,-1,1000
0.3935,0.3935,139.914389248586,123.598870925683,125.533517449159,109.217999126256,130.878951003978,131.891321551042,-1,1000
0.53,0.53,138.351766787209,122.114195474736,124.53300124533,108.295429932857,130.878951003978,130.548302872063,-1,1000
0.734,0.734,135.792549498869,121.110065873346,121.56576707999,106.883283454468,130.878951003978,128.53470437018,-1,1000
0.0555,0.0555,145.160476312207,129.404913290396,129.366106080207,113.610543058396,130.878951003978,137.400384721077,-1,1000
0.876,0.876,133.91992650544,118.616887113023,120.743781695243,105.440742302826,130.878951003978,126.103404791929,-1,1000
0.6455,0.6455,136.920037470187,120.700987089078,122.488975992161,106.269925611052,130.878951003978,129.132231404959,-1,1000
0.0575,0.0575,143.910100489343,129.32990679147,127.779197546639,113.199003848766,130.878951003978,136.873802354229,-1,1000
0.9765,0.9765,130.832630727721,115.992755170885,117.868929750118,103.029054193283,130.878951003978,123.639960435213,-1,1000
0.1295,0.1295,142.857957526489,127.118888409605,127.420998980632,111.681929863748,130.878951003978,135.281385281385,-1,1000
0.3005,0.3005,139.904387699541,125.77579836605,124.968757810547,110.840168477056,130.878951003978,132.766861391397,-1,1000
0.723,0.723,135.926827847717,120.278847317242,122.189638318671,106.541657788195,130.878951003978,128.402670775552,-1,1000
0.6855,0.6855,136.558878417535,121.714057504929,122.27928588897,107.434464976364,130.878951003978,128.965695125097,-1,1000
0.272,0.272,140.379950260789,125.511284848251,125.659713495853,110.791048083315,130.878951003978,133.19126265317,-1,1000
0.304,0.304,140.464797306369,124.95157573236,125.91286829514,110.39964672113,130.878951003978,132.837407013815,-1,1000
0.447,0.447,138.682385615712,124.084193473323,124.440019910403,109.841827768014,130.878951003978,131.371518654756,-1,1000
0.1245,0.1245,143.313570001354,127.591790897188,128.106584678452,112.384805574286,130.878951003978,135.354629128316,-1,1000
0.421,0.421,139.161176620969,124.127510451872,124.347177319075,109.313511149978,130.878951003978,131.648235913639,-1,1000
0.3105,0.3105,140.246592311982,124.847575975802,125.31328320802,109.91426687184,130.878951003978,132.766861391397,-1,1000
0.533,0.533,137.675663360886,123.27314743482,123.334977799704,108.932461873638,130.878951003978,130.616509926855,-1,1000
0.3475,0.3475,139.62652322854,124.807036466075,125.219133483596,110.39964672113,130.878951003978,132.275132275132,-1,1000
0.1855,0.1855,142.867360881245,126.237409983927,127.420998980632,110.791048083315,130.878951003978,134.734572891404,-1,1000
0.948,0.948,131.953282780125,116.627372899707,118.567702157932,103.241792277514,130.878951003978,124.626121635095,-1,1000
0.896,0.896,133.434464830312,117.157331096884,119.904076738609,103.626943005181,130.878951003978,125.754527162978,-1,1000
0.686,0.686,137.357088483615,120.556521296467,123.2741617357,106.473594548552,130.878951003978,128.733264675592,-1,1000
0.8585,0.8585,133.891319019631,120.3334302111,120.076849183477,106.518960374947,130.878951003978,127.09710218607,-1,1000
0.7185,0.7185,136.280365912787,121.253721436332,121.773015099854,106.746370623399,130.878951003978,128.733264675592,-1,1000
0.429,0.429,139.357012927955,122.761606504019,124.843945068664,108.248538644728,130.878951003978,131.544330439358,-1,1000
0.7935,0.7935,135.596066187787,119.620203375428,121.684108055488,105.708245243129,130.878951003978,127.616130678918,-1,1000
0.609,0.609,137.326189518386,122.125239065671,123.122383649347,107.921433196633,130.878951003978,129.600829445308,-1,1000
0.037,0.037,145.111654976295,130.291266278241,129.132231404959,114.311842706904,130.878951003978,137.892995035852,-1,1000
0.7375,0.7375,135.451874259649,121.302597209963,121.124031007752,106.974753958066,130.878951003978,128.435653737478,-1,1000
0.8305,0.8305,134.650989116307,119.932576325197,121.124031007752,106.405618216642,130.878951003978,127.291242362525,-1,1000
0.693,0.693,136.607869605002,121.449881673173,122.339124051872,107.181136120043,130.878951003978,128.932439401753,-1,1000
0.899,0.899,133.405310250175,118.197206806777,120.25012025012,105.042016806723,130.878951003978,125.849484017116,-1,1000
0.01,0.01,147.851422418045,132.587517682255,130.924325739722,115.660421003932,130.878951003978,140.4099971918,-1,1000
0.215,0.215,142.031269137735,125.952597520977,126.968004062976,110.889332446219,130.878951003978,134.12017167382,-1,1000
0.726,0.726,136.032052627765,120.295531779928,122.369065100343,106.632544252506,130.878951003978,128.369704749679,-1,1000
0.93,0.93,133.013182664874,115.939025873088,119.617224880383,102.543068088597,130.878951003978,124.781632143748,-1,1000
0.434,0.434,138.731434169767,124.257001370899,124.316260566882,109.841827768014,130.878951003978,131.509731720147,-1,1000
0.5115,0.5115,138.256587964236,122.865166173752,123.639960435213,108.248538644728,130.878951003978,130.684788290643,-1,1000
0.3005,0.3005,140.815362893046,125.027236137477,125.533517449159,109.745390693591,130.878951003978,132.978723404255,-1,1000
0.121,0.121,142.547671794147,127.500746761518,127.129417747267,112.082492714638,130.878951003978,135.208220659816,-1,1000
0.253,0.253,141.033382027504,125.903423246555,126.167045167802,111.037086386853,130.878951003978,133.511348464619,-1,1000
0.153,0.153,141.821116248522,127.090945930576,126.262626262626,111.53245594468,130.878951003978,134.734572891404,-1,1000
0.778,0.778,135.289082518635,120.062701991324,121.270919233568,106.044538706257,130.878951003978,127.844541038098,-1,1000
0.019,0.019,145.997798376506,131.340045222422,129.971406290616,115.313653136531,130.878951003978,138.657792567942,-1,1000
0.6055,0.6055,137.318326604332,121.910009385973,123.213405618531,107.805088400172,130.878951003978,129.769011160135,-1,1000
0.2615,0.2615,140.13327352238,126.328873449337,125.187781672509,111.383381599465,130.878951003978,133.120340788072,-1,1000
0.897,0.897,133.285114226372,119.086164310852,119.817876827223,105.618926911703,130.878951003978,126.262626262626,-1,1000
0.561,0.561,137.038914591441,123.103998521121,122.488975992161,108.554059921841,130.878951003978,130.24225058609,-1,1000
0.4695,0.4695,138.363035721536,124.020420411518,123.823675086677,109.481059776659,130.878951003978,131.164742917104,-1,1000
0.6905,0.6905,136.542048543544,120.700139004136,122.428991185113,106.587081645705,130.878951003978,128.799587841319,-1,1000
0.941,0.941,132.532847759306,117.884755072114,118.793062485151,104.144969797959,130.878951003978,125.125125125125,-1,1000
0.816,0.816,134.744870495873,119.139462240856,120.80212611742,105.196717862403,130.878951003978,127.258844489692,-1,1000
0.844,0.844,134.990638145008,118.902155892011,121.418164157358,105.329681904361,130.878951003978,126.871352448617,-1,1000
0.444,0.444,139.085745602346,123.340644085941,124.843945068664,109.098843552258,130.878951003978,131.337010769635,-1,1000
0.15,0.15,141.980395201452,127.562919949985,126.550240445457,112.13276519399,130.878951003978,134.698275862069,-1,1000
0.6225,0.6225,137.174853290866,122.288788814412,123.487280810077,108.601216333623,130.878951003978,129.70168612192,-1,1000
0.01,0.01,146.738478449367,132.008552988212,130.310138128746,115.580212667591,130.878951003978,139.314572304263,-1,1000
0.0875,0.0875,144.545350266197,127.851420685567,128.600823045268,111.906893464637,130.878951003978,136.612021857924,-1,1000
0.8505,0.8505,134.223915123372,118.720015550072,120.656370656371,105.15247108307,130.878951003978,126.614332742466,-1,1000
0.4635,0.4635,138.553543063798,124.075331272917,124.223602484472,109.745390693591,130.878951003978,131.233595800525,-1,1000
0.163,0.163,141.763559423774,127.077145765624,126.518218623482,111.831804965332,130.878951003978,134.480903711673,-1,1000
0.332,0.332,140.003173044219,124.736260629511,124.843945068664,109.577032653956,130.878951003978,132.520540683806,-1,1000
0.6855,0.6855,136.817587544844,121.044967724724,122.518990443519,106.746370623399,130.878951003978,128.932439401753,-1,1000
0.2595,0.2595,140.266743193675,125.531239370673,125.502008032129,110.766504209127,130.878951003978,133.226751931788,-1,1000
0.4715,0.4715,139.070605437315,122.95244037907,124.719381391868,108.601216333623,130.878951003978,131.1303435615,-1,1000
0.6355,0.6355,137.502214098604,121.141473982911,123.152709359606,106.791969243913,130.878951003978,129.533678756477,-1,1000
0.9005,0.9005,133.825905128578,117.523966493935,120.948234155781,104.646295521139,130.878951003978,125.659713495853,-1,1000
0.8545,0.8545,134.396548367931,118.98374038054,120.831319478009,105.418511490618,130.878951003978,126.518218623482,-1,1000
0.1995,0.1995,141.372450113817,127.012503236646,125.817815802718,111.457868925546,130.878951003978,134.12017167382,-1,1000
0.043,0.043,144.9898178718,129.856259822727,128.899200824955,113.765642775882,130.878951003978,137.324910738808,-1,1000
0.2785,0.2785,141.440618293697,125.209255725286,126.582278481013,110.350915912602,130.878951003978,133.297787256732,-1,1000
0.769,0.769,135.630063801236,120.374534467226,122.0703125,106.81478316599,130.878951003978,127.975428717686,-1,1000
0.959,0.959,131.669477039626,116.763451793387,118.511495615075,103.605470368835,130.878951003978,124.347177319075,-1,1000
0.999,0.999,125.409797026011,108.677631226024,114.103149246919,97.3709834469328,130.878951003978,117.260787992495,-1,1000
0.527,0.527,138.02110700309,123.381534095407,123.548307388189,108.908734480505,130.878951003978,130.582397492818,-1,1000
0.4935,0.4935,137.876079371254,123.826450375662,123.243776189302,109.19414719371,130.878951003978,130.890052356021,-1,1000
0.3895,0.3895,139.217548238999,123.536802374978,124.470998257406,108.790252393386,130.878951003978,131.891321551042,-1,1000
0.499,0.499,138.723699273209,123.216141236444,124.440019910403,108.932461873638,130.878951003978,130.924325739722,-1,1000
0.4005,0.4005,138.945808562024,124.797218377711,124.038700074423,109.89010989011,130.878951003978,131.787032156036,-1,1000
0.766,0.766,136.077944162213,118.251463437352,122.428991185113,104.602510460251,130.878951003978,127.420998980632,-1,1000
0.5125,0.5125,138.801005532567,122.666786152662,124.688279301746,108.554059921841,130.878951003978,130.718954248366,-1,1000
0.4155,0.4155,139.469790550668,123.860399941277,124.875124875125,109.265734265734,130.878951003978,131.752305665349,-1,1000
0.839,0.839,134.444661409856,119.508019236229,120.510966497951,105.574324324324,130.878951003978,127.064803049555,-1,1000
0.849,0.849,134.564455110939,118.731641490348,120.918984280532,105.086170659941,130.878951003978,126.550240445457,-1,1000
0.119,0.119,142.407499763414,127.842595436843,127.000254000508,112.435349673937,130.878951003978,135.31799729364,-1,1000
0.9155,0.9155,133.215999126975,118.705620193602,119.817876827223,105.30749789385,130.878951003978,125.786163522013,-1,1000
0.5395,0.5395,137.857372202483,122.465192216804,123.243776189302,107.851596203624,130.878951003978,130.412102243088,-1,1000
0.1975,0.1975,141.941452678563,126.136106682857,127.064803049555,111.25945705385,130.878951003978,134.336378291241,-1,1000
0.4065,0.4065,139.069744385265,123.967139738365,124.440019910403,109.337415263503,130.878951003978,131.717597471022,-1,1000
0.6535,0.6535,136.632315844193,121.737057668052,122.399020807834,107.503762631692,130.878951003978,129.23235978289,-1,1000
0.4525,0.4525,138.305253066019,124.084255605257,124.038700074423,109.817702613661,130.878951003978,131.268049356787,-1,1000
0.315,0.315,140.776337608618,125.692520277844,126.071608673727,110.987791342952,130.878951003978,132.94336612603,-1,1000
0.2035,0.2035,141.666988493813,126.243370346892,126.806999746386,111.383381599465,130.878951003978,134.01232913428,-1,1000
0.6975,0.6975,136.908713298882,120.525169004405,123.152709359606,106.769165065129,130.878951003978,128.667009778693,-1,1000
0.849,0.849,134.380603413078,119.341276718899,120.569086086327,105.529759392149,130.878951003978,127.129417747267,-1,1000
0.425,0.425,138.708696859608,124.306703164566,124.316260566882,109.91426687184,130.878951003978,131.544330439358,-1,1000
0.332,0.332,140.042961277265,125.219925603787,125.344697919278,110.5216622458,130.878951003978,132.520540683806,-1,1000
0.9525,0.9525,132.093236930434,117.644173000188,119.161105815062,104.712041884817,130.878951003978,124.875124875125,-1,1000
0.584,0.584,137.830975565925,122.202522729507,123.456790123457,107.828337287039,130.878951003978,130.005200208008,-1,1000
0.179,0.179,142.110450388105,126.587397616125,126.486213002783,110.963160230803,130.878951003978,134.44474321054,-1,1000
0.3515,0.3515,139.641660625487,124.568878652865,125.156445556946,110.083663584324,130.878951003978,132.205182443152,-1,1000
0.866,0.866,134.276131976984,118.427273175835,120.71463061323,104.865771812081,130.878951003978,126.582278481013,-1,1000
0.5485,0.5485,137.703364055262,122.736919413169,123.426314490249,108.459869848156,130.878951003978,130.378096479791,-1,1000
0.808,0.808,135.019849834892,119.173967549435,121.153380179307,105.30749789385,130.878951003978,127.356087620988,-1,1000
0.223,0.223,141.567982720391,125.778180143138,126.262626262626,110.472823685373,130.878951003978,134.01232913428,-1,1000
0.201,0.201,142.178951693909,126.100004061032,126.454223571067,110.37527593819,130.878951003978,134.30029546065,-1,1000
0.6325,0.6325,136.832846130288,121.866350491688,122.609122118686,107.642626480086,130.878951003978,129.533678756477,-1,1000
0.247,0.247,140.453656096767,126.30088867354,125.31328320802,111.160515784793,130.878951003978,133.333333333333,-1,1000
0.158,0.158,141.954026965945,127.12856565078,126.582278481013,111.756817165847,130.878951003978,134.553283100108,-1,1000
0.62,0.62,136.814219701856,122.31316455719,122.819945959224,108.318890814558,130.878951003978,129.668049792531,-1,1000
0.433,0.433,138.503029849514,124.481894925387,124.007936507937,109.98680158381,130.878951003978,131.509731720147,-1,1000
0.0335,0.0335,145.03501965284,130.537380416262,129.466597617815,114.968958381237,130.878951003978,137.627305257363,-1,1000
0.84,0.84,134.669921517908,118.982355795737,121.418164157358,105.730598435187,130.878951003978,126.935770500127,-1,1000
0.9805,0.9805,130.33973667884,115.21577162554,117.730162467624,102.606197414324,130.878951003978,122.850122850123,-1,1000
0.3595,0.3595,139.999106556096,124.883685532761,125.344697919278,110.229276895944,130.878951003978,132.345156167284,-1,1000
0.668,0.668,136.351631586158,121.350019694213,121.862052156958,106.860440265014,130.878951003978,129.165590286748,-1,1000
0.122,0.122,142.797322768614,127.703624858278,127.226463104326,112.13276519399,130.878951003978,135.31799729364,-1,1000
0.0325,0.0325,145.940169426405,130.344870169808,129.802699896158,114.207400639561,130.878951003978,138.197899391929,-1,1000
0.4835,0.4835,138.302037960374,123.740594070291,123.731749566939,109.170305676856,130.878951003978,131.027253668763,-1,1000
0.8735,0.8735,133.709137220657,119.478123371775,119.961612284069,105.730598435187,130.878951003978,126.839167935058,-1,1000
0.612,0.612,136.998840207486,122.326397684912,123.06177701206,108.389334489486,130.878951003978,129.802699896158,-1,1000
0.284,0.284,140.511143385229,125.53227570392,125.062531265633,110.083663584324,130.878951003978,133.049494411921,-1,1000
0.032,0.032,145.982098419148,130.531993090511,129.971406290616,114.521300961979,130.878951003978,138.159712627798,-1,1000
0.108,0.108,143.07804902653,128.027422157887,127.48597654258,112.435349673937,130.878951003978,135.427952329361,-1,1000
0.132,0.132,143.30856511806,127.297657452595,127.518490181076,111.507582515611,130.878951003978,135.31799729364,-1,1000
0.7275,0.7275,136.233596731775,120.090195340574,122.549019607843,106.405618216642,130.878951003978,128.303823453939,-1,1000
0.678,0.678,136.675432051506,120.502877065735,122.759636631476,106.587081645705,130.878951003978,128.865979381443,-1,1000
0.711,0.711,136.395429109408,120.190579062608,122.249388753056,106.044538706257,130.878951003978,128.53470437018,-1,1000
0.0065,0.0065,148.190784042887,133.020358310891,131.856540084388,116.686114352392,130.878951003978,140.370578326783,-1,1000
0.787,0.787,135.146459690416,120.292660409443,121.418164157358,106.564364876385,130.878951003978,127.811860940695,-1,1000
0.4765,0.4765,138.913322426865,123.298204081105,124.595066035385,108.979947689625,130.878951003978,131.061598951507,-1,1000
0.1505,0.1505,142.082842871022,127.305898699632,127.161749745677,112.384805574286,130.878951003978,134.770889487871,-1,1000
0.0985,0.0985,142.713223797777,127.985168987781,127.518490181076,112.790435371081,130.878951003978,135.611608353675,-1,1000
0.313,0.313,140.072729679807,125.270748761297,125.031257814454,110.229276895944,130.878951003978,132.731616671091,-1,1000
0.622,0.622,137.348871475064,121.881655257764,122.970978848992,107.503762631692,130.878951003978,129.533678756477,-1,1000
0.912,0.912,133.678033471428,116.931562758934,120.394895256441,103.648424543947,130.878951003978,125.31328320802,-1,1000
0.728,0.728,136.135199583477,120.525501452628,122.219506233195,106.609808102345,130.878951003978,128.402670775552,-1,1000
0.633,0.633,136.81448081238,121.025821157111,123.06177701206,107.27311735679,130.878951003978,129.433083096039,-1,1000
0.956,0.956,131.904097336704,115.453786982354,119.246362985929,102.796052631579,130.878951003978,123.670541676973,-1,1000
0.2985,0.2985,140.43075400723,125.491829681132,125.754527162978,110.815602836879,130.878951003978,133.014099494546,-1,1000
0.77,0.77,135.127352009613,120.684395862621,121.212121212121,106.769165065129,130.878951003978,128.008192524322,-1,1000
0.8185,0.8185,135.43043343754,119.937218220119,121.921482565228,106.428267347808,130.878951003978,127.420998980632,-1,1000
0.879,0.879,133.488939936327,118.796911966322,119.645848289064,104.95382031906,130.878951003978,126.294518817883,-1,1000
0.08,0.08,143.421850147666,128.713661194423,127.779197546639,113.071008593397,130.878951003978,136.314067611778,-1,1000
0.6315,0.6315,137.451152283928,121.474060095629,123.365408339502,107.388316151203,130.878951003978,129.466597617815,-1,1000
0.221,0.221,141.731276156543,126.727564294846,126.710593005575,111.706881143878,130.878951003978,134.01232913428,-1,1000
0.8915,0.8915,133.452569762678,118.483982088555,120.076849183477,105.108261509355,130.878951003978,126.167045167802,-1,1000
0.4475,0.4475,138.732241897702,123.952380475852,124.069478908189,109.289617486339,130.878951003978,131.406044678055,-1,1000
0.8955,0.8955,133.34172158356,117.323759740206,120.423892100193,104.405930256839,130.878951003978,125.628140703518,-1,1000
0.8225,0.8225,134.811800961771,119.17106469984,120.948234155781,105.30749789385,130.878951003978,127.194098193844,-1,1000
0.1675,0.1675,142.395172638442,126.901917246888,126.678489992399,111.185234600845,130.878951003978,134.770889487871,-1,1000
0.6015,0.6015,137.310729499894,121.504066294387,122.850122850123,107.043459644616,130.878951003978,129.735339906591,-1,1000
0.133,0.133,143.338582961246,127.43037504384,128.040973111396,112.13276519399,130.878951003978,135.427952329361,-1,1000
0.0775,0.0775,143.216732771097,128.955393909677,127.48597654258,113.224637681159,130.878951003978,135.832654170062,-1,1000
0.347,0.347,140.066143114622,125.075527074009,125.439036628199,110.448420587586,130.878951003978,132.520540683806,-1,1000
0.977,0.977,130.78802054335,115.77324483786,117.980179329873,102.965403624382,130.878951003978,123.639960435213,-1,1000
0.838,0.838,134.641074917572,118.705593538957,120.977498185338,105.042016806723,130.878951003978,126.935770500127,-1,1000
0.4495,0.4495,138.810077249265,123.7299171832,124.65719272002,109.577032653956,130.878951003978,131.337010769635,-1,1000
0.807,0.807,134.983627654544,119.83670559126,121.124031007752,105.977108944468,130.878951003978,127.45347947999,-1,1000
0.0585,0.0585,144.779382379908,129.306061403741,129.032258064516,113.558937088349,130.878951003978,137.28720483251,-1,1000
0.6975,0.6975,136.222180906753,121.278239858052,122.309197651663,107.365256602963,130.878951003978,128.832775057975,-1,1000
0.4855,0.4855,138.615424312698,123.576171048746,124.161907126893,109.122653862942,130.878951003978,131.061598951507,-1,1000
0.072,0.072,143.877119157099,128.812078508566,127.779197546639,112.714156898106,130.878951003978,136.351240796291,-1,1000
0.275,0.275,140.482447777278,125.049700187622,125.881168177241,110.448420587586,130.878951003978,133.120340788072,-1,1000
0.8275,0.8275,134.985539568163,118.985447145904,121.32977432662,105.329681904361,130.878951003978,127.064803049555,-1,1000
0.8305,0.8305,134.730726043885,119.77996397231,120.860526951898,105.909764880322,130.878951003978,127.323656735421,-1,1000
0.2705,0.2705,141.688110311634,125.60683236192,127.291242362525,111.209964412811,130.878951003978,133.511348464619,-1,1000
0.1945,0.1945,141.737392623116,126.744492650662,126.550240445457,111.557340473003,130.878951003978,134.19216317767,-1,1000
0.6835,0.6835,136.142424693682,121.804080205239,121.980970968529,107.642626480086,130.878951003978,129.098889749548,-1,1000
0.7465,0.7465,135.778457577491,119.969929638588,122.010736944851,106.202209005947,130.878951003978,128.008192524322,-1,1000
0.2275,0.2275,141.902901189532,126.345395884563,126.422250316056,110.864745011086,130.878951003978,133.868808567604,-1,1000
0.845,0.845,134.866207680322,117.29907290757,121.065375302663,103.498240529911,130.878951003978,126.422250316056,-1,1000
0.733,0.733,135.902467621765,121.112057420078,122.040517451794,107.250107250107,130.878951003978,128.501670521717,-1,1000
0.6435,0.6435,136.993492729109,121.928587380408,123.548307388189,108.483402039488,130.878951003978,129.433083096039,-1,1000
0.974,0.974,130.986475257054,116.599016892596,118.035882908404,103.648424543947,130.878951003978,123.731749566939,-1,1000
0.995,0.995,129.170742784893,114.560593196852,116.360251338143,101.750101750102,130.878951003978,121.713729308666,-1,1000
0.654,0.654,137.24784056292,121.18760826772,123.517786561265,107.457554266065,130.878951003978,129.29919834497,-1,1000
0.5025,0.5025,138.248918925691,123.316026047772,124.007936507937,109.075043630017,130.878951003978,130.890052356021,-1,1000
0.9485,0.9485,132.154668099935,115.75323084297,119.303268909568,102.901831652603,130.878951003978,124.192747143567,-1,1000
0.0925,0.0925,143.809941131352,128.635613544108,128.733264675592,113.558937088349,130.878951003978,136.054421768707,-1,1000
0.6225,0.6225,137.701658035979,120.599304773122,123.304562268804,106.202209005947,130.878951003978,129.533678756477,-1,1000
0.6265,0.6265,137.101638397486,122.617729055171,123.2741617357,108.790252393386,130.878951003978,129.600829445308,-1,1000
0.386,0.386,139.689422472978,124.688383056694,124.626121635095,109.625082218812,130.878951003978,132.030631106417,-1,1000
0.176,0.176,142.301416966497,126.765009652162,127.518490181076,111.982082866741,130.878951003978,134.625740441572,-1,1000
0.7725,0.7725,135.310245244012,120.876542595139,121.477162293489,107.043459644616,130.878951003978,128.106584678452,-1,1000
0.7455,0.7455,135.829112814562,120.651038209492,122.129946262824,106.951871657754,130.878951003978,128.238009746089,-1,1000
0.4455,0.4455,139.306771127678,123.134853879053,124.843945068664,108.672027820039,130.878951003978,131.440588853838,-1,1000
0.644,0.644,137.122570880144,121.737089897285,122.819945959224,107.434464976364,130.878951003978,129.466597617815,-1,1000
0.4005,0.4005,139.589855985522,123.96778854306,125.031257814454,109.409190371991,130.878951003978,131.856540084388,-1,1000
0.6935,0.6935,136.284396306158,121.860013160429,122.159784998778,107.735401853049,130.878951003978,128.998968008256,-1,1000
0.1195,0.1195,142.676265840781,127.676065266671,127.258844489692,112.258643915582,130.878951003978,135.354629128316,-1,1000
0.192,0.192,142.08340885576,126.89803703472,126.742712294043,111.557340473003,130.878951003978,134.37248051599,-1,1000
0.815,0.815,134.705855413274,119.230086272663,121.094696052313,105.618926911703,130.878951003978,127.323656735421,-1,1000
0.4545,0.4545,138.583480507019,123.558251116436,124.100273020601,109.075043630017,130.878951003978,131.233595800525,-1,1000
0.1055,0.1055,143.991628777133,127.818359655439,128.633907898122,112.460638776428,130.878951003978,136.054421768707,-1,1000
0.6855,0.6855,137.208080678874,120.733637846379,123.426314490249,106.951871657754,130.878951003978,128.932439401753,-1,1000
0.008,0.008,147.889800313428,132.841276025048,131.544330439358,116.495806150979,130.878951003978,140.291806958474,-1,1000
0.337,0.337,139.248667530221,125.01120825815,124.564025909317,110.326566637246,130.878951003978,132.415254237288,-1,1000
0.0365,0.0365,144.503356351446,130.057784447731,128.600823045268,114.155251141553,130.878951003978,137.475941710201,-1,1000
0.4165,0.4165,139.282248547172,124.303380865863,125.062531265633,110.083663584324,130.878951003978,131.613582521716,-1,1000
0.15,0.15,141.707897319914,126.95668788997,126.358352287086,111.607142857143,130.878951003978,134.698275862069,-1,1000
0.2005,0.2005,142.333811392169,126.532835828023,127.258844489692,111.457868925546,130.878951003978,134.37248051599,-1,1000
0.7575,0.7575,136.207365663236,119.875276956041,122.309197651663,105.977108944468,130.878951003978,127.942681678608,-1,1000
0.1335,0.1335,142.711297795636,127.771890724229,126.871352448617,111.931945377211,130.878951003978,135.208220659816,-1,1000
0.345,0.345,140.173628163375,124.835272324574,125.470514429109,110.132158590308,130.878951003978,132.38019592269,-1,1000
0.11,0.11,142.917008003818,127.736731499798,127.388535031847,112.208258527828,130.878951003978,135.538086202223,-1,1000
0.874,0.874,133.876137380923,118.026235347451,120.540019286403,104.690117252931,130.878951003978,126.167045167802,-1,1000
0.0125,0.0125,147.25980336909,131.865807268101,130.548302872063,115.154306771073,130.878951003978,139.821029082774,-1,1000
0.3345,0.3345,140.37663419934,124.56608250945,126.039828585833,110.229276895944,130.878951003978,132.450331125828,-1,1000
0.7735,0.7735,135.334733227932,120.69796529251,121.56576707999,106.928999144568,130.878951003978,128.073770491803,-1,1000
0.7265,0.7265,135.967092094396,121.006973408688,122.27928588897,107.319167203263,130.878951003978,128.600823045268,-1,1000
0.7845,0.7845,135.876463788913,119.53678461024,122.159784998778,105.820105820106,130.878951003978,127.648710748021,-1,1000
0.908,0.908,133.389110769402,116.819566236213,119.875329657157,103.305785123967,130.878951003978,125.281884239539,-1,1000
0.6675,0.6675,136.738389140108,120.8620359631,122.759636631476,106.883283454468,130.878951003978,129.098889749548,-1,1000
0.845,0.845,134.465162597533,118.5887478665,121.006776379477,105.130361648444,130.878951003978,126.710593005575,-1,1000
0.952,0.952,131.931960762831,116.447671463557,119.132713843221,103.648424543947,130.878951003978,124.347177319075,-1,1000
0.6315,0.6315,137.43052960975,121.725436936506,123.0012300123,107.296137339056,130.878951003978,129.50012950013,-1,1000
0.1435,0.1435,143.486780408727,126.838064655821,128.106584678452,111.457868925546,130.878951003978,135.427952329361,-1,1000
0.1085,0.1085,143.199063650346,128.057847631077,127.779197546639,112.637981527371,130.878951003978,135.722041259501,-1,1000
0.464,0.464,138.059315024343,123.704284914264,123.334977799704,108.979947689625,130.878951003978,131.1303435615,-1,1000
0.666,0.666,136.935746569932,121.620872764492,122.518990443519,107.204116638079,130.878951003978,129.29919834497,-1,1000
0.0205,0.0205,145.120609199226,131.335372586209,129.098889749548,115.313653136531,130.878951003978,138.159712627798,-1,1000
0.0215,0.0215,145.56359147078,131.005990706283,129.50012950013,114.942528735632,130.878951003978,138.274336283186,-1,1000
0.0095,0.0095,147.383673004508,132.216298749944,131.095962244363,115.928587989798,130.878951003978,139.86013986014,-1,1000
0.6045,0.6045,137.130690756656,122.788200546075,123.06177701206,108.719286801479,130.878951003978,129.87012987013,-1,1000
0.5825,0.5825,137.813937605403,122.384240493017,123.304562268804,107.874865156419,130.878951003978,130.106687483737,-1,1000
0.697,0.697,136.559021715647,120.400825720019,122.609122118686,106.450926123057,130.878951003978,128.766417718259,-1,1000
0.0595,0.0595,143.711375805753,129.461936604234,128.040973111396,113.791533909877,130.878951003978,136.46288209607,-1,1000
0.65,0.65,137.616927306614,122.027790648458,123.487280810077,107.898144151921,130.878951003978,129.567245400363,-1,1000
0.3685,0.3685,139.927055939784,124.451053621676,125.125125125125,109.649122807018,130.878951003978,132.205182443152,-1,1000
0.298,0.298,140.546780814261,125.589987774341,125.944584382872,110.987791342952,130.878951003978,133.049494411921,-1,1000
0.623,0.623,136.652020091352,122.184404539539,122.458976242959,107.991360691145,130.878951003978,129.600829445308,-1,1000
0.2575,0.2575,140.989795213992,124.95947770296,125.944584382872,109.91426687184,130.878951003978,133.404482390608,-1,1000
0.6905,0.6905,137.270170702674,120.212045429481,123.395853899309,106.337728626117,130.878951003978,128.832775057975,-1,1000
0.422,0.422,139.12967058992,123.793166441164,124.626121635095,109.289617486339,130.878951003978,131.613582521716,-1,1000
0.252,0.252,141.360609077217,125.595220383652,126.262626262626,110.497237569061,130.878951003978,133.511348464619,-1,1000
0.642,0.642,137.316185132845,121.100935350655,123.304562268804,107.089312486614,130.878951003978,129.366106080207,-1,1000
0.679,0.679,137.177442054147,121.128083699601,123.0012300123,106.951871657754,130.878951003978,129.098889749548,-1,1000
0.0345,0.0345,145.016055702277,130.395459007428,128.932439401753,114.311842706904,130.878951003978,137.892995035852,-1,1000
0.9725,0.9725,130.964535581405,115.600347842427,118.287201324817,102.923013585838,130.878951003978,123.487280810077,-1,1000
0.3425,0.3425,140.725989066619,123.872326477054,125.976316452507,109.122653862942,130.878951003978,132.62599469496,-1,1000
0.819,0.819,134.988958574253,119.96538315709,121.270919233568,106.247343816405,130.878951003978,127.420998980632,-1,1000
0.5615,0.5615,138.003247438349,122.311060240946,123.823675086677,108.131487889273,130.878951003978,130.24225058609,-1,1000
0.285,0.285,141.256123278561,124.570944933129,126.358352287086,109.673173941654,130.878951003978,133.120340788072,-1,1000
0.587,0.587,137.799528861506,121.455338111396,123.548307388189,107.204116638079,130.878951003978,129.93762993763,-1,1000
0.039,0.039,145.261106770536,129.964794552566,129.165590286748,113.869278068777,130.878951003978,137.741046831956,-1,1000
0.3865,0.3865,139.457402328647,124.340411386033,125.031257814454,109.91426687184,130.878951003978,131.96093956189,-1,1000
0.1025,0.1025,143.131758592895,128.045065415346,128.106584678452,113.019891500904,130.878951003978,135.685210312076,-1,1000
0.836,0.836,134.420059951093,119.333714137505,121.153380179307,106.067034365719,130.878951003978,127.064803049555,-1,1000
0.9635,0.9635,131.472676527469,115.440728021503,118.680275338239,102.648326832273,130.878951003978,123.670541676973,-1,1000
0.673,0.673,136.213401885368,121.879303678195,122.488975992161,108.154877784988,130.878951003978,129.198966408269,-1,1000
0.851,0.851,134.75166808943,119.511533329315,121.713729308666,106.473594548552,130.878951003978,127.129417747267,-1,1000
0.5715,0.5715,138.240634657543,121.412535959807,124.378109452736,107.550010755001,130.878951003978,130.005200208008,-1,1000
0.092,0.092,143.782638034034,127.990075204745,128.633907898122,112.841345068833,130.878951003978,136.054421768707,-1,1000
0.595,0.595,137.016521598159,122.90384985412,122.549019607843,108.436347863804,130.878951003978,129.971406290616,-1,1000
0.2075,0.2075,141.119562538175,126.838754970876,125.91286829514,111.632060727841,130.878951003978,133.976420150054,-1,1000
0.0435,0.0435,145.012609665825,129.805175567446,128.998968008256,113.791533909877,130.878951003978,137.551581843191,-1,1000
0.1785,0.1785,142.585249164858,126.698111391599,127.09710218607,111.209964412811,130.878951003978,134.553283100108,-1,1000
0.8525,0.8525,134.489869361515,118.370334142119,120.569086086327,104.449550866931,130.878951003978,126.582278481013,-1,1000
0.667,0.667,136.814716192793,120.72513779207,122.699386503068,106.609808102345,130.878951003978,128.998968008256,-1,1000
0.998,0.998,126.946697502886,109.266224411216,115.260488704472,97.5800156128025,130.878951003978,118.39924224485,-1,1000
0.296,0.296,140.650570040184,125.281174825052,125.817815802718,110.448420587586,130.878951003978,132.978723404255,-1,1000
0.668,0.668,136.188574189898,121.942440810474,121.773015099854,107.52688172043,130.878951003978,129.165590286748,-1,1000
0.586,0.586,137.715852874536,122.081741869573,123.578843302027,107.944732297064,130.878951003978,129.971406290616,-1,1000
0.1785,0.1785,141.474450093671,127.095860409274,126.486213002783,112.107623318386,130.878951003978,134.12017167382,-1,1000
0.0335,0.0335,144.790164917822,130.459441545368,128.799587841319,114.468864468864,130.878951003978,137.892995035852,-1,1000
0.9495,0.9495,131.918798541955,116.750247219604,118.623962040332,103.455410717981,130.878951003978,124.626121635095,-1,1000
0.361,0.361,139.959032278129,123.983164333612,125.31328320802,109.337415263503,130.878951003978,132.240148108966,-1,1000
0.535,0.535,138.488907732028,121.49366730222,124.038700074423,107.043459644616,130.878951003978,130.412102243088,-1,1000
0.11,0.11,143.078650322357,128.188590429043,127.909951394218,113.019891500904,130.878951003978,135.685210312076,-1,1000
0.363,0.363,139.488293669424,124.555497281089,124.750499001996,109.817702613661,130.878951003978,132.135306553911,-1,1000
0.7595,0.7595,135.901474304952,118.805778400521,122.159784998778,105.064089094348,130.878951003978,127.681307456588,-1,1000
0.558,0.558,138.597242057059,121.962216650595,124.161907126893,107.52688172043,130.878951003978,130.344108446298,-1,1000
0.2045,0.2045,141.473460946709,126.442223736231,126.167045167802,111.135807957324,130.878951003978,134.084204880665,-1,1000
0.8355,0.8355,134.423211951266,118.930945833439,120.977498185338,105.485232067511,130.878951003978,127.000254000508,-1,1000
0.636,0.636,136.843653985625,122.278978320753,122.78978388998,108.225108225108,130.878951003978,129.567245400363,-1,1000
0.842,0.842,134.522783440678,118.843090839783,120.743781695243,105.064089094348,130.878951003978,126.903553299492,-1,1000
0.9255,0.9255,132.935921673807,117.146746891173,119.674485399713,103.885310617079,130.878951003978,125.125125125125,-1,1000
0.917,0.917,133.358355626814,118.357312349559,119.932837610938,104.931794333683,130.878951003978,125.596583772921,-1,1000
0.6,0.6,137.837552806723,121.409532113043,123.70113805047,107.27311735679,130.878951003978,129.668049792531,-1,1000
0.463,0.463,139.358793598356,123.403974150087,125.125125125125,109.170305676856,130.878951003978,131.233595800525,-1,1000
0.0505,0.0505,145.137283680927,129.489658109759,129.23235978289,113.584734211722,130.878951003978,137.589433131535,-1,1000
0.013,0.013,147.519887616889,131.886854602454,130.787339785509,115.154306771073,130.878951003978,139.78194017333,-1,1000
0.706,0.706,136.42223781448,120.478535235348,122.010736944851,106.067034365719,130.878951003978,128.633907898122,-1,1000
0.9065,0.9065,133.33353517431,118.092203015481,120.019203072492,104.777870913663,130.878951003978,125.628140703518,-1,1000
0.859,0.859,134.256357172493,119.493738055181,120.336943441637,105.574324324324,130.878951003978,127.032520325203,-1,1000
0.8265,0.8265,134.227906505353,120.280266916864,120.307988450433,106.360348861944,130.878951003978,127.258844489692,-1,1000
0.181,0.181,141.419626704772,126.611156147215,126.167045167802,111.358574610245,130.878951003978,134.156157767642,-1,1000
0.419,0.419,138.447538909351,124.54463072568,123.793018073781,109.89010989011,130.878951003978,131.544330439358,-1,1000
0.671,0.671,136.57052521933,121.607993913312,122.189638318671,107.227107012653,130.878951003978,129.198966408269,-1,1000
0.2975,0.2975,140.317720792036,125.491163641232,125.69130216189,110.864745011086,130.878951003978,132.94336612603,-1,1000
0.4965,0.4965,138.253070997803,123.681547459972,123.88503468781,109.313511149978,130.878951003978,130.958617077004,-1,1000
0.764,0.764,135.497532888859,120.657814838304,121.654501216545,106.81478316599,130.878951003978,128.073770491803,-1,1000
0.2,0.2,141.543129125009,126.546774479488,126.454223571067,111.457868925546,130.878951003978,134.048257372654,-1,1000
0.8185,0.8185,135.318712350091,119.11265359927,121.802679658952,105.596620908131,130.878951003978,127.129417747267,-1,1000
0.4755,0.4755,138.65224150899,123.349217074888,124.688279301746,109.385254867644,130.878951003978,130.992926381975,-1,1000
0.0925,0.0925,143.163823495726,128.535004248609,127.648710748021,113.019891500904,130.878951003978,135.943447525829,-1,1000
0.422,0.422,139.596262884965,123.238440091549,125.219133483596,108.861310690181,130.878951003978,131.613582521716,-1,1000
0.902,0.902,133.347758074311,117.705669123466,120.048019207683,104.405930256839,130.878951003978,125.596583772921,-1,1000
0.061,0.061,144.072893472593,129.546540271184,128.369704749679,113.84335154827,130.878951003978,136.873802354229,-1,1000
0.7025,0.7025,136.489141377229,121.008111342559,122.639195486878,107.158165452207,130.878951003978,128.832775057975,-1,1000
0.041,0.041,144.573179553493,129.917031008405,128.733264675592,114.077116130504,130.878951003978,137.475941710201,-1,1000
0.543,0.543,137.692748996966,122.649659560821,123.762376237624,108.719286801479,130.878951003978,130.412102243088,-1,1000
0.28,0.28,140.864123516726,125.238722976821,125.976316452507,110.350915912602,130.878951003978,133.226751931788,-1,1000
0.168,0.168,142.161697520195,126.784705793985,127.258844489692,111.881852763482,130.878951003978,134.553283100108,-1,1000
0.6465,0.6465,137.512922110869,121.401440044442,123.823675086677,107.71219302025,130.878951003978,129.433083096039,-1,1000
0.023,0.023,145.430495094429,130.966370379627,129.433083096039,114.968958381237,130.878951003978,138.312586445367,-1,1000
0.4955,0.4955,138.549403916427,123.282001039713,124.223602484472,108.956199607758,130.878951003978,130.924325739722,-1,1000
0.881,0.881,133.92770685104,118.797654403576,120.481927710843,105.35187526338,130.878951003978,126.422250316056,-1,1000
0.0925,0.0925,144.229313456233,127.928054652832,128.53470437018,112.233445566779,130.878951003978,136.500136500137,-1,1000
0.9525,0.9525,132.024872714642,117.730428785694,118.962645729241,104.668201800293,130.878951003978,124.843945068664,-1,1000
0.4615,0.4615,138.550135923741,123.586479479335,124.038700074423,109.075043630017,130.878951003978,131.233595800525,-1,1000
0.391,0.391,139.375830918198,124.564137550858,124.53300124533,109.72130787799,130.878951003978,131.96093956189,-1,1000
0.6235,0.6235,137.284413288715,122.020047278679,123.395853899309,108.131487889273,130.878951003978,129.634430904848,-1,1000
0.2265,0.2265,141.0222161778,125.818331240801,126.167045167802,110.963160230803,130.878951003978,133.725595078898,-1,1000
0.3495,0.3495,139.833914482004,125.17841458595,125.250501002004,110.59500110595,130.878951003978,132.345156167284,-1,1000
0.6175,0.6175,137.290055372914,121.858425564893,122.819945959224,107.388316151203,130.878951003978,129.668049792531,-1,1000
0.551,0.551,137.641972081637,123.05664739401,123.517786561265,108.932461873638,130.878951003978,130.310138128746,-1,1000
0.0865,0.0865,143.70159830526,128.433651883733,127.779197546639,112.511251125113,130.878951003978,136.165577342048,-1,1000
0.375,0.375,140.15535492635,124.256931399573,126.103404791929,110.204981265153,130.878951003978,132.240148108966,-1,1000
0.004,0.004,148.12032902803,133.993951411266,131.856540084388,117.730162467624,130.878951003978,141.043723554302,-1,1000
0.0125,0.0125,147.708552230907,132.048165198046,131.027253668763,115.366866635902,130.878951003978,140.09526478005,-1,1000
0.6435,0.6435,136.151178611664,121.863253413839,122.27928588897,107.991360691145,130.878951003978,129.366106080207,-1,1000
0.4995,0.4995,138.352927601609,123.723399708643,123.823675086677,109.19414719371,130.878951003978,130.890052356021,-1,1000
0.992,0.992,129.432116311179,114.9867604811,116.904372223521,102.459016393443,130.878951003978,122.27928588897,-1,1000
0.5745,0.5745,138.188798753863,122.631678111966,123.946455131383,108.389334489486,130.878951003978,130.174433741213,-1,1000
0.126,0.126,142.736340586966,127.279750932329,127.388535031847,111.931945377211,130.878951003978,135.281385281385,-1,1000
0.2315,0.2315,140.841090646117,126.657370999838,125.69130216189,111.507582515611,130.878951003978,133.618385889898,-1,1000
0.704,0.704,136.605751111629,120.297040603211,122.759636631476,106.450926123057,130.878951003978,128.567755206994,-1,1000
0.625,0.625,137.032449445935,121.623889093586,122.819945959224,107.411385606874,130.878951003978,129.567245400363,-1,1000
0.975,0.975,130.881570070441,115.158276774572,118.203309692671,102.480016396803,130.878951003978,123.06177701206,-1,1000
0.447,0.447,138.94489522598,123.682312815503,124.409056979348,109.146474568871,130.878951003978,131.302521008403,-1,1000
0.532,0.532,138.926822204487,122.0674566527,124.501992031873,107.642626480086,130.878951003978,130.51422605064,-1,1000
0.176,0.176,141.995605042101,126.267548218154,126.839167935058,111.111111111111,130.878951003978,134.44474321054,-1,1000
0.2695,0.2695,139.76340881783,126.110097481066,124.937531234383,111.284219897619,130.878951003978,133.014099494546,-1,1000
0.932,0.932,133.034951314566,116.196183552876,119.846596356663,103.007828594973,130.878951003978,124.875124875125,-1,1000
0.2855,0.2855,140.658589761192,125.719665435093,125.754527162978,110.815602836879,130.878951003978,133.084908171413,-1,1000
0.215,0.215,140.700546532626,126.764048256842,125.344697919278,111.408199643494,130.878951003978,133.904659882164,-1,1000
0.5875,0.5875,137.811550177359,121.904337992209,124.038700074423,108.131487889273,130.878951003978,129.93762993763,-1,1000
0.807,0.807,135.44638298208,119.601840722971,121.32977432662,105.485232067511,130.878951003978,127.48597654258,-1,1000
0.1305,0.1305,141.636707002196,127.917208316654,126.230749810654,112.511251125113,130.878951003978,134.807225667296,-1,1000
0.091,0.091,143.448989955615,128.314870343884,128.205128205128,113.071008593397,130.878951003978,136.017410228509,-1,1000
0.7805,0.7805,135.041292030031,120.442868608176,121.094696052313,106.496272630458,130.878951003978,127.877237851662,-1,1000
0.8345,0.8345,134.368748816333,119.326400391617,120.772946859903,105.730598435187,130.878951003978,127.000254000508,-1,1000
0.242,0.242,140.881375066655,125.835859856846,126.230749810654,111.185234600845,130.878951003978,133.547008547009,-1,1000
0.3505,0.3505,139.317215007083,125.077943435641,124.347177319075,110.107905747633,130.878951003978,132.275132275132,-1,1000
0.9475,0.9475,132.074287602256,116.901419370538,118.821292775665,103.648424543947,130.878951003978,124.719381391868,-1,1000
0.8895,0.8895,133.626255133183,117.724959089355,120.481927710843,104.580631667015,130.878951003978,125.944584382872,-1,1000
0.731,0.731,135.872177387114,120.631322031488,122.399020807834,107.158165452207,130.878951003978,128.600823045268,-1,1000
0.735,0.735,136.016594702857,119.83333850369,121.980970968529,105.797714769361,130.878951003978,128.205128205128,-1,1000
0.6045,0.6045,137.493243049048,122.925083771927,122.91052114061,108.342361863489,130.878951003978,130.039011703511,-1,1000
0.001,0.001,149.372840312529,135.047661775567,132.696390658174,118.371212121212,130.878951003978,142.287990893569,-1,1000
0.6535,0.6535,137.029441327943,121.907747443993,122.880314573605,107.758620689655,130.878951003978,129.366106080207,-1,1000
0.018,0.018,146.408344512654,131.439672956261,129.93762993763,114.968958381237,130.878951003978,139.004726160689,-1,1000
0.4585,0.4585,138.879862507894,123.861637689127,124.069478908189,109.051254089422,130.878951003978,131.302521008403,-1,1000
0.1235,0.1235,143.426977787715,127.372050832742,128.238009746089,112.183082791115,130.878951003978,135.685210312076,-1,1000
0.041,0.041,144.910359889088,129.794965400681,128.700128700129,113.584734211722,130.878951003978,137.551581843191,-1,1000
0.9865,0.9865,129.883868780062,114.27715640009,117.481203007519,101.874490627547,130.878951003978,122.129946262824,-1,1000
0.51,0.51,138.871718678971,122.589434919891,124.812780828757,108.530497069677,130.878951003978,130.753138075314,-1,1000
0.8285,0.8285,134.641777729823,119.63936505513,120.889748549323,105.887335874629,130.878951003978,127.258844489692,-1,1000
0.1745,0.1745,141.857368015956,126.536050824475,126.903553299492,111.582236108012,130.878951003978,134.408602150538,-1,1000
0.136,0.136,142.790906902411,127.322379208886,127.551020408163,112.082492714638,130.878951003978,135.208220659816,-1,1000
0.534,0.534,138.045568959819,122.738704869572,123.578843302027,108.27197921178,130.878951003978,130.51422605064,-1,1000
0.274,0.274,141.288853531522,124.642118849164,126.008064516129,109.361329833771,130.878951003978,133.262260127932,-1,1000
0.7595,0.7595,136.140902655158,119.898994373864,122.399020807834,106.157112526539,130.878951003978,128.106584678452,-1,1000
0.3945,0.3945,139.969931648072,123.359782983164,125.187781672509,108.5776330076,130.878951003978,131.995776135164,-1,1000
0.3055,0.3055,140.103930206621,124.586004758171,125.722906713603,110.204981265153,130.878951003978,132.766861391397,-1,1000
0.984,0.984,130.208126994575,114.031325240924,117.370892018779,101.194090265129,130.878951003978,122.27928588897,-1,1000
0.9635,0.9635,131.618557449834,116.432178172576,118.87779362815,103.691414350892,130.878951003978,124.038700074423,-1,1000
0.4175,0.4175,138.864411286947,123.844786367994,124.285359184688,109.265734265734,130.878951003978,131.544330439358,-1,1000
0.685,0.685,136.584560094034,120.358416698752,122.609122118686,106.382978723404,130.878951003978,128.766417718259,-1,1000
0.099,0.099,142.870499178836,128.321362045772,127.161749745677,112.612612612613,130.878951003978,135.685210312076,-1,1000
0.0135,0.0135,147.278016904373,131.900028689261,131.199160325374,115.821172110262,130.878951003978,139.508928571429,-1,1000
0.5385,0.5385,137.972162950608,123.478677084266,123.639960435213,109.146474568871,130.878951003978,130.582397492818,-1,1000
0.5625,0.5625,138.221096127008,122.048254459448,123.88503468781,107.71219302025,130.878951003978,130.310138128746,-1,1000
0.997,0.997,127.759455521996,111.637280568323,115.982370679657,99.8601957259836,130.878951003978,119.904076738609,-1,1000
0.9285,0.9285,132.64769160744,116.722056423046,119.703136222169,103.777501037775,130.878951003978,124.875124875125,-1,1000
0.019,0.019,146.078174619551,131.157879730068,129.836406128278,114.916111238796,130.878951003978,138.69625520111,-1,1000
0.279,0.279,140.587885589201,125.541399428643,125.470514429109,110.424028268551,130.878951003978,133.155792276964,-1,1000
0.656,0.656,136.556267422218,121.778014710421,122.189638318671,107.411385606874,130.878951003978,129.198966408269,-1,1000
0.224,0.224,140.61963187783,126.458805802669,125.817815802718,111.656989727557,130.878951003978,133.547008547009,-1,1000
0.911,0.911,133.102830262217,117.49579148773,119.904076738609,104.297037964122,130.878951003978,125.596583772921,-1,1000
0.9865,0.9865,129.841072836345,113.925616498292,117.06860220089,101.153145862836,130.878951003978,121.980970968529,-1,1000
0.1305,0.1305,143.255446820303,127.292316765217,127.420998980632,111.457868925546,130.878951003978,135.391280801516,-1,1000
0.3495,0.3495,139.797999591239,125.142499695185,125.250501002004,110.59500110595,130.878951003978,132.345156167284,-1,1000
0.9275,0.9275,132.80191079224,116.775912442221,119.846596356663,103.820598006645,130.878951003978,125.093820365274,-1,1000
0.0685,0.0685,143.874922870236,128.927297029222,128.172263522174,113.224637681159,130.878951003978,136.537411250683,-1,1000
0.3735,0.3735,139.481047679476,124.634159513001,124.906320259805,110.05943209333,130.878951003978,132.100396301189,-1,1000
0.515,0.515,138.355433386066,122.94772701843,123.609394313968,108.201687946332,130.878951003978,130.684788290643,-1,1000
0.9905,0.9905,129.429078777178,114.259187370846,116.71335200747,101.543460601137,130.878951003978,121.862052156958,-1,1000
0.1495,0.1495,142.916614466051,127.292680384631,127.681307456588,112.057373375168,130.878951003978,135.135135135135,-1,1000
0.5755,0.5755,137.398156213152,122.661324468294,123.243776189302,108.506944444444,130.878951003978,130.072840790843,-1,1000
0.1225,0.1225,142.96285839273,127.664144146909,127.356087620988,112.057373375168,130.878951003978,135.427952329361,-1,1000
0.208,0.208,141.889781944197,125.903790869238,127.09710218607,111.111111111111,130.878951003978,134.12017167382,-1,1000
0.194,0.194,141.971943348128,126.355203688914,126.678489992399,111.061750333185,130.878951003978,134.30029546065,-1,1000
0.189,0.189,142.827619847168,126.265334337982,127.648710748021,111.086425238836,130.878951003978,134.44474321054,-1,1000
0.0925,0.0925,142.544911820968,128.192158695958,127.194098193844,112.841345068833,130.878951003978,135.611608353675,-1,1000
0.1485,0.1485,141.712549038661,127.186001716907,126.358352287086,111.831804965332,130.878951003978,134.661998384056,-1,1000
0.525,0.525,138.038144140134,122.565553327897,123.487280810077,108.01468999784,130.878951003978,130.582397492818,-1,1000
0.6145,0.6145,137.141701527239,121.842789169503,122.549019607843,107.250107250107,130.878951003978,129.70168612192,-1,1000
0.9505,0.9505,132.022814989681,117.574351200327,118.680275338239,104.231811548885,130.878951003978,124.875124875125,-1,1000
0.259,0.259,141.276200051449,125.296503613069,126.550240445457,110.570544007077,130.878951003978,133.547008547009,-1,1000
0.6295,0.6295,137.170010701845,122.387053283582,123.031496062992,108.248538644728,130.878951003978,129.668049792531,-1,1000
0.824,0.824,134.846039215781,119.228481957911,121.036068748487,105.418511490618,130.878951003978,127.129417747267,-1,1000
0.8355,0.8355,134.8554757438,119.595395138019,120.656370656371,105.39629005059,130.878951003978,127.09710218607,-1,1000
0.774,0.774,135.33681378437,120.344768083867,121.32977432662,106.337728626117,130.878951003978,127.877237851662,-1,1000
0.086,0.086,142.682221672159,128.759661877779,126.968004062976,113.045444268596,130.878951003978,135.98041881969,-1,1000
0.4515,0.4515,138.527685537973,123.095350278824,123.915737298637,108.483402039488,130.878951003978,131.302521008403,-1,1000
0.578,0.578,138.178047412937,122.077519149238,124.161907126893,108.061378863194,130.878951003978,130.14055179594,-1,1000
0.8725,0.8725,133.933407326599,118.347208359256,120.540019286403,104.95382031906,130.878951003978,126.454223571067,-1,1000
0.8705,0.8705,133.999350448118,119.372290783201,120.13455069678,105.507491031863,130.878951003978,126.710593005575,-1,1000
0.2345,0.2345,141.225581192465,126.049380168675,126.262626262626,111.086425238836,130.878951003978,133.689839572193,-1,1000
0.7325,0.7325,136.023482550974,121.135070933005,122.369065100343,107.480653482373,130.878951003978,128.53470437018,-1,1000
0.683,0.683,136.699319598216,120.778195892662,122.850122850123,106.928999144568,130.878951003978,128.965695125097,-1,1000
0.5345,0.5345,138.186548823866,123.039470695237,123.70113805047,108.554059921841,130.878951003978,130.616509926855,-1,1000
0.4945,0.4945,138.599902481515,123.192376395139,124.316260566882,108.908734480505,130.878951003978,130.855796911803,-1,1000
0.028,0.028,145.03579377359,130.497515201106,129.533678756477,114.995400183993,130.878951003978,137.779002480022,-1,1000
0.516,0.516,137.99212656275,123.593286996182,123.426314490249,109.027474923681,130.878951003978,130.718954248366,-1,1000
0.778,0.778,135.11958934012,119.40543603315,121.713729308666,105.999576001696,130.878951003978,127.58356723654,-1,1000
0.1775,0.1775,142.09006151533,126.847669589827,126.774847870183,111.53245594468,130.878951003978,134.408602150538,-1,1000
0.0865,0.0865,142.91640175154,128.720040452067,127.420998980632,113.224637681159,130.878951003978,135.906496330525,-1,1000
0.765,0.765,135.608418293724,120.279333183323,121.802679658952,106.473594548552,130.878951003978,128.139415684264,-1,1000
0.7835,0.7835,135.018466125199,120.206887819786,120.743781695243,105.932203389831,130.878951003978,127.811860940695,-1,1000
0.754,0.754,135.947798966078,120.035357783704,122.159784998778,106.247343816405,130.878951003978,128.008192524322,-1,1000
0.846,0.846,134.249088003184,119.53107147325,120.336943441637,105.618926911703,130.878951003978,126.839167935058,-1,1000
0.709,0.709,136.17207777165,120.389064513138,122.27928588897,106.496272630458,130.878951003978,128.600823045268,-1,1000
0.1965,0.1965,142.198905488534,126.713621603931,126.968004062976,111.482720178372,130.878951003978,134.44474321054,-1,1000
0.949,0.949,132.129258905523,117.393856049051,119.075970469159,104.340567612688,130.878951003978,124.750499001996,-1,1000
0.3405,0.3405,139.79626573795,125.404832226318,124.937531234383,110.54609772275,130.878951003978,132.450331125828,-1,1000
0.6575,0.6575,136.735030255898,122.044377099418,122.518990443519,107.828337287039,130.878951003978,129.332643559234,-1,1000
0.4105,0.4105,139.743916131982,123.95620627036,125.125125125125,109.337415263503,130.878951003978,131.821776957553,-1,1000
0.678,0.678,136.352535951287,121.083029953477,122.129946262824,106.860440265014,130.878951003978,128.998968008256,-1,1000
0.5945,0.5945,137.187119401731,122.134940525413,122.27928588897,107.227107012653,130.878951003978,129.836406128278,-1,1000
0.5515,0.5515,138.207143394539,122.535224419054,123.639960435213,107.968041459728,130.878951003978,130.344108446298,-1,1000
0.4165,0.4165,139.731677625295,123.545605808102,125,108.813928182807,130.878951003978,131.648235913639,-1,1000
0.704,0.704,136.565571074667,121.306355210157,121.891760117016,106.632544252506,130.878951003978,128.899200824955,-1,1000
0.7645,0.7645,135.363689906603,120.31688320156,121.56576707999,106.518960374947,130.878951003978,128.040973111396,-1,1000
0.6505,0.6505,137.048000722227,121.662519739368,122.819945959224,107.434464976364,130.878951003978,129.23235978289,-1,1000
0.8365,0.8365,134.448398816562,119.727448077856,121.036068748487,106.315118009781,130.878951003978,127.161749745677,-1,1000
0.131,0.131,142.416734012721,127.39493958384,127.129417747267,112.107623318386,130.878951003978,135.135135135135,-1,1000
0.747,0.747,136.391590013845,120.479929886905,122.249388753056,106.337728626117,130.878951003978,128.205128205128,-1,1000
0.2995,0.2995,140.027727906008,125.030037162272,125.470514429109,110.472823685373,130.878951003978,132.731616671091,-1,1000
0.9,0.9,133.445994736125,118.889774156778,120.019203072492,105.462982493145,130.878951003978,126.230749810654,-1,1000
0.7165,0.7165,135.856231323251,120.690043520712,121.980970968529,106.81478316599,130.878951003978,128.633907898122,-1,1000
0.814,0.814,135.084772185692,119.932798663007,121.241513094083,106.089539571398,130.878951003978,127.518490181076,-1,1000
0.18,0.18,141.75987395471,126.756381130299,126.486213002783,111.482720178372,130.878951003978,134.30029546065,-1,1000
0.105,0.105,143.125984021959,128.29117311828,128.008192524322,113.173381620643,130.878951003978,135.574837310195,-1,1000
0.168,0.168,143.039703557787,126.32885162668,127.551020408163,110.840168477056,130.878951003978,134.843581445523,-1,1000
0.972,0.972,131.006928863649,114.961831961686,118.39924224485,102.354145342886,130.878951003978,123.213405618531,-1,1000
0.5945,0.5945,137.666241845602,121.827715226531,123.365408339502,107.52688172043,130.878951003978,129.836406128278,-1,1000
0.308,0.308,140.20204603325,125.173745035166,125.281884239539,110.253583241455,130.878951003978,132.837407013815,-1,1000
0.4735,0.4735,138.61719170916,123.74797341577,124.254473161034,109.385254867644,130.878951003978,131.1303435615,-1,1000
0.803,0.803,135.260464396925,118.736714123657,121.56576707999,105.042016806723,130.878951003978,127.09710218607,-1,1000
0.483,0.483,138.18815953264,124.047328926647,123.334977799704,109.19414719371,130.878951003978,131.1303435615,-1,1000
0.7345,0.7345,136.071420308792,120.622662922142,122.309197651663,106.860440265014,130.878951003978,128.46865364851,-1,1000
0.733,0.733,135.830004410223,120.853538856094,121.951219512195,106.974753958066,130.878951003978,128.600823045268,-1,1000
0.0655,0.0655,143.646264817532,128.855574831844,128.040973111396,113.250283125708,130.878951003978,136.388434260775,-1,1000
0.535,0.535,138.247911005874,123.030226891323,124.007936507937,108.790252393386,130.878951003978,130.548302872063,-1,1000
0.2265,0.2265,141.128215366108,126.030949907848,125.91286829514,110.815602836879,130.878951003978,133.689839572193,-1,1000
0.819,0.819,135.14837470558,119.981311314088,121.5953307393,106.428267347808,130.878951003978,127.48597654258,-1,1000
0.345,0.345,140.441580910674,124.706010679231,126.135216952573,110.39964672113,130.878951003978,132.520540683806,-1,1000
0.4435,0.4435,139.398532412749,123.317908542919,124.564025909317,108.483402039488,130.878951003978,131.475151196424,-1,1000
0.803,0.803,135.181546866556,119.158888991327,121.241513094083,105.218855218855,130.878951003978,127.48597654258,-1,1000
0.817,0.817,134.892740952317,118.877724537308,121.300339640951,105.285323225942,130.878951003978,127.129417747267,-1,1000
0.875,0.875,134.38504541514,118.840935976535,120.365912373616,104.82180293501,130.878951003978,126.614332742466,-1,1000
0.2775,0.2775,140.178425685432,125.744997643176,125.470514429109,111.037086386853,130.878951003978,133.049494411921,-1,1000
0.7005,0.7005,136.715542343202,119.232421653466,122.458976242959,104.975855553223,130.878951003978,128.53470437018,-1,1000
0.104,0.104,143.178864462557,128.712779420881,127.48597654258,113.019891500904,130.878951003978,135.722041259501,-1,1000
0.002,0.002,149.757238786687,134.891195858043,132.485426603074,117.61938367443,130.878951003978,142.287990893569,-1,1000
0.1175,0.1175,143.22521646216,127.664529005917,127.844541038098,112.283853581855,130.878951003978,135.574837310195,-1,1000
0.9415,0.9415,132.621080372884,116.287801500312,119.703136222169,103.369857349597,130.878951003978,124.440019910403,-1,1000
0.432,0.432,138.801850434226,123.959710346864,124.347177319075,109.505037231713,130.878951003978,131.406044678055,-1,1000
0.792,0.792,135.314295231381,119.522229565101,121.388686574411,105.596620908131,130.878951003978,127.518490181076,-1,1000
0.751,0.751,135.97481321979,119.695103332516,122.27928588897,105.999576001696,130.878951003978,128.073770491803,-1,1000
0.8555,0.8555,134.052202927959,119.685866556039,120.365912373616,105.999576001696,130.878951003978,127.032520325203,-1,1000
0.7885,0.7885,135.794131427205,118.579878351609,121.773015099854,104.558762024258,130.878951003978,127.48597654258,-1,1000
0.2505,0.2505,140.69244054262,125.518572515959,125.817815802718,110.643947776057,130.878951003978,133.333333333333,-1,1000
0.8805,0.8805,134.156469661021,117.390964434154,120.80212611742,104.036620890553,130.878951003978,126.008064516129,-1,1000
0.517,0.517,137.960918012576,123.378992296074,123.395853899309,108.813928182807,130.878951003978,130.787339785509,-1,1000
