"p","p_no_mc","upper","lower","upper_no_mc","lower_no_mc","truemu","obsD","l","size"
0.0655,0.0655,25.7534991006721,23.8801029978814,25.5395246818308,23.6661285790402,24.070159959199,24.8280142745446,0,3162
0.2875,0.2875,25.2593532139991,23.4546867221003,25.0754191225004,23.2707526306017,24.070159959199,24.3374020319446,0,3162
0.6735,0.6735,24.7849029893213,22.9504228238139,24.5764497347141,22.7419695692067,24.070159959199,23.8513482057149,0,3162
0.2585,0.2585,25.347045018869,23.4803202823915,25.1328694383049,23.2661447018274,24.070159959199,24.3843060173439,0,3162
0.0965,0.0965,25.575592863701,23.7623283456029,25.4020143427491,23.5887498246511,24.070159959199,24.6709323833579,0,3162
0.1965,0.1965,25.364481384909,23.5543987786171,25.1558001971182,23.3457175908264,24.070159959199,24.4656904771516,0,3162
0.1035,0.1035,25.6462005323196,23.7093230877144,25.4306213239195,23.4937438793143,24.070159959199,24.6798516022295,0,3162
0.4945,0.4945,24.983484891691,23.155598261413,24.7909515825232,22.9630649522452,24.070159959199,24.0786720465632,0,3162
0.6705,0.6705,24.7872838650913,22.9281857531578,24.5951377398543,22.7360396279207,24.070159959199,23.8671854737081,0,3162
0.8915,0.8915,24.3903624343807,22.6354051320569,24.2047898694743,22.4498325671505,24.070159959199,23.4970581671176,0,3162
0.9475,0.9475,24.2143809069629,22.4003056984885,24.0613745967424,22.2472993882681,24.070159959199,23.307302057038,0,3162
0.9215,0.9215,24.3498809868492,22.4985567911445,24.1444038087196,22.2930796130149,24.070159959199,23.4208997120553,0,3162
0.737,0.737,24.7022383104471,22.8455974761573,24.5272174203156,22.6705765860258,24.070159959199,23.7767475227101,0,3162
0.52,0.52,24.9545542136428,23.1480571590667,24.7564310767239,22.9499340221478,24.070159959199,24.0463976903915,0,3162
0.524,0.524,24.994691718472,23.117106295906,24.8098210042194,22.9322355816534,24.070159959199,24.0395353023704,0,3162
0.2905,0.2905,25.309189417589,23.4346732022104,25.1099101149839,23.2353938996053,24.070159959199,24.3469838183712,0,3162
0.204,0.204,25.3950700729286,23.5455104273428,25.1833080155148,23.3337483699289,24.070159959199,24.4607464489294,0,3162
0.4315,0.4315,25.1007590754872,23.2406134283239,24.9068966840445,23.0467510368811,24.070159959199,24.154404090654,0,3162
0.968,0.968,24.115187159335,22.31234327344,23.941242618053,22.138398732158,24.070159959199,23.2307508082081,0,3162
0.229,0.229,25.2955515826724,23.5021821232359,25.1065934051677,23.3132239457313,24.070159959199,24.4132495767619,0,3162
0.1535,0.1535,25.5227217448332,23.633136461892,25.3268646403768,23.4372793574356,24.070159959199,24.5557947807115,0,3162
0.6445,0.6445,24.7829855605214,22.9542342517197,24.6071408957392,22.7783895869375,24.070159959199,23.8790893697546,0,3162
0.7445,0.7445,24.7169601122189,22.8871671014406,24.4922110599336,22.6624180491553,24.070159959199,23.790227270731,0,3162
0.857,0.857,24.4544103157265,22.6636258252055,24.2744860601038,22.4837015695828,24.070159959199,23.5650408530654,0,3162
0.067,0.067,25.7241288970131,23.8429020610717,25.5232502983494,23.642023462408,24.070159959199,24.786568204232,0,3162
0.397,0.397,25.0862539908706,23.2797298201818,24.8838521042203,23.0773279335315,24.070159959199,24.1858135220805,0,3162
0.715,0.715,24.7287595620691,22.8534241355943,24.5742934487386,22.6989580222638,24.070159959199,23.8001517431918,0,3162
0.032,0.032,25.9061562910969,24.017860584404,25.6941764772956,23.8058807706027,24.070159959199,24.9813011282873,0,3162
0.6595,0.6595,24.7584618000701,22.9479133246946,24.5708478347211,22.7602993593456,24.070159959199,23.870491740438,0,3162
0.574,0.574,24.9610108017519,23.0697411055426,24.7579072093204,22.8666375131111,24.070159959199,23.9984471919311,0,3162
0.5845,0.5845,24.9112054240426,23.1205054696694,24.7264537030928,22.9357537487195,24.070159959199,23.9772724439477,0,3162
0.949,0.949,24.2060394395122,22.4481245195392,24.0235430645572,22.2656281445842,24.070159959199,23.3300382715164,0,3162
0.323,0.323,25.183746554776,23.3490754162014,24.9945703685523,23.1598992299777,24.070159959199,24.2826442325051,0,3162
0.8265,0.8265,24.5919280087287,22.7214049168742,24.3870892364776,22.5165661446231,24.070159959199,23.6362436188169,0,3162
0.3205,0.3205,25.207119442029,23.3853413662491,25.0004458553822,23.1786677796023,24.070159959199,24.2838744920478,0,3162
0.246,0.246,25.2837519984702,23.4697640702056,25.1028491314077,23.2888612031432,24.070159959199,24.3848273427912,0,3162
0.502,0.502,24.9653860998684,23.0507898587676,24.7791999118152,22.8646036707144,24.070159959199,24.0681420438433,0,3162
0.7805,0.7805,24.6943981018367,22.7731965776385,24.5248544767517,22.6036529525534,24.070159959199,23.7043490804034,0,3162
0.3565,0.3565,25.1589486707681,23.3618830825232,24.9635864021651,23.1665208139203,24.070159959199,24.2535901901108,0,3162
0.1985,0.1985,25.4214197357971,23.5248524730202,25.2364418421101,23.3398745793331,24.070159959199,24.4751759565436,0,3162
0.8375,0.8375,24.5332764927317,22.7382829633291,24.3588602268205,22.5638666974179,24.070159959199,23.6171617452981,0,3162
0.326,0.326,25.2207320229136,23.3691554645845,25.0190140840815,23.1674375257524,24.070159959199,24.2885325121705,0,3162
0.8575,0.8575,24.4780333584779,22.6563159714883,24.2620826881213,22.4403653011318,24.070159959199,23.5542341711232,0,3162
0.8625,0.8625,24.4798993085409,22.599290708175,24.2956983356555,22.4150897352896,24.070159959199,23.5598513604464,0,3162
0.3545,0.3545,25.1848051983785,23.3074467876739,25.0098919428171,23.1325335321125,24.070159959199,24.2457578543814,0,3162
0.6385,0.6385,24.7872557640827,23.0141732635545,24.5783038850259,22.8052213844977,24.070159959199,23.9084477560596,0,3162
0.318,0.318,25.2203448695786,23.4132397022513,24.9960249523686,23.1889197850412,24.070159959199,24.2977898693123,0,3162
0.438,0.438,25.0538104469669,23.2445747041118,24.8487131586239,23.0394774157687,24.070159959199,24.1448816028443,0,3162
0.7285,0.7285,24.6479645090556,22.8798028736178,24.4551542066259,22.6869925711881,24.070159959199,23.7836989852427,0,3162
0.889,0.889,24.4123446839553,22.6387876830207,24.2200413021878,22.4464843012533,24.070159959199,23.5060579234954,0,3162
0.8195,0.8195,24.5600602221994,22.7544059101038,24.3703392628339,22.5646849507383,24.070159959199,23.652428869986,0,3162
0.1595,0.1595,25.4285188500582,23.6458172676691,25.2408525974874,23.4581510150984,24.070159959199,24.5183637189627,0,3162
0.911,0.911,24.3622246447367,22.5355472265126,24.205939914134,22.3792624959098,24.070159959199,23.4465961674338,0,3162
0.407,0.407,25.1038100701348,23.2957733788163,24.9078723085326,23.0998356172141,24.070159959199,24.1825922804049,0,3162
0.7785,0.7785,24.6768228830754,22.8246458793731,24.4479830555973,22.595806051895,24.070159959199,23.7302068722983,0,3162
0.817,0.817,24.5890064863594,22.7313492632414,24.4356308579088,22.5779736347908,24.070159959199,23.6522644669382,0,3162
0.7615,0.7615,24.6212924783093,22.8854952744868,24.4444862379247,22.7086890341022,24.070159959199,23.7417110382281,0,3162
0.4655,0.4655,25.0717505015438,23.1564956384065,24.9091729093587,22.9939180462214,24.070159959199,24.1033143796464,0,3162
0.7005,0.7005,24.7311858140499,22.9124986569124,24.5608386366089,22.7421514794714,24.070159959199,23.8166603604284,0,3162
0.5895,0.5895,24.843063205428,22.9943899020149,24.6228086467924,22.7741353433793,24.070159959199,23.9506436077713,0,3162
0.7635,0.7635,24.6920764800781,22.8326172795652,24.53659348243,22.6771342819171,24.070159959199,23.7426708250841,0,3162
0.3995,0.3995,25.1018000904544,23.2999169934134,24.9242728953961,23.1223897983551,24.070159959199,24.1856844398352,0,3162
0.7945,0.7945,24.59878109393,22.826994137821,24.43674175281,22.664954796701,24.070159959199,23.6859957170967,0,3162
0.097,0.097,25.5935016298361,23.754163423314,25.3812045895209,23.5418663829988,24.070159959199,24.6695156175025,0,3162
0.8985,0.8985,24.3499798350969,22.5223669641811,24.1689669577149,22.3413540867992,24.070159959199,23.4770832401087,0,3162
0.1,0.1,25.67517612478,23.7100189151807,25.4902403954538,23.5250831858545,24.070159959199,24.7172847343436,0,3162
0.809,0.809,24.6276928567917,22.7617783363815,24.4530833051889,22.5871687847787,24.070159959199,23.6728050535902,0,3162
0.6905,0.6905,24.7556266232553,22.9433578811002,24.5435750216604,22.7313062795053,24.070159959199,23.8460170432489,0,3162
0.021,0.021,26.0543892272137,24.101283699218,25.8915542988226,23.9384487708269,24.070159959199,25.0896708911433,0,3162
0.3395,0.3395,25.1697661618052,23.3719682699093,25.0068495148096,23.2090516229138,24.070159959199,24.2739239490273,0,3162
0.727,0.727,24.6803866788023,22.900958853356,24.4773086425735,22.6978808171272,24.070159959199,23.8066969967643,0,3162
0.98,0.98,24.0145536691113,22.288064847804,23.8199020789418,22.0934132576345,24.070159959199,23.1550180879944,0,3162
0.6445,0.6445,24.8141416625552,23.0241996855035,24.6507943158566,22.8608523388049,24.070159959199,23.9062535052557,0,3162
0.962,0.962,24.1289830048435,22.4435570084192,23.9430669788661,22.2576409824419,24.070159959199,23.2812713173196,0,3162
0.228,0.228,25.4364288151839,23.4824549353156,25.2272543775356,23.2732804976674,24.070159959199,24.4305708959062,0,3162
0.9555,0.9555,24.1982893028811,22.4391300350302,24.0008120126212,22.2416527447703,24.070159959199,23.3183075394551,0,3162
0.152,0.152,25.4919106195962,23.6541822570496,25.3142374519781,23.4765090894316,24.070159959199,24.547448813533,0,3162
0.2615,0.2615,25.339683956694,23.4554074934389,25.1231182328682,23.238841769613,24.070159959199,24.377696912886,0,3162
0.6865,0.6865,24.7837274082283,22.9091714891806,24.6166769845299,22.7421210654822,24.070159959199,23.853672263416,0,3162
0.296,0.296,25.2461002284208,23.3898256974305,25.0632047428887,23.2069302118984,24.070159959199,24.3213558765396,0,3162
0.28,0.28,25.3019549197917,23.4546081485683,25.1079322962767,23.2605855250533,24.070159959199,24.3551476438411,0,3162
0.6085,0.6085,24.8890688967356,23.0719561559387,24.7127981790699,22.895685438273,24.070159959199,23.9523379891816,0,3162
0.0175,0.0175,26.0508666037162,24.1300778758762,25.8623551416374,23.9415664137974,24.070159959199,25.0764762559374,0,3162
0.592,0.592,24.8776119551124,23.0572863474155,24.6912603855904,22.8709347778936,24.070159959199,23.9636314465898,0,3162
0.574,0.574,24.9148192889098,23.1143357105204,24.7330062448149,22.9325226664254,24.070159959199,23.9956972744981,0,3162
0.4725,0.4725,25.0355409383279,23.2414432287475,24.8106274087095,23.0165296991291,24.070159959199,24.107807608985,0,3162
0.647,0.647,24.8758952505505,22.987363949916,24.661103062848,22.7725717622136,24.070159959199,23.8879827023624,0,3162
0.9305,0.9305,24.2874111284608,22.4960058886693,24.112833258255,22.3214280184635,24.070159959199,23.3803033740143,0,3162
0.401,0.401,25.110575505165,23.331612313847,24.9085791743766,23.1296159830586,24.070159959199,24.1935172758137,0,3162
0.717,0.717,24.7454113043433,22.8941831313325,24.5389765285357,22.6877483555249,24.070159959199,23.8073805775,0,3162
0.951,0.951,24.2342178404953,22.3863149813998,24.0290695328069,22.1811666737114,24.070159959199,23.2971660152399,0,3162
0.715,0.715,24.7208825469827,22.8659782365425,24.5297774779365,22.6748731674964,24.070159959199,23.8039113958608,0,3162
0.736,0.736,24.7155845902604,22.8779458710159,24.5521237053703,22.7144849861258,24.070159959199,23.7761698709213,0,3162
0.5215,0.5215,24.9802633760578,23.1833900538256,24.8124688979323,23.0155955757001,24.070159959199,24.0532113278057,0,3162
0.126,0.126,25.5356780662074,23.6903634434379,25.3281198981819,23.4828052754124,24.070159959199,24.6005860266678,0,3162
0.754,0.754,24.7293115841287,22.8285408928154,24.5627374717144,22.661966780401,24.070159959199,23.7522571720894,0,3162
0.3555,0.3555,25.2336529780121,23.3711884304966,25.0447660419347,23.1823014944192,24.070159959199,24.263669473153,0,3162
0.4665,0.4665,25.0706420581499,23.1691954730429,24.8802947466402,22.9788481615332,24.070159959199,24.1087507531887,0,3162
0.2785,0.2785,25.1942870268066,23.4766015929465,24.9653368356035,23.2476514017435,24.070159959199,24.3418837352734,0,3162
0.7195,0.7195,24.7110748968553,22.9313730505269,24.5263348869714,22.7466330406429,24.070159959199,23.8050905110729,0,3162
0.1095,0.1095,25.5889112414451,23.6995624481027,25.3649886049866,23.4756398116442,24.070159959199,24.6757932427914,0,3162
0.379,0.379,25.1539190504066,23.3195135445703,24.9515649108523,23.117159405016,24.070159959199,24.2200791001407,0,3162
0.415,0.415,25.1007361827027,23.2476407479287,24.9102449439043,23.0571495091303,24.070159959199,24.1699930936822,0,3162
0.2985,0.2985,25.2225540873007,23.4142179530725,25.019481694376,23.2111455601477,24.070159959199,24.3090919146646,0,3162
0.6025,0.6025,24.9058041472459,23.0568811632388,24.6875701130475,22.8386471290404,24.070159959199,23.9651259646683,0,3162
0.3865,0.3865,25.1688244632751,23.3348757119971,24.9721223376779,23.1381735863999,24.070159959199,24.2172732310697,0,3162
0.0905,0.0905,25.6888843302004,23.7826557934954,25.4917992456286,23.5855707089237,24.070159959199,24.7176568829549,0,3162
0.4605,0.4605,24.9965771067131,23.1984864376928,24.8103395257246,23.0122488567043,24.070159959199,24.1054171290871,0,3162
0.3545,0.3545,25.1597532289534,23.2972599986617,24.9670082681232,23.1045150378315,24.070159959199,24.2371655604999,0,3162
0.81,0.81,24.5491852074157,22.7419854911339,24.3863631243229,22.5791634080411,24.070159959199,23.6707500451622,0,3162
0.3755,0.3755,25.2017659848921,23.3013337102318,24.9924858431312,23.0920535684709,24.070159959199,24.2346463305599,0,3162
0.671,0.671,24.8034982857962,23.0546451579995,24.5769099492534,22.8280568214566,24.070159959199,23.8983986240742,0,3162
0.564,0.564,24.912529522813,23.0787261765489,24.7003844698275,22.8665811235634,24.070159959199,23.9985675775417,0,3162
0.9555,0.9555,24.2022965302718,22.4659977053981,24.0244937413874,22.2881949165136,24.070159959199,23.3210229626492,0,3162
0.842,0.842,24.5426621035998,22.7083544407151,24.3759672368211,22.5416595739363,24.070159959199,23.6057789292752,0,3162
0.795,0.795,24.6163956748239,22.6940489670881,24.4041789000138,22.4818321922779,24.070159959199,23.6605664338872,0,3162
0.174,0.174,25.3966317353018,23.6180936988174,25.2250932710052,23.4465552345208,24.070159959199,24.4984733252455,0,3162
0.9825,0.9825,24.0020117448094,22.2587162028894,23.8058757423075,22.0625802003875,24.070159959199,23.1193943216802,0,3162
0.768,0.768,24.6836593086704,22.8083029850692,24.4963176884896,22.6209613648885,24.070159959199,23.7503462969042,0,3162
0.1335,0.1335,25.5331828015736,23.6624381318238,25.3526222579871,23.4818775882373,24.070159959199,24.5947872888851,0,3162
0.5265,0.5265,25.0309277144561,23.127636190519,24.8268573679043,22.9235658439672,24.070159959199,24.0616118210241,0,3162
0.2265,0.2265,25.3500650593024,23.4914791674796,25.1650964122006,23.3065105203777,24.070159959199,24.4282197739415,0,3162
0.0615,0.0615,25.6853434908241,23.859232435123,25.4912024231903,23.6650913674892,24.070159959199,24.7671956038953,0,3162
0.4865,0.4865,24.9951041302295,23.1494418775493,24.8343399459436,22.9886776932633,24.070159959199,24.0760367886077,0,3162
0.4005,0.4005,25.0715842523824,23.2771966531943,24.8902885103092,23.095900911121,24.070159959199,24.1848663856227,0,3162
0.605,0.605,24.821587947141,23.0605346216383,24.6157222950753,22.8546689695726,24.070159959199,23.9436206090849,0,3162
0.4455,0.4455,24.9764571190658,23.196204584244,24.808087580298,23.0278350454763,24.070159959199,24.1310601392176,0,3162
0.966,0.966,24.1344024061671,22.311364217021,23.9758700129473,22.1528318238012,24.070159959199,23.2193104579013,0,3162
0.7265,0.7265,24.7293195963397,22.8628122295787,24.5412729163261,22.6747655495651,24.070159959199,23.7952322470923,0,3162
0.1005,0.1005,25.5981529194321,23.7215668732621,25.4312120054723,23.5546259593023,24.070159959199,24.668074885966,0,3162
0.045,0.045,25.8037260672087,23.9327933057378,25.5780797651469,23.7071470036761,24.070159959199,24.8633080276719,0,3162
0.7005,0.7005,24.7100678798627,22.897614289536,24.5398126729931,22.7273590826664,24.070159959199,23.8179069939677,0,3162
0.533,0.533,24.991083167917,23.1186999938668,24.8033450323284,22.9309618582781,24.070159959199,24.0414931665038,0,3162
0.1105,0.1105,25.597950181358,23.6896728221383,25.4091621070626,23.5008847478428,24.070159959199,24.647479173314,0,3162
0.717,0.717,24.7238127662752,22.9139118898474,24.5517614530029,22.7418605765751,24.070159959199,23.80302311995,0,3162
0.2095,0.2095,25.3466184566655,23.5949523360274,25.1977952745356,23.4461291538975,24.070159959199,24.4583293104411,0,3162
0.95,0.95,24.2245710351297,22.5357042723793,24.0510651922326,22.3621984294822,24.070159959199,23.3477136283707,0,3162
0.6145,0.6145,24.8873493885231,23.0304314060167,24.6951846977613,22.8382667152549,24.070159959199,23.929305281306,0,3162
0.9465,0.9465,24.2328813377258,22.4738721994174,24.0600644093219,22.3010552710135,24.070159959199,23.3516849454748,0,3162
0.7455,0.7455,24.6271554400877,22.8824625563912,24.4347216792873,22.6900287955908,24.070159959199,23.7718623702728,0,3162
0.7135,0.7135,24.7003157828161,22.9089196617903,24.504183996631,22.7127878756051,24.070159959199,23.8094269461678,0,3162
0.5205,0.5205,24.9883096087442,23.1557757210144,24.7890808943658,22.956547006636,24.070159959199,24.0467635889185,0,3162
0.4905,0.4905,24.9615103343566,23.1718832015186,24.798131126604,23.008503993766,24.070159959199,24.0812621765958,0,3162
0.1835,0.1835,25.3665493683906,23.5650455386987,25.1427814738194,23.3412776441275,24.070159959199,24.4844297092947,0,3162
0.0375,0.0375,25.8216071227263,23.9820216340159,25.6284658057115,23.7888803170011,24.070159959199,24.8874392990735,0,3162
0.7465,0.7465,24.6876112815084,22.8168280737788,24.4758673604243,22.6050841526947,24.070159959199,23.7492716592867,0,3162
0.7655,0.7655,24.6720513429203,22.8495794931534,24.4757542293393,22.6532823795724,24.070159959199,23.7393790465433,0,3162
0.815,0.815,24.5627388095356,22.7753328395795,24.3940056248443,22.6065996548882,24.070159959199,23.6591100747245,0,3162
0.9635,0.9635,24.1710559280303,22.4475140225583,23.9969980037472,22.2734560982751,24.070159959199,23.2694183105933,0,3162
0.212,0.212,25.4008153006111,23.4808846259401,25.2336119328799,23.3136812582089,24.070159959199,24.455132718128,0,3162
0.0945,0.0945,25.6001725041978,23.7587159095922,25.400654797745,23.5591982031394,24.070159959199,24.6786163286013,0,3162
0.343,0.343,25.1418016407391,23.3283034267565,24.9590011333021,23.1455029193195,24.070159959199,24.2494661383377,0,3162
0.515,0.515,25.0154594125007,23.1387547644481,24.8210178136558,22.9443131656031,24.070159959199,24.065746460421,0,3162
0.2825,0.2825,25.3074498413207,23.3515361355484,25.0941213914484,23.1382076856761,24.070159959199,24.3493602869327,0,3162
0.3885,0.3885,25.1752959461943,23.2749880586825,24.989454886909,23.0891469993972,24.070159959199,24.2120209706936,0,3162
0.162,0.162,25.5388065011474,23.6355945534242,25.3514325722411,23.4482206245178,24.070159959199,24.5628007424821,0,3162
0.7875,0.7875,24.6490804678984,22.8340955434349,24.476521580252,22.6615366557886,24.070159959199,23.7059084713226,0,3162
0.8485,0.8485,24.5429005795809,22.6864401522759,24.3451699608532,22.4887095335482,24.070159959199,23.6153924418117,0,3162
0.662,0.662,24.7960213310792,22.9353330840492,24.6277517552933,22.7670635082632,24.070159959199,23.8694370258769,0,3162
0.3165,0.3165,25.1746155476228,23.3595536758619,24.968949575587,23.1538877038261,24.070159959199,24.282371697219,0,3162
0.0465,0.0465,25.7654731555365,23.9685050692341,25.5228941421533,23.7259260558509,24.070159959199,24.8175730467128,0,3162
0.3695,0.3695,25.1289792654178,23.2967095014887,24.9455788999608,23.1133091360318,24.070159959199,24.2106563844045,0,3162
0.7515,0.7515,24.6753272006899,22.8596558510527,24.4726033103421,22.6569319607049,24.070159959199,23.7626699165759,0,3162
0.244,0.244,25.3472455516286,23.4390824469543,25.1546750219794,23.2465119173051,24.070159959199,24.3928445481129,0,3162
0.4,0.4,25.1029670311714,23.3121193995383,24.9144871245504,23.1236394929172,24.070159959199,24.2006147346553,0,3162
0.0205,0.0205,26.027159473264,24.1090411154652,25.7899741974658,23.871855839667,24.070159959199,25.0850393219133,0,3162
0.558,0.558,24.906602040686,23.0939275135621,24.7308395523443,22.9181650252204,24.070159959199,23.9960217839381,0,3162
0.9315,0.9315,24.2968431938552,22.4562232713311,24.098698647479,22.2580787249549,24.070159959199,23.3709149695229,0,3162
0.4885,0.4885,25.0482530292949,23.1857574329982,24.8683560243175,23.0058604280209,24.070159959199,24.0901355292423,0,3162
0.878,0.878,24.4268593561179,22.6596739481863,24.2488202504019,22.4816348424703,24.070159959199,23.5634539175656,0,3162
0.285,0.285,25.2661305992612,23.4477511686006,25.0548204485171,23.2364410178564,24.070159959199,24.3431316751135,0,3162
0.653,0.653,24.7599774695453,23.0403001401324,24.5333328462304,22.8136555168175,24.070159959199,23.892821981859,0,3162
0.6105,0.6105,24.9090172581921,23.0522456894513,24.7484840970479,22.8917125283071,24.070159959199,23.945773422512,0,3162
0.3755,0.3755,25.1836238836089,23.3198684974388,24.9819222159677,23.1181668297976,24.070159959199,24.2333287022858,0,3162
0.1855,0.1855,25.4074800682176,23.6181578639718,25.2252824293166,23.4359602250709,24.070159959199,24.4909190347466,0,3162
0.677,0.677,24.7741226319748,22.9338052797004,24.5749979477007,22.7346805954262,24.070159959199,23.8477758222177,0,3162
0.3335,0.3335,25.1743120870358,23.343056139213,24.9697156055923,23.1384596577696,24.070159959199,24.2633619338175,0,3162
0.84,0.84,24.5455434655987,22.6670690124449,24.3480931100621,22.4696186569084,24.070159959199,23.6032213820301,0,3162
0.2115,0.2115,25.4400528417898,23.5498911893012,25.2527236278376,23.362561975349,24.070159959199,24.4639212497995,0,3162
0.0265,0.0265,25.8652596078522,24.0329670036591,25.6592665152648,23.8269739110716,24.070159959199,24.9540421583761,0,3162
0.5455,0.5455,24.964117396248,23.09662692108,24.7753676629092,22.9078771877412,24.070159959199,24.0099419430392,0,3162
0.849,0.849,24.5484229838344,22.7256502841608,24.3452219173444,22.5224492176708,24.070159959199,23.6187794787463,0,3162
0.8535,0.8535,24.5243186510648,22.670125282871,24.3351991024224,22.4810057342286,24.070159959199,23.5779033320634,0,3162
0.0365,0.0365,25.8819515591377,24.0185883514395,25.6600302247176,23.7966670170195,24.070159959199,24.9343271991731,0,3162
0.0635,0.0635,25.800869369922,23.8657136293051,25.5880182275923,23.6528624869754,24.070159959199,24.8159624449426,0,3162
0.915,0.915,24.3181605256252,22.5112858227093,24.136101350704,22.3292266477882,24.070159959199,23.4250982418221,0,3162
0.0895,0.0895,25.6257459335528,23.7722521558545,25.4365207255985,23.5830269479002,24.070159959199,24.7056022809472,0,3162
0.0475,0.0475,25.7734736348704,23.9177568596316,25.5606656114018,23.704948836163,24.070159959199,24.8656640637632,0,3162
0.248,0.248,25.3575354949056,23.4649117573282,25.1616317215577,23.2690079839803,24.070159959199,24.4084974539153,0,3162
0.3385,0.3385,25.2450699437888,23.3360330773558,25.0350380784579,23.1260012120248,24.070159959199,24.2766666105948,0,3162
0.651,0.651,24.7875159632423,22.9531599437201,24.5967502514304,22.7623942319082,24.070159959199,23.8867240161492,0,3162
0.559,0.559,24.8640790292965,23.0679286120789,24.6551385939734,22.8589881767558,24.070159959199,24.0034196905312,0,3162
0.869,0.869,24.4550301409788,22.6363567274198,24.2878245863002,22.4691511727412,24.070159959199,23.5577747212961,0,3162
0.1515,0.1515,25.4994533345001,23.6444797799076,25.2739553923651,23.4189818377726,24.070159959199,24.5597922034103,0,3162
0.6255,0.6255,24.841693870509,23.0255681643491,24.6383762813519,22.8222505751921,24.070159959199,23.9210561547813,0,3162
0.199,0.199,25.3926812679353,23.5669898674014,25.1862164515713,23.3605250510373,24.070159959199,24.4620731656684,0,3162
0.341,0.341,25.1593087084546,23.3839880747973,24.9351161660285,23.1597955323711,24.070159959199,24.2656065524818,0,3162
0.061,0.061,25.7901040132616,23.8691000957992,25.603818510093,23.6828145926306,24.070159959199,24.8153585487932,0,3162
0.1935,0.1935,25.487151941699,23.5146089865597,25.2803680338599,23.3078250787207,24.070159959199,24.4870560154552,0,3162
0.889,0.889,24.4306542175036,22.5958080373462,24.2615701912908,22.4267240111333,24.070159959199,23.4956667004986,0,3162
0.304,0.304,25.2490950669772,23.3799392267672,25.044815673798,23.175659833588,24.070159959199,24.315567438142,0,3162
0.64,0.64,24.80542334292,23.0147050141249,24.6143804872371,22.8236621584421,24.070159959199,23.9149952791282,0,3162
0.8795,0.8795,24.4207220126604,22.6011425889766,24.2386887154677,22.4191092917839,24.070159959199,23.5297797194091,0,3162
0.3355,0.3355,25.1904157094767,23.3585563465815,24.9774547048909,23.1455953419957,24.070159959199,24.2668347421102,0,3162
0.2125,0.2125,25.3570027790691,23.4793997401515,25.1512421830489,23.2736391441313,24.070159959199,24.4345192191654,0,3162
0.9705,0.9705,24.1033075533266,22.3826442286668,23.9508076571342,22.2301443324745,24.070159959199,23.222770799989,0,3162
0.4335,0.4335,25.0124521874419,23.2064547155038,24.8220144740434,23.0160170021053,24.070159959199,24.1468960730682,0,3162
0.6425,0.6425,24.783097027307,23.0432075159329,24.5885575699784,22.8486680586043,24.070159959199,23.9063935198414,0,3162
0.209,0.209,25.3550190209754,23.5475470756723,25.1748316391011,23.367359693798,24.070159959199,24.4568574539413,0,3162
0.946,0.946,24.2022481977092,22.436053122041,24.037956809096,22.2717617334279,24.070159959199,23.3275806491423,0,3162
0.1275,0.1275,25.6150036976982,23.7025098795464,25.4105495667385,23.4980557485867,24.070159959199,24.6432403867504,0,3162
0.2125,0.2125,25.5018733848112,23.5189176034153,25.2968695960541,23.3139138146582,24.070159959199,24.4677537863332,0,3162
0.56,0.56,24.9227983999241,23.0901930294242,24.7159570723172,22.8833517018173,24.070159959199,24.0054114017639,0,3162
0.6195,0.6195,24.7758321002885,23.0615311621323,24.5738449803355,22.8595440421792,24.070159959199,23.9281491285576,0,3162
0.9165,0.9165,24.3494456060352,22.5416327516682,24.1749837902147,22.3671709358477,24.070159959199,23.4335777794678,0,3162
0.558,0.558,24.8857275890311,23.1059918901314,24.7277359140132,22.9480002151136,24.070159959199,23.9972705416365,0,3162
0.6365,0.6365,24.8045961214386,23.041368830244,24.6354005048681,22.8721732136734,24.070159959199,23.9128128207541,0,3162
0.348,0.348,25.1771077610221,23.3429482336866,24.9521018955684,23.1179423682329,24.070159959199,24.2467506059084,0,3162
0.5925,0.5925,24.8347398422263,23.0236779019538,24.6500317413444,22.8389698010718,24.070159959199,23.9615209186377,0,3162
0.522,0.522,24.9878142290899,23.103812477398,24.8051043779283,22.9211026262364,24.070159959199,24.0426109743712,0,3162
0.013,0.013,25.9995530312138,24.1422982303801,25.8073860170284,23.9501312161946,24.070159959199,25.0789936045535,0,3162
0.875,0.875,24.4232503078232,22.6095674204514,24.2325022351834,22.4188193478116,24.070159959199,23.5214265447162,0,3162
0.091,0.091,25.6290529998731,23.7756365105786,25.4109845385132,23.5575680492186,24.070159959199,24.6924509688455,0,3162
0.424,0.424,25.0776293111446,23.2867096131847,24.9046985883196,23.1137788903597,24.070159959199,24.163043803817,0,3162
0.7825,0.7825,24.6258889997264,22.8477460432798,24.4156277333995,22.6374847769529,24.070159959199,23.7166474700847,0,3162
0.663,0.663,24.814840847672,23.0249287214531,24.6231751048753,22.8332629786564,24.070159959199,23.8823545429499,0,3162
0.5485,0.5485,24.9226550282966,23.1355309962339,24.7360568738229,22.9489328417602,24.070159959199,24.024336153347,0,3162
0.7785,0.7785,24.6318774536475,22.8654630111186,24.4616400919593,22.6952256494303,24.070159959199,23.7243470519397,0,3162
0.2525,0.2525,25.2922222571338,23.4628956990152,25.0762634593727,23.246936901254,24.070159959199,24.3719267901923,0,3162
0.015,0.015,26.0975508660175,24.1591894825876,25.8714600669946,23.9330986835647,24.070159959199,25.1336403668034,0,3162
0.583,0.583,24.8926449372891,23.0361035837331,24.689141763154,22.832600409598,24.070159959199,23.9776822041928,0,3162
0.09,0.09,25.6293329601823,23.7732728864796,25.4448827223183,23.5888226486156,24.070159959199,24.6950466198401,0,3162
0.377,0.377,25.1415873501847,23.3279543556214,24.9369685950496,23.1233356004863,24.070159959199,24.2275292796312,0,3162
0.682,0.682,24.7495031890948,23.0028144723062,24.5757205027996,22.829031786011,24.070159959199,23.8543162389842,0,3162
0.371,0.371,25.167861208136,23.2833323803217,24.977104291048,23.0925754632337,24.070159959199,24.2211025612857,0,3162
0.7435,0.7435,24.6786779643775,22.9059140900127,24.476602158152,22.7038382837872,24.070159959199,23.7675921729695,0,3162
0.216,0.216,25.3598325935327,23.551892263587,25.1545026909391,23.3465623609934,24.070159959199,24.4453603944268,0,3162
0.983,0.983,24.0061567956515,22.1542516259382,23.8173628335245,21.9654576638112,24.070159959199,23.0609862446398,0,3162
0.9525,0.9525,24.1810157326766,22.3224436067237,24.0100837904974,22.1515116645445,24.070159959199,23.2266591920868,0,3162
0.966,0.966,24.1511999664117,22.3356486929608,23.9414763664088,22.1259250929579,24.070159959199,23.2624440148867,0,3162
0.1545,0.1545,25.4890396038615,23.6112638122298,25.2801896038749,23.4024138122432,24.070159959199,24.5512624419597,0,3162
0.0485,0.0485,25.7729442414539,23.9111941801525,25.5686909413565,23.7069408800551,24.070159959199,24.834564797697,0,3162
0.9825,0.9825,24.0051836516924,22.2183176545789,23.8093697840352,22.0225037869218,24.070159959199,23.1048801401223,0,3162
0.673,0.673,24.8115921947045,22.9431815617266,24.6297906288455,22.7613799958677,24.070159959199,23.8679968662169,0,3162
0.5055,0.5055,24.9828252327707,23.1495225484491,24.8010326465564,22.9677299622348,24.070159959199,24.0693777139427,0,3162
0.2215,0.2215,25.4254731102075,23.5167395154266,25.2454806349879,23.3367470402069,24.070159959199,24.4407545327718,0,3162
0.816,0.816,24.5621204198057,22.7764727392714,24.3671380276471,22.5814903471128,24.070159959199,23.6622675555576,0,3162
0.7405,0.7405,24.682244069268,22.8757823718368,24.4795448003803,22.673083102949,24.070159959199,23.7828760246319,0,3162
0.8075,0.8075,24.5471000021751,22.7757015360938,24.357458763976,22.5860602978947,24.070159959199,23.6604712458551,0,3162
0.9995,0.9995,23.4966310287606,21.7703179122258,23.3365170803569,21.610203963822,24.070159959199,22.6157024440207,0,3162
0.7695,0.7695,24.6510727230831,22.8342943724965,24.4894324952044,22.6726541446178,24.070159959199,23.723815111881,0,3162
0.2965,0.2965,25.2832698025127,23.4227141384843,25.1021998708936,23.2416442068652,24.070159959199,24.3374516670793,0,3162
0.161,0.161,25.5322793585864,23.6452088932518,25.3509685003542,23.4638980350196,24.070159959199,24.560560951814,0,3162
0.326,0.326,25.2208280266398,23.3714995703127,25.0232470027483,23.1739185464212,24.070159959199,24.2770582849776,0,3162
0.948,0.948,24.1963073343038,22.397740134385,24.035770609951,22.2372034100322,24.070159959199,23.317317554925,0,3162
0.197,0.197,25.4830085931038,23.5548974832752,25.2809667918245,23.3528556819959,24.070159959199,24.4979575869562,0,3162
0.4615,0.4615,25.0283577452259,23.2092815679281,24.8265602335238,23.007484056226,24.070159959199,24.1205468006857,0,3162
0.1525,0.1525,25.5418591226111,23.6120374389585,25.3500172916416,23.4201956079889,24.070159959199,24.5660832973993,0,3162
0.629,0.629,24.807996086847,23.0455055087644,24.6082351146289,22.8457445365463,24.070159959199,23.9185777172985,0,3162
0.5985,0.5985,24.8507006194477,23.0538110153356,24.6547438079274,22.8578542038153,24.070159959199,23.9495703255549,0,3162
0.6545,0.6545,24.8494949122302,22.9741670833375,24.6664039593947,22.791076130502,24.070159959199,23.8991199337041,0,3162
0.4015,0.4015,25.1398393912288,23.2219909119271,24.9306161044979,23.0127676251962,24.070159959199,24.1978714451572,0,3162
0.3835,0.3835,25.0863772049596,23.2962537314409,24.8797979052186,23.0896744316998,24.070159959199,24.1941306887836,0,3162
0.752,0.752,24.6982129972085,22.8484851642042,24.5097970804469,22.6600692474426,24.070159959199,23.7592171083425,0,3162
0.0705,0.0705,25.7162107497054,23.8581213997729,25.5288587065213,23.6707693565888,24.070159959199,24.7732298212822,0,3162
0.7495,0.7495,24.695834616231,22.8666657409295,24.5083719342302,22.6792030589287,24.070159959199,23.7630254641777,0,3162
0.61,0.61,24.8828853180238,23.0883610193162,24.6888019688501,22.8942776701425,24.070159959199,23.9499612248055,0,3162
0.99,0.99,23.9179815675047,22.127066561414,23.7145169618988,21.923601955808,24.070159959199,22.9866983180179,0,3162
0.226,0.226,25.3954526784147,23.5147691671528,25.2185422861331,23.3378587748713,24.070159959199,24.4407251660803,0,3162
0.1575,0.1575,25.5474074117307,23.5959228375726,25.3764472041346,23.4249626299766,24.070159959199,24.567679149692,0,3162
0.68,0.68,24.8349883516902,22.9377578210707,24.6266186169555,22.729388086336,24.070159959199,23.8579806420144,0,3162
0.1465,0.1465,25.5302100093457,23.6743052486426,25.3257921756558,23.4698874149528,24.070159959199,24.5771014930739,0,3162
0.8595,0.8595,24.5067470424368,22.7048069448073,24.3148428998646,22.512902802235,24.070159959199,23.5843388904408,0,3162
0.9035,0.9035,24.3730780909145,22.5869491468628,24.2005501292839,22.4144211852322,24.070159959199,23.4989514418858,0,3162
0.4345,0.4345,25.1318939948051,23.2330986765549,24.9426017815655,23.0438064633153,24.070159959199,24.1421068588834,0,3162
0.5035,0.5035,24.9670051468422,23.1511814810402,24.7730268232342,22.9572031574322,24.070159959199,24.0529444420841,0,3162
0.1025,0.1025,25.6189681376766,23.7641570171282,25.4290601097938,23.5742489892454,24.070159959199,24.6593858210916,0,3162
0.7925,0.7925,24.6174240200399,22.8556164193605,24.417608648403,22.6558010477236,24.070159959199,23.7171324668348,0,3162
0.096,0.096,25.6767874792637,23.759949491902,25.5007508340553,23.5839128466937,24.070159959199,24.7251315012278,0,3162
0.7405,0.7405,24.6584242083895,22.8595332052824,24.4572337386484,22.6583427355412,24.070159959199,23.7749725278954,0,3162
0.723,0.723,24.7231135784152,22.8880367126154,24.5356589111777,22.7005820453779,24.070159959199,23.7935840512705,0,3162
0.702,0.702,24.6992628913373,22.8899389792197,24.5018205173703,22.6924966052527,24.070159959199,23.8111733725001,0,3162
0.611,0.611,24.8684281688207,23.0339335153107,24.6827260214243,22.8482313679142,24.070159959199,23.9504986672292,0,3162
0.7295,0.7295,24.7262681637207,22.8740019406581,24.5212463030768,22.6689800800143,24.070159959199,23.7792868565157,0,3162
0.3625,0.3625,25.1097909401798,23.3668919496827,24.8997192091789,23.1568202186817,24.070159959199,24.2331825067624,0,3162
0.422,0.422,25.0952180306907,23.1665177657829,24.9089430472283,22.9802427823205,24.070159959199,24.1639598473328,0,3162
0.47,0.47,25.0893324909989,23.2282775645682,24.8933501045298,23.0322951780991,24.070159959199,24.1046782888721,0,3162
0.283,0.283,25.2487209110546,23.4643384741879,25.057086234072,23.2727037972053,24.070159959199,24.346495795967,0,3162
0.654,0.654,24.8067543886294,22.9759528079725,24.6100359759392,22.7792343952823,24.070159959199,23.8985285712363,0,3162
0.2025,0.2025,25.4218353979063,23.5729569255811,25.2240418169668,23.3751633446416,24.070159959199,24.4665345779286,0,3162
0.4765,0.4765,25.0085797000951,23.2154853868158,24.8129285754488,23.0198342621695,24.070159959199,24.0948613537301,0,3162
0.0715,0.0715,25.6953551215888,23.8441223049429,25.4835628596328,23.6323300429869,24.070159959199,24.7678950891797,0,3162
0.0375,0.0375,25.786124421949,24.0040243731982,25.5760027072458,23.7939026584949,24.070159959199,24.9018488826301,0,3162
0.6895,0.6895,24.7320728439319,22.9651618320778,24.5286228204344,22.7617118085804,24.070159959199,23.8532899383013,0,3162
0.1625,0.1625,25.4239552340039,23.6206569411794,25.2165874088304,23.4132891160059,24.070159959199,24.5150831124473,0,3162
0.336,0.336,25.2428389594698,23.3475527865076,25.0487618726803,23.1534756997181,24.070159959199,24.270850466054,0,3162
0.7235,0.7235,24.7662866246688,22.9019039779376,24.5998163468487,22.7354337001175,24.070159959199,23.787825886911,0,3162
0.8465,0.8465,24.4625225934182,22.6731039670109,24.2947851127259,22.5053664863186,24.070159959199,23.5723648970143,0,3162
0.243,0.243,25.3443541260596,23.5172131357027,25.1552909370474,23.3281499466904,24.070159959199,24.4114662812717,0,3162
0.2125,0.2125,25.3954556460901,23.5351117648639,25.2010562797615,23.3407123985353,24.070159959199,24.4613875895659,0,3162
0.073,0.073,25.7129774511753,23.8199845738092,25.5438866062625,23.6508937288963,24.070159959199,24.7564773016609,0,3162
0.8995,0.8995,24.3676351946916,22.5906981710696,24.1609964943454,22.3840594707234,24.070159959199,23.491643601227,0,3162
0.0885,0.0885,25.6379246287353,23.7785322136882,25.4354388520355,23.5760464369883,24.070159959199,24.7032082888001,0,3162
0.3445,0.3445,25.1633938397134,23.3310796030858,24.9783205033206,23.146006266693,24.070159959199,24.2528967534468,0,3162
0.746,0.746,24.6933030113036,22.8966558097598,24.4963402509341,22.6996930493903,24.070159959199,23.7823107023387,0,3162
0.803,0.803,24.5877934379773,22.7969333373991,24.4052851602083,22.6144250596301,24.070159959199,23.683741444538,0,3162
0.7905,0.7905,24.5923762781803,22.7931011326393,24.3852399439319,22.585964798391,24.070159959199,23.6980842120013,0,3162
0.237,0.237,25.286874294588,23.440376236012,25.0813713930445,23.2348733344684,24.070159959199,24.3928935973906,0,3162
0.419,0.419,25.1550557007791,23.1929701247193,24.9657109449286,23.0036253688688,24.070159959199,24.1620527723354,0,3162
0.9555,0.9555,24.1501487324507,22.4185516788791,23.9738278938481,22.2422308402765,24.070159959199,23.2874084219884,0,3162
0.4215,0.4215,25.0559132389699,23.2647573541261,24.875290585052,23.0841347002081,24.070159959199,24.1562215762998,0,3162
0.702,0.702,24.7737316330288,22.9435569336428,24.6265534242005,22.7963787248145,24.070159959199,23.8338089479783,0,3162
0.7,0.7,24.7521052093416,22.8943147424173,24.5471506767174,22.6893602097931,24.070159959199,23.8125184828897,0,3162
0.013,0.013,26.0461642577652,24.1435603298287,25.846169757229,23.9435658292925,24.070159959199,25.091390704771,0,3162
0.844,0.844,24.5608877921149,22.6670555569483,24.3736715503716,22.4798393152051,24.070159959199,23.5934843442891,0,3162
0.073,0.073,25.6683097754106,23.8089815648297,25.4570629180606,23.5977347074798,24.070159959199,24.7396500055251,0,3162
0.3305,0.3305,25.2602504120658,23.417340924666,25.0770161781747,23.2341066907748,24.070159959199,24.2868706850283,0,3162
0.6165,0.6165,24.879580368409,23.0325472732745,24.6806259253246,22.8335928301901,24.070159959199,23.9407439033022,0,3162
0.9545,0.9545,24.230256747432,22.4087748837166,24.0408552346298,22.2193733709144,24.070159959199,23.2989910469168,0,3162
0.4185,0.4185,25.0652589817205,23.296551987508,24.8505153751268,23.0818083809144,24.070159959199,24.1565314027961,0,3162
0.007,0.007,26.3031733202686,24.3541242584136,26.0835893234131,24.1345402615581,24.070159959199,25.3179249606815,0,3162
0.6085,0.6085,24.8748125438978,23.0247321306977,24.6850133162374,22.8349329030374,24.070159959199,23.9430918386146,0,3162
0.498,0.498,24.960243374845,23.2236843619896,24.7772258721736,23.0406668593182,24.070159959199,24.0772006739065,0,3162
0.0775,0.0775,25.6725073253869,23.8207842238019,25.4778104271724,23.6260873255874,24.070159959199,24.7280940904915,0,3162
0.0895,0.0895,25.6821749540285,23.7523355320496,25.4844906847994,23.5546512628205,24.070159959199,24.7375194275274,0,3162
0.138,0.138,25.4966607060646,23.7069118902386,25.3018980419002,23.5121492260741,24.070159959199,24.5886915645138,0,3162
0.2215,0.2215,25.4032651155337,23.5585635319818,25.2132440591484,23.3685424755965,24.070159959199,24.4368244126303,0,3162
0.47,0.47,24.9954064916384,23.2451606866619,24.7563907226471,23.0061449176707,24.070159959199,24.1108661642459,0,3162
0.9395,0.9395,24.2602798045441,22.4602268946543,24.0556999367223,22.2556470268324,24.070159959199,23.3759821040726,0,3162
0.471,0.471,25.0435815044862,23.2043852870193,24.8613396223419,23.022143404875,24.070159959199,24.1104143327476,0,3162
0.8265,0.8265,24.5225190561223,22.7463438297353,24.3607835533505,22.5846083269636,24.070159959199,23.6284028207196,0,3162
0.133,0.133,25.5769062499944,23.6710900711694,25.3776375010348,23.4718213222098,24.070159959199,24.5857129324076,0,3162
0.2705,0.2705,25.2723671642837,23.4402659800853,25.0629892739426,23.2308880897442,24.070159959199,24.3630628620758,0,3162
0.824,0.824,24.5341161825066,22.6667033289323,24.359530009822,22.4921171562477,24.070159959199,23.6050672453185,0,3162
0.988,0.988,23.9729647301566,22.3222994214361,23.7860780232613,22.1354127145407,24.070159959199,23.1521342939241,0,3162
0.999,0.999,23.4908810790178,21.7201931316527,23.3082775196985,21.5375895723334,24.070159959199,22.5779297048938,0,3162
0.9845,0.9845,23.982848625303,22.1814890965132,23.7815882502497,21.98022872146,24.070159959199,23.0404632340276,0,3162
0.242,0.242,25.3395579600542,23.5024129923685,25.1239819318124,23.2868369641266,24.070159959199,24.4186188279047,0,3162
0.724,0.724,24.6801378925694,22.9090375518478,24.5197363984621,22.7486360577405,24.070159959199,23.80983900297,0,3162
0.0305,0.0305,25.8631177582766,24.0257129406667,25.671882574464,23.834477756854,24.070159959199,24.9266703975281,0,3162
0.144,0.144,25.5136793444382,23.6767481423649,25.347816624661,23.5108854225876,24.070159959199,24.5918134592661,0,3162
0.333,0.333,25.2153761898751,23.3509714182471,25.0222253901704,23.1578206185425,24.070159959199,24.2674131747478,0,3162
0.5605,0.5605,24.9847731479459,23.0946074475258,24.8156135053811,22.925447804961,24.070159959199,24.0089979709033,0,3162
0.022,0.022,25.963212497474,24.0848837485428,25.7747078507685,23.8963791018373,24.070159959199,25.0218261080121,0,3162
0.823,0.823,24.5618914114006,22.7190980024244,24.3697659922413,22.5269725832651,24.070159959199,23.6421032953275,0,3162
0.371,0.371,25.161054093867,23.3335802262917,24.9972060529106,23.1697321853353,24.070159959199,24.2225782095998,0,3162
0.084,0.084,25.620291653129,23.7944917376886,25.4205406251966,23.5947407097561,24.070159959199,24.6918324103429,0,3162
0.761,0.761,24.6976390328434,22.8467226001544,24.5045270256348,22.6536105929457,24.070159959199,23.7499042279845,0,3162
0.967,0.967,24.1211408156927,22.3321201956702,23.9598536270504,22.1708330070279,24.070159959199,23.2343105564606,0,3162
0.794,0.794,24.6431136418652,22.7993700747618,24.4777211267251,22.6339775596218,24.070159959199,23.6985600238492,0,3162
0.5555,0.5555,24.8960717314651,23.1323126206328,24.7009821650756,22.9372230542433,24.070159959199,24.0021787156364,0,3162
0.388,0.388,25.1213808515692,23.2946582778902,24.9298859821081,23.1031634084291,24.070159959199,24.2033746623351,0,3162
0.28,0.28,25.261018056827,23.4547771187591,25.0752192732921,23.2689783352243,24.070159959199,24.3644801521464,0,3162
0.2855,0.2855,25.242365925266,23.4220707015737,25.053269914545,23.2329746908527,24.070159959199,24.3269409231046,0,3162
0.632,0.632,24.8314410153259,23.031015283036,24.6313686389738,22.8309429066839,24.070159959199,23.9130765093448,0,3162
0.6975,0.6975,24.7280809092825,22.9606605504983,24.5426918675075,22.7752715087234,24.070159959199,23.8404219930494,0,3162
0.1685,0.1685,25.482735560696,23.6071439696903,25.2542079554424,23.3786163644367,24.070159959199,24.5226663992075,0,3162
0.529,0.529,24.9308000967508,23.0711746980993,24.7474114593783,22.8877860607268,24.070159959199,24.0350080233419,0,3162
0.2,0.2,25.3910896413758,23.5594112181527,25.2012847254408,23.3696063022177,24.070159959199,24.4717953555522,0,3162
0.6055,0.6055,24.8998398056247,23.0546087078324,24.6776227009536,22.8323916031613,24.070159959199,23.9517934416367,0,3162
0.2635,0.2635,25.2259908547312,23.4392570720833,25.0166266891291,23.2298929064812,24.070159959199,24.3487997949005,0,3162
0.9475,0.9475,24.2027206339585,22.5204972507248,24.0277486607936,22.3455252775599,24.070159959199,23.3723170153274,0,3162
0.0235,0.0235,25.9425048760972,24.0814238363172,25.7437793703688,23.8826983305887,24.070159959199,24.9919646786845,0,3162
0.4435,0.4435,25.0793036277423,23.3123090864656,24.8907670456874,23.1237725044108,24.070159959199,24.1474771888599,0,3162
0.829,0.829,24.5453565721882,22.7927238398226,24.3192761733084,22.5666434409428,24.070159959199,23.6435655519801,0,3162
0.1295,0.1295,25.5550818422838,23.6671130973183,25.3853542211745,23.4973854762089,24.070159959199,24.6452622110944,0,3162
0.419,0.419,25.0862167037283,23.2630357913873,24.9158026008197,23.0926216884787,24.070159959199,24.1717294157396,0,3162
0.191,0.191,25.3689357823897,23.5607106828329,25.1675721480126,23.3593470484558,24.070159959199,24.470260111661,0,3162
0.9295,0.9295,24.2905391935241,22.4571765835276,24.1173171255099,22.2839545155134,24.070159959199,23.3834348802586,0,3162
0.9725,0.9725,24.1023874015859,22.4214277757573,23.8978749422381,22.2169153164095,24.070159959199,23.2520324896425,0,3162
0.792,0.792,24.6044159390216,22.7960973898526,24.42736037825,22.619041829081,24.070159959199,23.6900946185411,0,3162
0.418,0.418,25.0769071298591,23.2433106033529,24.873276591583,23.0396800650768,24.070159959199,24.1642737804124,0,3162
0.298,0.298,25.2342523109608,23.3856766236592,25.045622076928,23.1970463896264,24.070159959199,24.3259715521776,0,3162
0.366,0.366,25.1341031060165,23.3204459737436,24.9361767228144,23.1225195905416,24.070159959199,24.2315930097749,0,3162
0.1625,0.1625,25.422775627206,23.5844631711135,25.2334083605292,23.3950959044367,24.070159959199,24.5186384900362,0,3162
0.605,0.605,24.8800013384428,23.0392156893822,24.6782952078632,22.8375095588025,24.070159959199,23.9513640373727,0,3162
0.6575,0.6575,24.781434759771,23.0059235609602,24.575071677742,22.7995604789311,24.070159959199,23.8855485811431,0,3162
0.6975,0.6975,24.736623325306,22.9392740766722,24.550482907574,22.7531336589402,24.070159959199,23.8366882056422,0,3162
0.818,0.818,24.6227286368348,22.7543182887873,24.4009479443922,22.5325375963448,24.070159959199,23.653615666912,0,3162
0.8745,0.8745,24.4592226917671,22.6306824898708,24.2595239899027,22.4309837880064,24.070159959199,23.5373419008168,0,3162
0.8685,0.8685,24.4291151342787,22.581642301118,24.2575096454952,22.4100368123345,24.070159959199,23.5225863370509,0,3162
0.0675,0.0675,25.7538498850452,23.83913045541,25.544863448056,23.6301440184208,24.070159959199,24.7925291760594,0,3162
0.754,0.754,24.6916917053444,22.8503451168762,24.4965123630584,22.6551657745903,24.070159959199,23.748402657536,0,3162
0.3105,0.3105,25.1827480285251,23.3638738021306,25.0141490038175,23.195274777423,24.070159959199,24.2896410588725,0,3162
0.9895,0.9895,23.9216935800285,22.139621304291,23.7319810507865,21.949908775049,24.070159959199,23.0239435941703,0,3162
0.8505,0.8505,24.5212407947642,22.657495970749,24.3477346801767,22.4839898561615,24.070159959199,23.583919079715,0,3162
0.744,0.744,24.6780438427265,22.8473459809552,24.4958873009095,22.6651894391382,24.070159959199,23.7662134911669,0,3162
0.828,0.828,24.5316977055151,22.7172517960213,24.3465898770411,22.5321439675473,24.070159959199,23.6258581398587,0,3162
0.966,0.966,24.1214599616636,22.3178676085095,23.9628669540075,22.1592746008534,24.070159959199,23.2015470355748,0,3162
0.864,0.864,24.4696972631158,22.6675934553826,24.298773724879,22.4966699171458,24.070159959199,23.5632114007713,0,3162
0.0415,0.0415,25.787674247323,23.9833351032164,25.5645244542809,23.7601853101744,24.070159959199,24.8781707707176,0,3162
0.127,0.127,25.5756307182173,23.7152194525703,25.3619899647517,23.5015786991047,24.070159959199,24.6166386101939,0,3162
0.8445,0.8445,24.4604673468909,22.7328747939709,24.2976384281886,22.5700458752686,24.070159959199,23.5951135241994,0,3162
0.1875,0.1875,25.4501268500171,23.5149990144617,25.2757544255317,23.3406265899764,24.070159959199,24.4891753337136,0,3162
0.8295,0.8295,24.5230994187788,22.7121334472852,24.3312467914738,22.5202808199803,24.070159959199,23.6220072386696,0,3162
0.55,0.55,24.9271659184128,23.0894125551036,24.7649171839331,22.9271638206239,24.070159959199,24.0087687438531,0,3162
0.4295,0.4295,25.0572003476635,23.2685275993983,24.8674629801191,23.0787902318539,24.070159959199,24.1577157657957,0,3162
0.799,0.799,24.5408268627035,22.7512345867406,24.3514229341376,22.5618306581747,24.070159959199,23.6653643606769,0,3162
0.6065,0.6065,24.8756843544803,23.0509271756156,24.6816167942398,22.8568596153751,24.070159959199,23.9473904090794,0,3162
0.6605,0.6605,24.8548003208482,22.9256918258364,24.6493471332236,22.7202386382118,24.070159959199,23.8679369254978,0,3162
0.058,0.058,25.816790783015,23.8968970895081,25.6393568401444,23.7194631466376,24.070159959199,24.8442217370332,0,3162
0.119,0.119,25.567011870567,23.7597976806107,25.3828386584641,23.5756244685078,24.070159959199,24.6281124723456,0,3162
0.0505,0.0505,25.8360851858177,23.9295780562081,25.6227195669589,23.7162124373493,24.070159959199,24.847079737453,0,3162
0.417,0.417,25.0970928895089,23.2498520450537,24.8884360136451,23.04119516919,24.070159959199,24.1686712262562,0,3162
0.671,0.671,24.8377932491642,23.0170101824737,24.6391324005125,22.818349333822,24.070159959199,23.8874318904273,0,3162
0.1745,0.1745,25.3939756109558,23.6196160070587,25.1900629653405,23.4157033614435,24.070159959199,24.5101598484004,0,3162
0.9635,0.9635,24.1615459481396,22.3725832670298,23.9916997060927,22.2027370249829,24.070159959199,23.25968619032,0,3162
0.5345,0.5345,24.9526772170516,23.093513829966,24.7411593660275,22.8819959789419,24.070159959199,24.0343252074966,0,3162
0.1575,0.1575,25.4769501938746,23.6280144072223,25.2901458450192,23.4412100583668,24.070159959199,24.5571602293642,0,3162
0.8225,0.8225,24.5911835750663,22.7012698318112,24.4052835684323,22.5153698251772,24.070159959199,23.6394717097937,0,3162
0.752,0.752,24.6503366953904,22.8449057921832,24.432121786742,22.6266908835348,24.070159959199,23.7542505039519,0,3162
0.1035,0.1035,25.616039107605,23.6826405221834,25.4196743596962,23.4862757742745,24.070159959199,24.6682127247116,0,3162
0.1555,0.1555,25.468360607368,23.6001396312727,25.274452930068,23.4062319539726,24.070159959199,24.554299661178,0,3162
0.37,0.37,25.2041175449168,23.2808001977978,25.0030903083146,23.0797729611956,24.070159959199,24.2284181715329,0,3162
0.124,0.124,25.5694089091565,23.6811866515553,25.387578048994,23.4993557913928,24.070159959199,24.6420699859105,0,3162
0.1605,0.1605,25.4138053688418,23.6284182137628,25.2063568586385,23.4209697035594,24.070159959199,24.5449239744365,0,3162
0.298,0.298,25.207125372673,23.4033397110466,25.0346893324285,23.2309036708021,24.070159959199,24.3022159458031,0,3162
0.2025,0.2025,25.4523792537569,23.5276297995006,25.2582345507015,23.3334850964452,24.070159959199,24.4828271774558,0,3162
0.764,0.764,24.6640742514065,22.8944348986714,24.4950554798693,22.7254161271343,24.070159959199,23.7564493597938,0,3162
0.8615,0.8615,24.4704476810403,22.6790754929113,24.2890311607286,22.4976589725997,24.070159959199,23.5770741732921,0,3162
0.003,0.003,26.3332155267289,24.4573337123665,26.1306486022699,24.2547667879076,24.070159959199,25.4113701047934,0,3162
0.3245,0.3245,25.222369162339,23.3830302612345,25.0343186984568,23.1949797973523,24.070159959199,24.2913855213582,0,3162
0.908,0.908,24.348663498738,22.5372841404142,24.2042346102195,22.3928552518956,24.070159959199,23.4520743809624,0,3162
0.05,0.05,25.7299913226733,23.9319484714111,25.5185338489603,23.7204909976982,24.070159959199,24.8124763947857,0,3162
0.986,0.986,23.9255193377303,22.122857129836,23.7331225350142,21.9304603271199,24.070159959199,23.0126890816929,0,3162
0.5395,0.5395,24.9414680391227,23.1283225960801,24.7451378840538,22.9319924410112,24.070159959199,24.0250554656547,0,3162
0.3265,0.3265,25.2712060160545,23.3420296374587,25.0810996361184,23.1519232575226,24.070159959199,24.3072925159513,0,3162
0.213,0.213,25.4035996282607,23.5497055714421,25.219558491552,23.3656644347334,24.070159959199,24.4288245050065,0,3162
0.3275,0.3275,25.2559533773703,23.3407623943696,25.0264966462953,23.1113056632945,24.070159959199,24.283307456634,0,3162
0.5905,0.5905,24.8433549297378,23.0625410454492,24.6454613073573,22.8646474230687,24.070159959199,23.9700978589507,0,3162
0.7425,0.7425,24.6957860893519,22.8448026858621,24.508778669742,22.6577952662522,24.070159959199,23.7642127296041,0,3162
0.555,0.555,24.9356555878357,23.0420467701061,24.7409341106785,22.8473252929489,24.070159959199,23.9927560252843,0,3162
0.4255,0.4255,25.0740206614603,23.2912282878938,24.8841239214187,23.1013315478521,24.070159959199,24.1527601608059,0,3162
0.2765,0.2765,25.2522064988952,23.3654733407562,25.0606822274688,23.1739490693298,24.070159959199,24.3534632655643,0,3162
0.42,0.42,25.1172313025783,23.2873661573497,24.9479216171715,23.1180564719428,24.070159959199,24.1698729190533,0,3162
0.726,0.726,24.6821662790658,22.9708290495395,24.4739936067876,22.7626563772613,24.070159959199,23.8112687667526,0,3162
0.3475,0.3475,25.1548820903142,23.3106597361834,24.9862028297401,23.1419804756093,24.070159959199,24.2377057619118,0,3162
0.228,0.228,25.3430151794258,23.437773769146,25.1406305721,23.2353891618203,24.070159959199,24.4149165202313,0,3162
0.56,0.56,24.9490435828726,23.1268152406749,24.7881778948167,22.965949552619,24.070159959199,24.0126300595936,0,3162
0.563,0.563,24.9309869125641,23.0984175766568,24.7520416842511,22.9194723483438,24.070159959199,23.9945091612835,0,3162
0.606,0.606,24.8684299999789,23.0238905360317,24.6685566888682,22.8240172249211,24.070159959199,23.937244194603,0,3162
0.1885,0.1885,25.4062763131122,23.5884269740911,25.2333750300773,23.4155256910562,24.070159959199,24.4924217873411,0,3162
0.425,0.425,25.1432644109147,23.2480659981113,24.9358286445553,23.0406302317519,24.070159959199,24.1542139661004,0,3162
0.0785,0.0785,25.6934370966739,23.8058135554954,25.5080182308482,23.6203946896698,24.070159959199,24.7348593239371,0,3162
0.9315,0.9315,24.3251119933632,22.4497411490113,24.1515324797957,22.2761616354437,24.070159959199,23.3700545372569,0,3162
0.539,0.539,24.937615535435,23.1530041598147,24.7349167735256,22.9503053979053,24.070159959199,24.0284276717596,0,3162
0.865,0.865,24.4570740689483,22.7458849521853,24.2450054670318,22.5338163502688,24.070159959199,23.5995413224502,0,3162
0.7745,0.7745,24.6714512702963,22.8086937205316,24.5068805224525,22.6441229726877,24.070159959199,23.7127952098035,0,3162
0.086,0.086,25.7521033726902,23.7841558600858,25.5448815564577,23.5769340438532,24.070159959199,24.736999684237,0,3162
0.1965,0.1965,25.4307734026725,23.5662018338082,25.2278892963648,23.3633177275006,24.070159959199,24.4601459493511,0,3162
0.468,0.468,25.0240378903411,23.1960598444406,24.8072429794537,22.9792649335532,24.070159959199,24.092968460307,0,3162
0.837,0.837,24.485537537385,22.7556010002472,24.2844687251333,22.5545321879955,24.070159959199,23.6314928743497,0,3162
0.0605,0.0605,25.8263661282654,23.8563033541477,25.6375046044833,23.6674418303656,24.070159959199,24.8611054071655,0,3162
0.069,0.069,25.6989999785988,23.8477753849424,25.5224234799503,23.671198886294,24.070159959199,24.7790757038155,0,3162
0.2285,0.2285,25.380975534531,23.4877522496157,25.2266659621015,23.3334426771862,24.070159959199,24.4313801718324,0,3162
0.7785,0.7785,24.6108553702039,22.8238756883,24.3865814704955,22.5996017885916,24.070159959199,23.7398360725394,0,3162
0.832,0.832,24.5013826025742,22.7253425927717,24.3131787039114,22.5371386941089,24.070159959199,23.6398253687204,0,3162
0.8415,0.8415,24.5033427695833,22.7636390220031,24.3277764927464,22.5880727451662,24.070159959199,23.6197195752561,0,3162
0.404,0.404,25.0901524150121,23.2819172697511,24.9234847497009,23.1152496044399,24.070159959199,24.1819624965317,0,3162
0.966,0.966,24.1721596166497,22.3292618990032,24.0081782363449,22.1652805186984,24.070159959199,23.2067562383336,0,3162
0.531,0.531,24.9314798985435,23.0725112298025,24.7193611689293,22.8603925001883,24.070159959199,24.0313308158214,0,3162
0.9885,0.9885,23.9116680447592,22.156566466675,23.7363560009466,21.9812544228624,24.070159959199,23.0258241946509,0,3162
0.664,0.664,24.7727207059254,22.9885355041227,24.5898139413197,22.8056287395171,24.070159959199,23.8805086086044,0,3162
0.037,0.037,25.8180956478512,23.9783832483413,25.6014742967066,23.7617618971967,24.070159959199,24.896876747561,0,3162
0.4455,0.4455,25.0220578814215,23.271011289498,24.8329514305483,23.0819048386248,24.070159959199,24.1391248844061,0,3162
0.6975,0.6975,24.7902363675811,22.837212039349,24.5998602955903,22.6468359673582,24.070159959199,23.824124561847,0,3162
0.798,0.798,24.6484639142799,22.8258661014993,24.4479298671267,22.6253320543461,24.070159959199,23.7067030025735,0,3162
0.6415,0.6415,24.8314889052394,23.0262332102761,24.6321248257161,22.8268691307528,24.070159959199,23.9079146499211,0,3162
0.7145,0.7145,24.7189652556195,22.8737581676228,24.5193079888703,22.6741009008736,24.070159959199,23.8050098701091,0,3162
0.371,0.371,25.101689381201,23.3290399047562,24.9101977977745,23.1375483213297,24.070159959199,24.2218731234401,0,3162
0.657,0.657,24.7952888035281,22.9485065103063,24.6301616817664,22.7833793885445,24.070159959199,23.8902487937617,0,3162
0.758,0.758,24.6301722768499,22.8475988471997,24.4128361581465,22.6302627284963,24.070159959199,23.7476198050835,0,3162
0.931,0.931,24.2670946979352,22.5432458785129,24.0873716032768,22.3635227838545,24.070159959199,23.400346787078,0,3162
0.9135,0.9135,24.3339211391857,22.4911148186503,24.1570341988584,22.314227878323,24.070159959199,23.419136380327,0,3162
0.018,0.018,26.0553896657624,24.1272447107014,25.8228999668318,23.8947550117708,24.070159959199,25.0740710439159,0,3162
0.5695,0.5695,24.9246146833788,23.082889603881,24.7215530041208,22.8798279246229,24.070159959199,23.9845793716779,0,3162
0.4495,0.4495,25.0802142223128,23.1984825028563,24.8830694390563,23.0013377195998,24.070159959199,24.1324833746363,0,3162
0.804,0.804,24.5922184316969,22.7373790730478,24.3883358506149,22.5334964919658,24.070159959199,23.6663711336009,0,3162
0.2245,0.2245,25.404668412488,23.5414988468501,25.2216780824055,23.3585085167675,24.070159959199,24.439180047537,0,3162
0.3255,0.3255,25.2209921681247,23.4067597041653,25.0386235257801,23.2243910618207,24.070159959199,24.2954100468974,0,3162
0.168,0.168,25.4696451491093,23.6390769248607,25.2744259497951,23.4438577255465,24.070159959199,24.5327205683269,0,3162
0.0705,0.0705,25.7053739263586,23.7939734311792,25.4718854275995,23.56048493242,24.070159959199,24.7844345096353,0,3162
0.2255,0.2255,25.3767829798569,23.4836852994273,25.1770937027452,23.2839960223156,24.070159959199,24.4341785469691,0,3162
0.4655,0.4655,25.0698131718885,23.2236648619207,24.8794569834285,23.0333086734607,24.070159959199,24.1212995284894,0,3162
0.701,0.701,24.7587359248305,22.9078002823145,24.592780373991,22.741844731475,24.070159959199,23.8308585471036,0,3162
0.857,0.857,24.4521057032857,22.6739417253839,24.2610576932945,22.4828937153927,24.070159959199,23.5731908117903,0,3162
0.4755,0.4755,24.9864946303171,23.1701556729737,24.8068113132069,22.9904723558635,24.070159959199,24.0924561245102,0,3162
0.0305,0.0305,25.9563008848321,24.0404711018715,25.7871924139417,23.8713626309811,24.070159959199,24.9888911626644,0,3162
0.1365,0.1365,25.5396533410308,23.6612103633074,25.3412425428874,23.4627995651639,24.070159959199,24.5890182800645,0,3162
0.6295,0.6295,24.8215680279872,23.0338002144588,24.6065366727333,22.8187688592049,24.070159959199,23.9133398692493,0,3162
0.931,0.931,24.301307334773,22.4892684010751,24.1082106334018,22.2961716997039,24.070159959199,23.395134862671,0,3162
0.558,0.558,24.9472903560349,23.0394925591855,24.7446738983086,22.8368761014591,24.070159959199,24.0022452961661,0,3162
0.2145,0.2145,25.4305473674478,23.5434636055102,25.2394459334357,23.3523621714981,24.070159959199,24.4512639481266,0,3162
0.13,0.13,25.5293581168414,23.6975405413602,25.3333042631436,23.5014866876623,24.070159959199,24.6193362504302,0,3162
0.1455,0.1455,25.4848928794722,23.6235136981365,25.2589943922528,23.3976152109172,24.070159959199,24.5446777709346,0,3162
0.305,0.305,25.2154835272382,23.3462893673093,25.0296804854148,23.1604863254859,24.070159959199,24.3029106682808,0,3162
0.2915,0.2915,25.1496587786909,23.4036547458763,24.9646624622626,23.218658429448,24.070159959199,24.3116296708832,0,3162
0.421,0.421,25.0538249605329,23.2185444578829,24.852247629751,23.016967127101,24.070159959199,24.1572697878508,0,3162
0.241,0.241,25.3178017516586,23.4173565896229,25.1284912475566,23.2280460855209,24.070159959199,24.3901646249293,0,3162
0.0575,0.0575,25.766815114129,23.8965101183431,25.5689922210242,23.6986872252383,24.070159959199,24.8245468401498,0,3162
