"p","p_no_mc","upper","lower","upper_no_mc","lower_no_mc","truemu","obsD","l","size"
0.182,0.182,19.4653990002962,12.8316242748662,18.687780431847,12.054005706417,14.345828284856,15.9328167724627,0,100
0.4065,0.4065,17.8957166944681,11.6903715523657,16.5859981145003,10.3806529723979,14.345828284856,14.6903823877036,0,100
0.126,0.126,20.0576279221851,13.1880994597358,19.228579484809,12.3590510223596,14.345828284856,16.2857679170381,0,100
0.2155,0.2155,18.4654589620606,12.7055941517088,17.5081126672534,11.7482478569016,14.345828284856,15.5268283956622,0,100
0.7275,0.7275,15.7663559456796,11.4437538058665,14.6495827151798,10.3269805753667,14.345828284856,13.6465288808568,0,100
0.7005,0.7005,16.6425431957986,11.1507185970475,15.8687049015689,10.3768803028178,14.345828284856,13.6918563087486,0,100
0.8465,0.8465,15.6775647328394,10.5266693158733,14.691905092827,9.54100967586083,14.345828284856,12.9908945852473,0,100
0.085,0.085,19.3039442413529,13.4208851682924,17.8233004149371,11.9402413418767,14.345828284856,16.343854871208,0,100
0.0085,0.0085,20.8460067173741,14.8708368995725,19.0297377871116,13.05456796931,14.345828284856,17.7109109436451,0,100
0.5805,0.5805,16.6975361793458,11.6170046070545,15.5118567542853,10.431325181994,14.345828284856,14.0980727527624,0,100
0.733,0.733,16.7609037354356,10.390056647616,16.1933308089146,9.822483721095,14.345828284856,13.3464223430273,0,100
0.9045,0.9045,15.4788526742986,9.68396784327726,15.1133120107803,9.31842717975892,14.345828284856,12.3183721948644,0,100
0.222,0.222,19.0054502870088,12.6092574107161,17.9516938551541,11.5555009788614,14.345828284856,15.642618392979,0,100
0.7295,0.7295,16.5188982348792,11.1819833321644,15.8197999000008,10.482884997286,14.345828284856,13.6030062240943,0,100
0.5505,0.5505,16.891427001087,11.7759368551485,15.5878072612991,10.4723171153606,14.345828284856,14.208671926468,0,100
0.154,0.154,20.1916867976032,12.7606132900432,19.6352734162955,12.2041999087355,14.345828284856,16.2911288082841,0,100
0.6585,0.6585,16.5932506777158,11.2294221522256,15.7563922989916,10.3925637735013,14.345828284856,13.8052654878008,0,100
0.7205,0.7205,16.2070672249275,11.431177591825,15.4139356705351,10.6380460374326,14.345828284856,13.68664765941,0,100
0.516,0.516,17.6785960561904,11.5161345313539,16.8887793962077,10.7263178713712,14.345828284856,14.3604765960665,0,100
0.3295,0.3295,18.5956504784104,12.0238397603172,17.5642267909623,10.9924160728691,14.345828284856,15.1310067619155,0,100
0.148,0.148,17.6884071786746,13.1319592538722,16.2197724560761,11.6633245312737,14.345828284856,15.5144167639923,0,100
0.334,0.334,17.9915651395385,12.2392005451589,17.1892023720548,11.4368377776752,14.345828284856,15.012819837784,0,100
0.851,0.851,15.7271836866215,10.0532056726811,15.0999388256266,9.42596081168616,14.345828284856,12.775414958746,0,100
0.398,0.398,17.3108172945341,12.308637622071,16.4482203557965,11.4460406833335,14.345828284856,14.7279108441752,0,100
0.091,0.091,20.3529889166732,13.4375164091644,19.2324588633128,12.316986355804,14.345828284856,16.6227434587761,0,100
0.1245,0.1245,19.1138386655043,13.1770692994418,18.1918835461493,12.2551141800868,14.345828284856,16.0159046668635,0,100
0.4815,0.4815,17.0852574536903,12.1274710092041,16.1881349262053,11.2303484817191,14.345828284856,14.4239995945603,0,100
0.627,0.627,17.0861295549101,11.0368575706593,15.9982455977916,9.94897361354077,14.345828284856,13.8675580887063,0,100
0.204,0.204,18.8234293901898,12.6270516310533,17.7187277180464,11.5223499589099,14.345828284856,15.6649068464956,0,100
0.787,0.787,16.170162787538,10.8108193350166,15.5453307555817,10.1859873030603,14.345828284856,13.3051415270144,0,100
0.588,0.588,16.770721162913,11.6551780050503,15.6184226921317,10.5028795342689,14.345828284856,14.1054440907447,0,100
0.8675,0.8675,15.7642059941875,10.7101094770127,15.0783772988954,10.0242807817207,14.345828284856,12.9597554448788,0,100
0.2565,0.2565,18.6754911217038,12.478735189081,17.7327771695479,11.5360212369251,14.345828284856,15.4171748241872,0,100
0.531,0.531,17.462399328479,11.5127484076824,16.5406977566628,10.5910468358663,14.345828284856,14.2923072116062,0,100
0.076,0.076,20.1376762949184,13.5977780202227,19.1059610281043,12.5660627534086,14.345828284856,16.6761357292874,0,100
1,1,11.6421555453155,7.6342681717065,11.0958027631398,7.08791538953083,14.345828284856,9.55242242200194,0,100
0.0665,0.0665,20.1755198607572,13.5154823262754,18.7695918384749,12.1095543039931,14.345828284856,16.7757516807582,0,100
0.437,0.437,17.7317362404343,11.7450916031168,16.2823333859746,10.2956887486571,14.345828284856,14.6294910468557,0,100
0.903,0.903,15.3971669541034,9.84996613886909,14.5721174283394,9.02491661310517,14.345828284856,12.4372897951179,0,100
0.1135,0.1135,19.618124080514,13.1982841414512,18.366727772027,11.9468878329642,14.345828284856,16.365641998246,0,100
0.0065,0.0065,21.7299462748564,15.003793682319,20.4736192940105,13.7474667014732,14.345828284856,18.2622856119094,0,100
0.2875,0.2875,18.0848394153967,12.4217401412085,16.7945992101216,11.1314999359334,14.345828284856,15.1806728849641,0,100
0.954,0.954,14.7536708549717,10.1569193739866,14.1060719737648,9.50932049277967,14.345828284856,12.3268363026755,0,100
0.8325,0.8325,15.5043955948678,11.2345828045239,14.5953052863354,10.3254924959915,14.345828284856,13.2853397923085,0,100
0.9985,0.9985,13.2076770316563,8.9281312350582,12.5239816249233,8.24443582832516,14.345828284856,10.966433506246,0,100
0.968,0.968,14.4667154306496,9.53584202973015,13.6185536259152,8.68768022499571,14.345828284856,11.860224666853,0,100
0.2455,0.2455,17.6747023418462,12.8020175342818,16.6061012357565,11.733416428192,14.345828284856,15.2198818867242,0,100
0.145,0.145,19.0837353043053,12.8843739222982,18.1463438898293,11.9469825078222,14.345828284856,15.9676858469504,0,100
0.294,0.294,17.863916055436,12.4030817982636,16.5811502573535,11.1203160001812,14.345828284856,15.0827383728785,0,100
0.9435,0.9435,14.8783108984679,10.579892364562,13.9465589218724,9.64814038796658,14.345828284856,12.6261273902919,0,100
0.2655,0.2655,18.1869366250757,12.4763350384601,17.1673465350036,11.456744948388,14.345828284856,15.3095146792905,0,100
0.4575,0.4575,18.2585223789036,11.4483938426204,17.6275244518748,10.8173959155916,14.345828284856,14.6414478799018,0,100
0.5405,0.5405,17.3235509720364,11.5211708299676,16.4661752316663,10.6637950895974,14.345828284856,14.2473898387765,0,100
0.38,0.38,17.8597587542474,12.064266598705,16.8200788227424,11.0245866672,14.345828284856,14.8226418449041,0,100
0.836,0.836,15.9165613993034,10.2137814934795,15.4119849883171,9.70920508249315,14.345828284856,12.8857972038716,0,100
0.124,0.124,17.8758386154138,13.4351951190224,16.391581676991,11.9509381805996,14.345828284856,15.6989865840207,0,100
0.4815,0.4815,17.0221648229276,12.0364840142924,16.0281238441261,11.0424430354909,14.345828284856,14.4215738136565,0,100
0.5845,0.5845,17.1957019691187,11.4473328968178,16.2697831672648,10.5214140949639,14.345828284856,14.1306569185256,0,100
0.452,0.452,17.3911703172399,11.7193861502022,16.289718378511,10.6179342114733,14.345828284856,14.5240751501222,0,100
0.127,0.127,19.4098813400548,13.1068754216555,18.297213941009,11.9942080226096,14.345828284856,16.1432353696059,0,100
0.1005,0.1005,19.061995826739,13.4321771088683,17.7774713462174,12.1476526283467,14.345828284856,16.1223843712818,0,100
0.71,0.71,16.8847749089258,10.8682404130847,16.2556284722154,10.2390939763744,14.345828284856,13.6162543812231,0,100
0.5725,0.5725,16.9594058433755,11.5311219520702,15.828960872437,10.4006769811317,14.345828284856,14.1647632759147,0,100
0.4295,0.4295,18.2499822034595,11.6223753657048,17.3888263806111,10.7612195428563,14.345828284856,14.7436742255104,0,100
0.9835,0.9835,14.0358805252122,8.36991167635199,13.5872181444457,7.9212492955855,14.345828284856,10.9566103288644,0,100
0.1245,0.1245,20.397962527691,13.1459957003436,19.6238400949422,12.3718732675948,14.345828284856,16.4765461342875,0,100
0.9805,0.9805,14.1885474517733,10.1166864602641,13.6204220462981,9.54856105478884,14.345828284856,12.0501261040295,0,100
0.0035,0.0035,21.2519854484854,15.4794194277491,19.298266507786,13.5257004870496,14.345828284856,18.3321013388824,0,100
0.6745,0.6745,17.2589021393182,10.7333138583294,16.8179753417807,10.2923870607919,14.345828284856,13.7319484926019,0,100
0.2955,0.2955,17.8008580862502,12.4643625793025,16.6536221546444,11.3171266476967,14.345828284856,15.1266187955301,0,100
0.4725,0.4725,17.2560145255595,11.6673112949702,16.3718355163192,10.78313228573,14.345828284856,14.4568624915306,0,100
0.8015,0.8015,15.9172403127835,10.7420813999068,14.8703296688407,9.6951707559639,14.345828284856,13.2308767949414,0,100
0.367,0.367,17.9458052663192,12.2118460931666,16.9221439175286,11.1881847443759,14.345828284856,14.8553863938392,0,100
0.6035,0.6035,17.5738598498495,11.1008591472977,16.9007766227672,10.4277759202153,14.345828284856,14.0775966074017,0,100
0.708,0.708,16.7009073947781,10.8947029631456,16.1775699214908,10.3713654898583,14.345828284856,13.6466043427824,0,100
0.121,0.121,18.4408594316585,13.3532497754548,16.9406845624605,11.8530749062568,14.345828284856,15.8828989490052,0,100
0.9755,0.9755,14.3416969727529,10.2373241262414,13.4573442304513,9.35297138393977,14.345828284856,12.3033475185521,0,100
0.757,0.757,16.6448063985566,10.3924910762602,15.8110102696932,9.55869494739684,14.345828284856,13.3006459821919,0,100
1,1,12.8760015907025,9.58310659890411,12.2274409554579,8.93454596365944,14.345828284856,11.3453070322011,0,100
0.5045,0.5045,17.4962049230627,11.3194157762231,16.5659987940548,10.3892096472153,14.345828284856,14.3896717555577,0,100
0.618,0.618,17.0791371215705,11.1584742491946,16.164813698378,10.2441508260021,14.345828284856,13.9514541669585,0,100
0.0815,0.0815,19.9507201948827,13.5058836510891,18.7273644666284,12.2825279228348,14.345828284856,16.6050736041123,0,100
0.107,0.107,18.8346441752571,13.4127310434123,17.295203996281,11.8732908644362,14.345828284856,16.0986554889803,0,100
0.191,0.191,18.2795522414406,13.0483180356048,16.9294185815375,11.6981843757017,14.345828284856,15.5690623307466,0,100
0.165,0.165,19.1953463439489,12.9124674686685,18.0544942698289,11.7716153945486,14.345828284856,15.9576314857121,0,100
0.2225,0.2225,17.7770316402204,12.8526665697148,16.5205425145483,11.5961774440427,14.345828284856,15.2738534115894,0,100
0.56,0.56,17.1603030705502,11.3914992453244,16.0827137862953,10.3139099610695,14.345828284856,14.1677174124027,0,100
0.5635,0.5635,17.275589269408,11.4918852954922,16.7028709401317,10.919166966216,14.345828284856,14.1771270473983,0,100
0.995,0.995,13.2926938438869,8.35326572677242,12.7229360689112,7.78350795179667,14.345828284856,10.6646439321087,0,100
0.6105,0.6105,16.7485418262774,11.4898502804739,15.957953257703,10.6992617118995,14.345828284856,14.0027547308156,0,100
0.6625,0.6625,17.1884514287973,11.0611633870567,16.7027483099902,10.5754602682496,14.345828284856,13.8045195771361,0,100
0.79,0.79,16.0836301458019,10.8984109342229,15.2639962295434,10.0787770179645,14.345828284856,13.3680811120635,0,100
0.5315,0.5315,17.354666809633,11.6643101457343,16.6851934362608,10.9948367723621,14.345828284856,14.3294859113452,0,100
0.555,0.555,17.3077378063449,11.3427808849206,16.3661702491261,10.4012133277018,14.345828284856,14.1924167917559,0,100
0.397,0.397,17.6550864134242,12.3283906635487,16.5390116496157,11.2123158997403,14.345828284856,14.7580719233708,0,100
0.676,0.676,16.4672346000501,11.3060789810404,15.7760746470975,10.6149190280878,14.345828284856,13.7899343608021,0,100
0.818,0.818,15.87183239673,10.7000972335249,15.1325528459284,9.96081768272329,14.345828284856,13.1364583648332,0,100
0.305,0.305,18.4979683536621,12.2412772925003,17.7717007487495,11.5150096875877,14.345828284856,15.2026370307056,0,100
0.2845,0.2845,17.8446481120993,12.6069429164517,16.4760811377548,11.2383759421072,14.345828284856,15.1600185661571,0,100
0.664,0.664,16.9368345249112,10.8076900965423,16.4651341715985,10.3359897432295,14.345828284856,13.73394582399,0,100
0.9645,0.9645,14.5509321575337,9.85805190303895,13.9852219853661,9.29234173087138,14.345828284856,12.1828622125264,0,100
0.59,0.59,17.0191260605899,11.2234060248536,16.0889611943029,10.2932411585666,14.345828284856,14.0313502787941,0,100
0.065,0.065,20.075892592901,13.6294323336781,19.1441738479872,12.6977135887644,14.345828284856,16.6310556110401,0,100
0.0345,0.0345,19.9324646916608,14.1190778249196,18.8329571324931,13.0195702657519,14.345828284856,16.9309986021913,0,100
0.5675,0.5675,17.2910247815838,11.4453079911889,16.6231180998303,10.7774013094354,14.345828284856,14.1354491768169,0,100
0.953,0.953,14.9958304688581,9.15963834839072,14.6559845003365,8.81979237986909,14.345828284856,11.6956021368493,0,100
0.334,0.334,18.273893292368,12.1486739604373,17.1293197465685,11.0041004146379,14.345828284856,15.0765102113109,0,100
0.815,0.815,16.0451404967399,10.0989579588073,15.1250770278497,9.1788944899171,14.345828284856,12.9669175549222,0,100
0.859,0.859,15.463033172933,10.5760960494216,14.5227140658735,9.6357769423621,14.345828284856,12.9662764882955,0,100
0.1645,0.1645,18.7566307286635,13.0055721352373,17.7116693274395,11.9606107340134,14.345828284856,15.7162787337682,0,100
0.4355,0.4355,17.2826268310144,12.0521612430641,16.0814925730136,10.8510269850633,14.345828284856,14.5850662532476,0,100
0.5125,0.5125,17.7086337401257,11.5123744273616,16.7992552665201,10.602995953756,14.345828284856,14.3281375602457,0,100
0.3235,0.3235,18.3048168492805,12.0766669774811,17.3111282128339,11.0829783410345,14.345828284856,15.0894560834979,0,100
0.4875,0.4875,17.5230840774539,11.822201894203,16.5300303365143,10.8291481532634,14.345828284856,14.4479141127864,0,100
0.9245,0.9245,15.0974000270292,10.1880008538222,14.1440702398344,9.23467106662747,14.345828284856,12.5213252967667,0,100
0.967,0.967,14.5331954463593,10.025649955937,13.7858985949685,9.27835310454617,14.345828284856,12.2386037432741,0,100
0.526,0.526,17.2442736600562,11.6155688871134,16.6342330936002,11.0055283206574,14.345828284856,14.3080733388688,0,100
0.3885,0.3885,17.3518671155046,12.1587579629026,16.0231508668721,10.8300417142701,14.345828284856,14.723458189559,0,100
0.9495,0.9495,14.7795490750404,9.82190493638108,13.937338582048,8.97969444338864,14.345828284856,12.1576788291065,0,100
0.7495,0.7495,16.5260544683555,10.2921464125188,15.7438390140167,9.50993095817999,14.345828284856,13.313452916309,0,100
0.361,0.361,18.0710723143992,12.1584078508945,17.3407606006426,11.4280961371379,14.345828284856,14.9204640229264,0,100
0.87,0.87,15.641761339727,10.6987866871144,14.9736457628536,10.030671110241,14.345828284856,12.9358768786439,0,100
0.3255,0.3255,18.464354436041,12.1245476360607,17.6223458327704,11.2825390327901,14.345828284856,15.1346883962349,0,100
0.654,0.654,16.7464549364167,11.1424972555591,15.7027858917896,10.098828210932,14.345828284856,13.7982842445124,0,100
0.2775,0.2775,17.8079254039482,12.7514760585881,16.5871241687637,11.5306748234036,14.345828284856,15.1565190650476,0,100
0.3935,0.3935,17.2360630603252,12.0108328060083,16.0176823661939,10.7924521118769,14.345828284856,14.6580782992643,0,100
0.208,0.208,18.9162659511803,12.6447372614382,17.7779378058642,11.5064091161221,14.345828284856,15.6711993372257,0,100
0.4225,0.4225,17.1803998809492,12.1574549060552,15.7497355978662,10.7267906229722,14.345828284856,14.6237299033336,0,100
0.9125,0.9125,15.2791246449112,10.2134620989851,14.6580267336196,9.59236418769346,14.345828284856,12.594060653361,0,100
0.7955,0.7955,16.0323468623054,10.926257538189,14.8268753879977,9.72078606388128,14.345828284856,13.3252150222969,0,100
0.711,0.711,16.2657988086625,11.1229684074616,15.3202683977347,10.1774379965337,14.345828284856,13.6239564229037,0,100
0.185,0.185,20.0074184737446,12.7809200254775,19.117524100354,11.8910256520868,14.345828284856,16.0195962066196,0,100
0.895,0.895,15.4225834210239,9.8611790113621,14.6432352546604,9.08183084499861,14.345828284856,12.5503789161416,0,100
0.699,0.699,16.3572177257958,11.2351465493286,15.409741108965,10.2876699324978,14.345828284856,13.6795350019073,0,100
0.4255,0.4255,18.2509087506845,11.730975147307,17.8084761411424,11.2885425377649,14.345828284856,14.7296015919537,0,100
0.9715,0.9715,14.4293855691573,9.57454847968652,13.7220555335961,8.86721844412534,14.345828284856,11.9514671576777,0,100
0.151,0.151,19.3489786562267,13.0458868868162,18.2360826296987,11.9329908602882,14.345828284856,16.0693436258234,0,100
1,1,11.767968650258,7.59424472069872,11.4981979299588,7.32447400039944,14.345828284856,9.48841478125816,0,100
0.074,0.074,19.9906915309983,13.4508016753554,18.3551329249845,11.8152430693416,14.345828284856,16.6141235809659,0,100
0.136,0.136,19.7692634453502,12.9798650900509,19.0097207963641,12.2203224410648,14.345828284856,16.1437015493561,0,100
0.212,0.212,19.6167089259535,12.5080598468405,18.5673887225437,11.4587396434308,14.345828284856,15.8325529779658,0,100
0.288,0.288,19.1511268397084,12.0915656779627,18.1601473480129,11.1005861862672,14.345828284856,15.369069454776,0,100
0.1,0.1,19.0652587405851,13.4674538506324,17.2984279937453,11.7006231037927,14.345828284856,16.1431525368532,0,100
0.0335,0.0335,20.939599986701,14.1239497381781,19.4306540298888,12.6150037813659,14.345828284856,17.4268689477193,0,100
0.2135,0.2135,18.6583887412921,12.8483328048118,17.6218690405147,11.8118131040344,14.345828284856,15.5378393601705,0,100
0.7255,0.7255,16.6574696828357,10.8284464257137,16.0115646138376,10.1825413567155,14.345828284856,13.5302037252955,0,100
0.8825,0.8825,15.5478655826455,9.92238823577487,15.0739873466715,9.4485099998008,14.345828284856,12.5436858584111,0,100
0.765,0.765,15.9455546950711,11.4285243035088,15.2700109574901,10.7529805659277,14.345828284856,13.5251484918182,0,100
0.0775,0.0775,20.320294361257,13.5708123980326,19.6572869537672,12.9078049905428,14.345828284856,16.7518989843495,0,100
0.3735,0.3735,18.8233287219632,11.8193137951794,18.2805369430994,11.2765220163157,14.345828284856,15.0220509764153,0,100
0.3195,0.3195,18.5176723803064,12.1328007581146,17.4260342730042,11.0411626508123,14.345828284856,15.1797718567721,0,100
0.786,0.786,15.8584231435373,11.1275558542981,14.9300507881961,10.1991834989568,14.345828284856,13.4014385115291,0,100
0.648,0.648,16.9146775148111,11.0181084739982,16.0438393427171,10.1472703019042,14.345828284856,13.7895576603101,0,100
0.0315,0.0315,19.4591041471127,14.1788429472557,18.1425783818041,12.8623171819471,14.345828284856,16.804813182117,0,100
0.5795,0.5795,17.4294842759828,11.0989133443934,16.6230990789773,10.2925281473878,14.345828284856,14.0503031205726,0,100
0.683,0.683,16.843048557837,10.9886717520897,16.0346115787857,10.1802347730384,14.345828284856,13.7113518711388,0,100
0.634,0.634,16.8397275281919,11.187086169106,15.9196794208299,10.2670380617441,14.345828284856,13.8950885368966,0,100
0.9845,0.9845,14.0379337850684,9.56724150530667,13.3210333697926,8.85034109003085,14.345828284856,11.721524831629,0,100
0.2065,0.2065,18.2152478020837,12.7680396002115,17.0318736632039,11.5846654613318,14.345828284856,15.5154549722645,0,100
0.5295,0.5295,17.3689126162517,11.6791997757633,16.6350440683814,10.945331227893,14.345828284856,14.2928818818242,0,100
0.6125,0.6125,16.8178416575832,11.5134902401228,15.853630577255,10.5492791597945,14.345828284856,13.9884294626215,0,100
0.226,0.226,19.3530286199353,12.4239390813617,18.4270419951128,11.4979524565393,14.345828284856,15.6245496732271,0,100
0.859,0.859,15.3159880317316,11.0840874638891,14.3958935986455,10.1639930308029,14.345828284856,13.1552764994472,0,100
0.971,0.971,14.4564099416337,8.98044621776789,14.1598884230868,8.68392469922104,14.345828284856,11.4966074950164,0,100
0.547,0.547,16.9644779926043,11.7238960342139,15.9544113134995,10.7138293551091,14.345828284856,14.2134687133848,0,100
0.4235,0.4235,18.1440222905409,11.821030225613,17.1595636671182,10.8365716021903,14.345828284856,14.7311143461874,0,100
0.1055,0.1055,19.8911983679742,13.1731690701856,18.3784799095557,11.660450611767,14.345828284856,16.4083315575734,0,100
0.615,0.615,17.0281836342408,11.2676791515512,16.3349681441496,10.5744636614599,14.345828284856,13.9475256572914,0,100
0.746,0.746,16.2071658369621,11.046952661705,15.1468495278983,9.98663635264123,14.345828284856,13.4773730696776,0,100
0.5785,0.5785,17.5754846548783,11.0045532070423,16.7681253198997,10.1971938720636,14.345828284856,14.0525438931992,0,100
0.037,0.037,22.0276724762951,13.9992170714022,21.3154714153317,13.2870160104388,14.345828284856,17.7176312339868,0,100
0.9785,0.9785,14.2613204714886,9.6991939407756,13.5191904572571,8.95706392654408,14.345828284856,11.9763071151003,0,100
0.3425,0.3425,17.6364023267789,12.4183756773217,16.7127944786195,11.4947678291623,14.345828284856,14.8972988181463,0,100
0.53,0.53,17.7507020977183,11.458794067586,17.0743301083317,10.7824220781995,14.345828284856,14.2918779590114,0,100
0.9125,0.9125,15.3883731238939,9.62108354664262,14.7432839489258,8.97599437167449,14.345828284856,12.3695743055713,0,100
0.8205,0.8205,15.6986147102896,10.8436444128571,14.9821180543275,10.1271477568949,14.345828284856,13.2117693685546,0,100
0.632,0.632,16.8614128012945,11.2766187202555,16.0501374673584,10.4653433863194,14.345828284856,13.9183908590356,0,100
0.04,0.04,19.4170435377202,14.0682932132968,17.9850210912521,12.6362707668287,14.345828284856,16.7169825584092,0,100
0.3915,0.3915,18.2108041255781,11.8210020403718,17.4728946518079,11.0830925666016,14.345828284856,14.8556748631601,0,100
0.2105,0.2105,18.6425432809231,12.7265330878849,17.5149658375705,11.5989556445323,14.345828284856,15.5710910880745,0,100
0.868,0.868,15.6383308025416,10.558499783984,14.9758774382979,9.89604641974027,14.345828284856,12.9260457843483,0,100
0.613,0.613,17.3293091696297,11.0372761376408,16.2891928519565,9.99715981996766,14.345828284856,13.982283344816,0,100
0.621,0.621,16.7375600159344,11.545422182905,15.5160842160196,10.3239463829902,14.345828284856,13.984097703628,0,100
0.9305,0.9305,15.2870460232516,9.69887159416774,14.4816469841853,8.89347255510138,14.345828284856,12.2961693964438,0,100
0.1495,0.1495,19.4220896636054,12.8312340865884,18.3372648237254,11.7464092467084,14.345828284856,15.9986653726766,0,100
0.37,0.37,17.8026446452307,12.1648986283834,16.8626965947034,11.2249505778561,14.345828284856,14.8438215972112,0,100
0.7675,0.7675,16.2617606080542,10.8481994522074,15.7074651360339,10.293903980187,14.345828284856,13.391603180126,0,100
0.3875,0.3875,18.0392018995488,11.8772015379106,17.307246317575,11.1452459559368,14.345828284856,14.8503559789868,0,100
0.2025,0.2025,19.1099945398791,12.7110587031682,17.9572653788796,11.5583295421687,14.345828284856,15.6890410607903,0,100
1,1,13.0303986231013,9.39325402721033,12.3492046994735,8.7120601035825,14.345828284856,11.1778015990466,0,100
0.197,0.197,18.9122950677614,12.7137526545764,17.5458906637201,11.3473482505352,14.345828284856,15.6835711910644,0,100
0.276,0.276,19.0634423954203,12.3369824261943,18.3250977591522,11.5986377899262,14.345828284856,15.4109950010846,0,100
0.3505,0.3505,17.5604826652294,12.4372364199624,16.6312340025515,11.5079877572845,14.345828284856,14.9196988993258,0,100
0.896,0.896,15.1914536169238,10.2721778405601,14.3654127680617,9.44613699169803,14.345828284856,12.7167698946486,0,100
0.3205,0.3205,18.2755490996045,12.3028517029076,17.4834077325728,11.5107103358758,14.345828284856,15.1066107964845,0,100
0.936,0.936,14.8761306242889,10.1513587751893,14.3369644105956,9.61219256149588,14.345828284856,12.4030888004685,0,100
0.669,0.669,17.0797055464603,10.7977092614874,16.4806815817038,10.1986852967309,14.345828284856,13.7460718180932,0,100
0.1245,0.1245,19.5807023175214,13.2387208702935,18.2719018776204,11.9299204303925,14.345828284856,16.1872990845648,0,100
0.988,0.988,13.8169318949684,8.87110150607765,13.2509045520262,8.30507416313539,14.345828284856,11.2114475364881,0,100
0.401,0.401,17.5877444252369,12.093956804867,16.5596877293489,11.0659001089791,14.345828284856,14.7410473234532,0,100
0.075,0.075,20.4657775434221,13.5912707749226,19.4932694016023,12.6187626331029,14.345828284856,16.804842061009,0,100
0.64,0.64,16.8708568499547,11.0003462286676,16.1366084663332,10.266097845046,14.345828284856,13.8522394536963,0,100
0.135,0.135,19.5306365653224,13.2198676353544,18.421768628448,12.1109996984799,14.345828284856,16.0704189692111,0,100
0.025,0.025,21.0789732644635,14.3198131248647,19.8044500044532,13.0452898648545,14.345828284856,17.4994852103376,0,100
0.0335,0.0335,19.8696316199766,14.1613424907077,18.3598654882812,12.6515763590123,14.345828284856,16.9683271272564,0,100
0.844,0.844,15.5472297412367,10.814503947388,14.5617569220969,9.82903112824821,14.345828284856,13.1359308612458,0,100
0.641,0.641,16.470281589749,11.4664670972131,15.357169754191,10.3533552616551,14.345828284856,13.910301227134,0,100
0.9825,0.9825,14.2339977090362,9.63629642047629,13.6113043720109,9.01360308345093,14.345828284856,11.7970089796188,0,100
0.1565,0.1565,18.7329925920079,13.1516250477381,17.3702199062559,11.7888523619861,14.345828284856,15.8123685856734,0,100
0.8315,0.8315,15.8470662080085,10.5039769634708,15.214665117483,9.87157587294529,14.345828284856,13.0746826823182,0,100
0.7315,0.7315,16.3053737254727,10.9578894490779,15.3813347494872,10.0338504730924,14.345828284856,13.5197101180398,0,100
0.315,0.315,19.1005396147911,11.9670602382897,18.600171730722,11.4666923542206,14.345828284856,15.2560763384509,0,100
0.2545,0.2545,19.2087230064557,12.273900955874,18.3692895288081,11.4344674782263,14.345828284856,15.6026226098064,0,100
0.8185,0.8185,15.9764998700285,10.513942625745,15.004345694327,9.54178845004358,14.345828284856,13.0777808319953,0,100
0.1215,0.1215,18.9619819930449,13.1718753090569,17.7726539369037,11.9825472529157,14.345828284856,16.0988314833869,0,100
0.032,0.032,20.7695611921879,14.2281276805988,19.4446663694549,12.9032328578658,14.345828284856,17.3759633717414,0,100
0.421,0.421,17.5003531428828,11.910279236048,16.5076755750378,10.917601668203,14.345828284856,14.6351818038791,0,100
0.2185,0.2185,18.2366117725358,12.8272089994946,17.2773171340402,11.867914360999,14.345828284856,15.4263251427854,0,100
0.7715,0.7715,16.1507953531292,10.6548171072009,15.3463671282397,9.85038888231131,14.345828284856,13.3019762770623,0,100
0.5905,0.5905,17.0521049808131,11.4179192704898,15.8594588134072,10.2252731030839,14.345828284856,14.1085796350186,0,100
0.946,0.946,14.9149904924518,9.6407271977343,14.1280388133597,8.85377551864227,14.345828284856,12.1344968704726,0,100
0.505,0.505,17.654778619667,11.6372353173265,16.8718326256208,10.8542893232803,14.345828284856,14.4083755369282,0,100
0.1355,0.1355,19.5988278229894,12.9361106804234,18.6326113560686,11.9698942135026,14.345828284856,16.1637920778789,0,100
0.7885,0.7885,15.7754427070782,10.9623938810941,14.6992359396636,9.88618711367946,14.345828284856,13.3368387872029,0,100
0.8925,0.8925,15.3971374278133,10.084710737556,14.7777287669433,9.46530207668604,14.345828284856,12.5448678553867,0,100
0.4205,0.4205,17.607762575287,12.1018583532598,16.5407826292752,11.0348784072481,14.345828284856,14.6826321069576,0,100
0.138,0.138,19.2012864443155,13.0402342156426,17.9549309170878,11.7938786884149,14.345828284856,16.0019566412764,0,100
0.1345,0.1345,19.6512206869507,12.8381426753571,18.6981288786718,11.8850508670782,14.345828284856,16.1573129805833,0,100
0.7395,0.7395,16.0719974859489,11.197975008215,15.0332239665509,10.1592014888169,14.345828284856,13.5834063588005,0,100
0.995,0.995,13.2685232324488,7.86129226142396,12.9736888508393,7.56645787981444,14.345828284856,10.2849956205113,0,100
0.638,0.638,16.6781971278501,11.2605328376974,15.7484424021195,10.3307781119667,14.345828284856,13.8673708969688,0,100
0.4115,0.4115,18.05514198694,11.9904439126663,17.3336805658439,11.2689824915702,14.345828284856,14.7827545378059,0,100
0.312,0.312,17.2577768983373,12.5630551307536,15.9658596604294,11.2711378928456,14.345828284856,14.91195251032,0,100
0.6535,0.6535,17.4601475163606,10.7503086711382,16.8154446990458,10.1056058538234,14.345828284856,13.7587390502178,0,100
0.7075,0.7075,16.2887894649658,11.1040917883358,15.1978017237711,10.0131040471411,14.345828284856,13.6492286202469,0,100
0.605,0.605,17.4869342187388,10.9701623325665,17.0269920757884,10.5102201896161,14.345828284856,13.9654841248668,0,100
0.724,0.724,16.2369546150701,11.0941090851987,15.1243586281616,9.98151309829021,14.345828284856,13.5787247399439,0,100
0.709,0.709,16.2724018770811,11.0485249298617,15.2035086926153,9.97963174539587,14.345828284856,13.6280606462663,0,100
0.551,0.551,17.2301914624711,11.4110798302334,16.1942612673686,10.3751496351309,14.345828284856,14.2045132666986,0,100
0.4195,0.4195,18.371810088769,11.7635045406308,17.5560917378791,10.9477861897408,14.345828284856,14.7868776240477,0,100
0.6935,0.6935,16.9541939396641,10.5701049012696,16.3491855484703,9.96509651007583,14.345828284856,13.5365366221626,0,100
0.044,0.044,19.0384965399309,14.0230737534677,17.6012253947622,12.5858026082991,14.345828284856,16.499041535347,0,100
0.18,0.18,18.2403182298142,13.0047134508414,16.8251940643611,11.5895892853883,14.345828284856,15.5860594368077,0,100
0.4275,0.4275,17.5485571869359,11.8359555856726,16.4785390772275,10.7659374759642,14.345828284856,14.6011596166054,0,100
0.887,0.887,15.6579465377459,9.84581418712726,15.0642892705832,9.25215691996458,14.345828284856,12.5630740519601,0,100
0.7185,0.7185,16.5287571824356,10.9607317126351,15.6895509147484,10.1215254449479,14.345828284856,13.5723046754961,0,100
0.4655,0.4655,17.212421518745,12.047105376908,15.9326796901049,10.7673635482678,14.345828284856,14.5107079872603,0,100
0.673,0.673,16.3889070033594,11.3747060026326,15.5635841515897,10.5493831508628,14.345828284856,13.806453755904,0,100
0.2765,0.2765,17.949324938202,12.4548873234246,16.6621308374106,11.1676932226333,14.345828284856,15.1857136486652,0,100
0.1785,0.1785,19.5328120450143,12.7497703155094,18.6262314113717,11.8431896818669,14.345828284856,15.8768247316939,0,100
0.0345,0.0345,21.6682272052927,14.1641577608564,20.7602317025216,13.2561622580853,14.345828284856,17.6508519380652,0,100
0.003,0.003,21.5205899698912,15.412123902577,19.817170502822,13.7087044355078,14.345828284856,18.2851213109348,0,100
0.5225,0.5225,17.311945944818,11.8064797154486,16.7058972358515,11.2004310064821,14.345828284856,14.3285620079198,0,100
0.378,0.378,18.0280915296435,12.3107836080356,16.8889977965559,11.1716898749481,14.345828284856,14.8840228608566,0,100
0.666,0.666,16.946273307567,11.0635157710655,16.1991752621524,10.3164177256508,14.345828284856,13.758547962274,0,100
0.564,0.564,17.1134689954517,11.5706322825367,16.4246780000919,10.8818412871769,14.345828284856,14.1421151131587,0,100
0.564,0.564,16.6329283817148,11.8794862790423,15.6024364033343,10.8489943006618,14.345828284856,14.1535774171894,0,100
0.321,0.321,18.9001300365675,12.0073928622583,18.1285438059979,11.2358066316887,14.345828284856,15.197174867138,0,100
0.088,0.088,19.971721051737,13.3695287270981,19.122318211073,12.5201258864341,14.345828284856,16.5315506735513,0,100
0.507,0.507,17.3415682429332,11.6338491185215,16.0944329033628,10.3867137789512,14.345828284856,14.3494435124835,0,100
0.964,0.964,14.6793120513729,9.05182680401502,14.4106989159909,8.7832136686331,14.345828284856,11.6076975455636,0,100
0.475,0.475,18.1705286964172,11.3945663248188,17.2684544121671,10.4924920405688,14.345828284856,14.5111342838251,0,100
0.7535,0.7535,16.3715813370472,10.7328087382709,15.5703407965576,9.93156819778125,14.345828284856,13.4292426622671,0,100
0.9105,0.9105,15.1632833497374,10.4265847068597,14.5996939310711,9.86299528819349,14.345828284856,12.585640964193,0,100
0.015,0.015,21.0723384827949,14.5829563430212,19.789045144569,13.2996630047953,14.345828284856,17.7200018785764,0,100
0.66,0.66,16.5269523824767,11.3068768928191,15.696180459085,10.4761049694275,14.345828284856,13.7832842937035,0,100
0.473,0.473,18.2402069366863,11.3742969428319,17.787110082582,10.9212000887275,14.345828284856,14.5511188506241,0,100
0.2175,0.2175,19.7644140416436,12.3124838429863,19.0347158883281,11.5827856896708,14.345828284856,15.7388057035086,0,100
0.649,0.649,16.3011247905316,11.5730644892308,15.1827061068625,10.4546458055617,14.345828284856,13.8940823151691,0,100
0.7155,0.7155,16.1071174157259,11.3787929982921,15.2052302824162,10.4769058649825,14.345828284856,13.6508878638174,0,100
0.696,0.696,16.61312366205,10.8227308577016,15.7966706388448,10.0062778344964,14.345828284856,13.6113881735371,0,100
0.5285,0.5285,17.011351982879,11.725473885994,15.8119293033593,10.5260512064743,14.345828284856,14.2869114265059,0,100
0.6305,0.6305,16.6387635854279,11.5425883814288,15.6672594747636,10.5710842707645,14.345828284856,13.9603534541687,0,100
0.853,0.853,15.8026858001549,10.3562318351226,15.1529250883575,9.70647112332517,14.345828284856,12.8674721596691,0,100
0.8345,0.8345,15.8299898993779,10.744247993917,14.8265747985817,9.74083289312081,14.345828284856,13.1271185856582,0,100
0.756,0.756,15.9378253152715,11.2929233617031,15.0163832647441,10.3714813111756,14.345828284856,13.5503845549805,0,100
0.708,0.708,16.8785506289821,10.8838378782847,16.4199882336851,10.4252754829877,14.345828284856,13.5834383106358,0,100
0.089,0.089,19.3947372628567,13.5595358963142,18.2280493566717,12.3928479901293,14.345828284856,16.343816076435,0,100
0.31,0.31,17.7698223767344,12.4894930848697,16.7129814748984,11.4326521830337,14.345828284856,15.0589016973452,0,100
0.7465,0.7465,16.8737807840587,10.4739126988234,16.5312362514103,10.131368166175,14.345828284856,13.3108612771047,0,100
0.2135,0.2135,18.4072376025977,12.8578411650204,16.8899289015146,11.3405324639374,14.345828284856,15.5223256416719,0,100
0.039,0.039,20.0108490121818,13.9864927250608,18.6574501963408,12.6330939092198,14.345828284856,16.9148434491435,0,100
0.862,0.862,15.5088757254989,10.4594415653585,14.623883011479,9.57444885133859,14.345828284856,12.9022274960008,0,100
0.6545,0.6545,16.9055861180359,11.0703912008798,16.0438372018154,10.2086422846593,14.345828284856,13.8004240100372,0,100
0.708,0.708,16.5679584964343,10.9025548715841,15.6148606627874,9.94945703793726,14.345828284856,13.5863089630972,0,100
0.79,0.79,16.1642743546205,10.6784422169808,15.1328466974061,9.64701455976643,14.345828284856,13.2286710088034,0,100
0.76,0.76,16.598824579029,10.5456491875799,16.0259225116467,9.97274712019756,14.345828284856,13.2864155255667,0,100
0.9825,0.9825,14.1746276363402,9.27279656585212,13.683201497563,8.78137042707487,14.345828284856,11.6000751422343,0,100
0.138,0.138,18.4817718297494,13.3436222712822,16.8784597542498,11.7403101957826,14.345828284856,15.7661526932567,0,100
0.8225,0.8225,15.5780348350967,11.0892391858103,14.220137687987,9.73134203870061,14.345828284856,13.243731396834,0,100
0.3225,0.3225,17.6930567992988,12.4379315858654,16.3338542291059,11.0787290156725,14.345828284856,14.9572858018106,0,100
0.2345,0.2345,17.9929559377006,12.701173195559,16.8389212360204,11.5471384938789,14.345828284856,15.3288664151582,0,100
0.524,0.524,17.724444709765,11.3015694991637,16.7113008069228,10.2884255963216,14.345828284856,14.2946659521345,0,100
0.154,0.154,19.0800812231715,13.1690508072366,17.9779800554756,12.0669496395407,14.345828284856,15.9064762130044,0,100
0.69,0.69,16.9069685812018,10.8454242450704,16.1850631699963,10.1235188338649,14.345828284856,13.6551044641024,0,100
0.4265,0.4265,17.8283609976808,11.9112690643687,16.9041625405632,10.9870706072511,14.345828284856,14.6757058601125,0,100
0.2445,0.2445,18.615949872156,12.544278402037,17.385171771299,11.31350030118,14.345828284856,15.4351086297519,0,100
0.046,0.046,20.6493705303869,13.8312845985373,19.5723990219808,12.7543130901312,14.345828284856,17.0491810618394,0,100
0.599,0.599,16.9910817263829,11.1758332830429,16.2221984855734,10.4069500422334,14.345828284856,14.0044082042089,0,100
0.966,0.966,14.5554527346624,9.03947755182595,14.2849864812995,8.76901129846309,14.345828284856,11.609873070712,0,100
0.5135,0.5135,17.3430432340814,11.5718927202758,16.29360815817,10.5224576443644,14.345828284856,14.3307487264806,0,100
0.737,0.737,16.5691817816508,10.727201184328,15.7884175583038,9.94643696098105,14.345828284856,13.4710524375797,0,100
0.3455,0.3455,18.36723157363,12.0526598344989,17.6201014073188,11.3055296681877,14.345828284856,15.0466688504934,0,100
0.5115,0.5115,17.5432140849639,11.5094057695592,16.957148658511,10.9233403431063,14.345828284856,14.3562326957147,0,100
0.679,0.679,16.5757236828294,11.1813019384783,15.8732117116352,10.4787899672842,14.345828284856,13.7318406649652,0,100
0.452,0.452,18.3617420553263,11.6583993854555,17.7420298888294,11.0386872189585,14.345828284856,14.6679525846346,0,100
0.901,0.901,15.595702179783,9.93183785181611,14.9906475321629,9.32678320419597,14.345828284856,12.5193851742947,0,100
0.7045,0.7045,15.934090292243,11.5993927237471,14.8120141890253,10.4773166205294,14.345828284856,13.748481564111,0,100
0.662,0.662,16.6921444185486,11.1617367390149,15.9660510647096,10.4356433851759,14.345828284856,13.7542395149034,0,100
0.7645,0.7645,16.1753521185078,10.9604749416621,15.2383505476387,10.0234733707931,14.345828284856,13.4625647633643,0,100
0.693,0.693,16.4623512904338,11.3970082705408,15.6694688904371,10.6041258705441,14.345828284856,13.8029402222242,0,100
0.968,0.968,14.5109342300211,9.57409836682739,13.9589482764092,9.02211241321548,14.345828284856,11.8868601294775,0,100
0.6,0.6,17.0856389613275,11.2312035122912,16.2362603450891,10.3818248960528,14.345828284856,14.0304597590126,0,100
0.7695,0.7695,16.1181216987236,10.8803807088019,15.4816783326061,10.2439373426844,14.345828284856,13.3880569583794,0,100
0.457,0.457,17.3614333300014,11.8293428334398,16.2033724834901,10.6712819869285,14.345828284856,14.5146995454819,0,100
0.231,0.231,17.933738566031,12.8571789929568,16.5235766775006,11.4470171044265,14.345828284856,15.3342980470453,0,100
0.2435,0.2435,17.9857545110005,12.6796905313865,16.7245080862158,11.4184441066017,14.345828284856,15.2994373581039,0,100
0.189,0.189,18.0582464773589,12.9874646147595,16.8906283327854,11.819846470186,14.345828284856,15.4766152069762,0,100
0.296,0.296,18.5937528121045,12.2779791289158,17.818131687943,11.5023580047543,14.345828284856,15.2554362692078,0,100
0.6905,0.6905,16.6688088995929,10.9414492624557,15.9105834329246,10.1832237957873,14.345828284856,13.653473106445,0,100
0.7085,0.7085,16.6577411914002,10.9703933516021,16.0826798684926,10.3953320286946,14.345828284856,13.5956812756195,0,100
0.6955,0.6955,17.0444965787669,10.8618037607805,15.9329688859408,9.75027606795439,14.345828284856,13.6432248644103,0,100
0.1205,0.1205,19.4236246213473,13.0480849676138,18.3051453059762,11.9296056522427,14.345828284856,16.1439126880557,0,100
0.8835,0.8835,15.4988204776101,10.1105894403188,14.5200511563095,9.13182011901828,14.345828284856,12.6617018307454,0,100
0.4005,0.4005,17.6125558110259,12.2598371319021,16.5844327749801,11.2317140958562,14.345828284856,14.7452776797614,0,100
0.165,0.165,19.4995023692969,12.8111296443375,17.8723790709061,11.1840063459468,14.345828284856,16.0550986905408,0,100
0.4285,0.4285,18.449932299687,11.265775671701,17.8370249076737,10.6528682796877,14.345828284856,14.7271410352343,0,100
0.654,0.654,16.8411516394288,10.9203294244344,15.8843398510306,9.96351763603623,14.345828284856,13.7455097609983,0,100
0.2515,0.2515,18.5094491830085,12.5133369235181,17.4377693415345,11.4416570820442,14.345828284856,15.3707629084269,0,100
0.406,0.406,17.9551209813122,11.8939080364044,16.9730001113468,10.911787166439,14.345828284856,14.7634974016485,0,100
0.869,0.869,15.6598226897454,10.3502264086589,14.7633503679132,9.45375408682672,14.345828284856,12.84873779789,0,100
0.3315,0.3315,18.1857982548037,12.160992362451,16.832831215496,10.8080253231434,14.345828284856,15.0472208309011,0,100
0.4415,0.4415,17.5044441263132,11.95412681971,16.3589207309294,10.8086034243262,14.345828284856,14.6184921133807,0,100
0.8975,0.8975,15.351441598792,10.162183687454,14.6257843775325,9.43652646619448,14.345828284856,12.7092687042004,0,100
0.3705,0.3705,19.2739021180373,11.7281532468238,18.8235225349418,11.2777736637283,14.345828284856,15.1249931978067,0,100
0.121,0.121,18.9733798458665,13.204248105672,17.8168550425385,12.047723302344,14.345828284856,16.0303640506495,0,100
0.0355,0.0355,21.8711942026154,14.0535986037882,20.7884006466496,12.9708050478225,14.345828284856,17.7100027255141,0,100
0.163,0.163,18.6219216384836,13.1468927095318,17.2755252671011,11.8004963381493,14.345828284856,15.7424427977339,0,100
0.1835,0.1835,18.4972993948539,12.9803416802555,17.1578796027194,11.640921888121,14.345828284856,15.6510562480207,0,100
0.388,0.388,17.9854807103871,12.0076980402956,17.0126479993987,11.0348653293073,14.345828284856,14.8472660772348,0,100
0.966,0.966,14.5027278724751,9.86404725365419,13.8222805791928,9.18359996037194,14.345828284856,12.0987250875296,0,100
0.878,0.878,15.4393507836822,10.348731006153,14.7158219913164,9.62520221378719,14.345828284856,12.7869564372984,0,100
0.6955,0.6955,16.5605532786702,11.017061644264,15.7462551874312,10.202763553025,14.345828284856,13.5916767073538,0,100
0.292,0.292,18.7375129975779,12.2265132728794,17.6481944146496,11.1371946899511,14.345828284856,15.3377785248977,0,100
0.0965,0.0965,18.3427833102984,13.4677210805104,16.7641432772192,11.8890810474311,14.345828284856,15.9862399831448,0,100
0.193,0.193,19.459314526957,12.6279465240558,18.4823286183529,11.6509606154517,14.345828284856,15.8768722302206,0,100
0.646,0.646,16.2839875373928,11.5556609001863,15.1127213651532,10.3843947279468,14.345828284856,13.9022898959929,0,100
0.3905,0.3905,17.6832669857813,12.2807552860167,16.8915342644726,11.4890225647079,14.345828284856,14.8011292350799,0,100
0.494,0.494,16.8645117809855,12.1489809304385,15.8114000902911,11.0958692397441,14.345828284856,14.3935403618054,0,100
0.163,0.163,19.7251417128836,12.8063527939529,18.5636440986642,11.6448551797335,14.345828284856,16.0174143731238,0,100
0.352,0.352,18.4518889152982,12.0133100522212,17.7789394825933,11.3403606195163,14.345828284856,15.041603026286,0,100
0.5515,0.5515,17.0915799390726,11.5170218618015,16.2113771075691,10.6368190302981,14.345828284856,14.188081313791,0,100
0.922,0.922,14.9824252682212,10.771640290544,13.8752004815443,9.66441550386706,14.345828284856,12.8679940120101,0,100
0.358,0.358,18.3349244402384,11.9652031579412,17.370215449676,11.0004941673788,14.345828284856,14.9899929608281,0,100
0.2875,0.2875,18.6184869319855,12.1987097392437,17.8947008569002,11.4749236641584,14.345828284856,15.3141796147724,0,100
0.4565,0.4565,17.3929485389728,11.9334230040191,15.9625466199047,10.5030210849511,14.345828284856,14.5469400911789,0,100
0.621,0.621,17.0481540151409,11.3374075765853,15.9606581994684,10.2499117609128,14.345828284856,13.9577748442276,0,100
0.0465,0.0465,19.9702398657936,13.9600584700435,18.7638553089872,12.7536739132372,14.345828284856,16.9091233693998,0,100
0.702,0.702,16.2972784601389,11.0518487439863,15.3239266849438,10.0784969687912,14.345828284856,13.6956678463126,0,100
0.5785,0.5785,16.7867964392351,11.4653031438875,15.8736163699319,10.5521230745842,14.345828284856,14.1228807285391,0,100
0.942,0.942,14.7924027705611,10.504883753763,14.021438641174,9.73391962437586,14.345828284856,12.584757759584,0,100
0.06,0.06,20.2818875969882,13.8089320963003,19.1355595430472,12.6626040423593,14.345828284856,16.8963566053024,0,100
0.354,0.354,17.5741228673112,12.436965967107,16.5073365407685,11.3701796405643,14.345828284856,14.8876273646899,0,100
0.4905,0.4905,17.884124393397,11.3864040582023,16.9519019335542,10.4541815983596,14.345828284856,14.4556603821096,0,100
0.841,0.841,15.8036893651666,10.5826321664985,15.070765261067,9.84970806239891,14.345828284856,13.009712808831,0,100
0.074,0.074,19.3696782937613,13.7236777151156,18.2299001577383,12.5838995790926,14.345828284856,16.421386101586,0,100
0.869,0.869,15.6795841065124,10.1207472527047,15.0083578032322,9.44952094942453,14.345828284856,12.7218217854758,0,100
0.5005,0.5005,17.8550108085424,11.488624425236,16.9943697272998,10.6279833439934,14.345828284856,14.3923564775592,0,100
0.562,0.562,17.39528349699,11.3512093805963,16.3558196315987,10.311745515205,14.345828284856,14.1800504071134,0,100
0.0465,0.0465,20.6615744871216,13.9250157030653,18.9756489622026,12.2390901781464,14.345828284856,17.1494774485193,0,100
0.844,0.844,15.5667464220856,10.9487073857708,14.7653309354113,10.1472918990965,14.345828284856,13.1707133783587,0,100
0.139,0.139,19.1497822338332,13.1209706604407,17.8773052036065,11.848493630214,14.345828284856,16.0507925137228,0,100
0.6385,0.6385,16.5868751739144,11.4451153314819,15.6976778736697,10.5559180312372,14.345828284856,13.9180477094463,0,100
0.7755,0.7755,16.8484513090405,9.94075374920314,16.2589837379183,9.3512861780809,14.345828284856,13.0715543303299,0,100
0.167,0.167,19.7321585711338,12.8494486243844,18.6245184353761,11.7418084886266,14.345828284856,16.0642978220346,0,100
0.051,0.051,18.8484765217684,13.9452216235457,17.0122884102723,12.1090335120495,14.345828284856,16.3646234726295,0,100
0.3145,0.3145,18.2037150895885,12.3424179816081,17.4159286975476,11.5546315895672,14.345828284856,15.1119290908594,0,100
0.22,0.22,18.7728051134601,12.7211868344397,17.802011192407,11.7503929133865,14.345828284856,15.5473581236613,0,100
0.554,0.554,17.2280079876711,11.4134083292985,16.2913297278331,10.4767300694605,14.345828284856,14.1613836059601,0,100
0.441,0.441,18.3295921540171,11.4932985145322,17.7541271821231,10.9178335426382,14.345828284856,14.6710488997627,0,100
0.4375,0.4375,17.8368456673483,11.7234013165241,17.2145776599605,11.1011333091362,14.345828284856,14.6557327407032,0,100
0.0905,0.0905,19.9147940725741,13.5345474191719,18.4647090139447,12.0844623605425,14.345828284856,16.5001079947582,0,100
0.155,0.155,18.9354779113317,12.9359884432948,17.6818641249435,11.6823746569066,14.345828284856,15.8884549425179,0,100
0.0375,0.0375,22.0025874889358,14.0330207881775,20.8907314653512,12.9211647645929,14.345828284856,17.7153878818704,0,100
0.8625,0.8625,15.3933155618366,10.692909411004,14.384127542506,9.68372139167337,14.345828284856,13.0632684692243,0,100
0.316,0.316,18.1696478977187,12.3431420811276,16.8378926592035,11.0113868426124,14.345828284856,15.1113673811328,0,100
0.401,0.401,17.6364921116862,11.9538653446817,16.5630518588003,10.8804250917958,14.345828284856,14.7311238316034,0,100
0.79,0.79,15.8844872082668,10.9204294961863,14.9748246537111,10.0107669416306,14.345828284856,13.3278393634683,0,100
0.488,0.488,17.2300109517462,11.8213481984392,16.2931179670738,10.8844552137669,14.345828284856,14.4230021096539,0,100
0.251,0.251,19.4787486838888,12.1921955759749,18.8337048145171,11.5471517066031,14.345828284856,15.6062365026759,0,100
0.3965,0.3965,17.3469536643435,12.2741878086676,16.2642631454277,11.1914972897519,14.345828284856,14.7336440248356,0,100
0.381,0.381,18.8461040442906,11.6299949646927,17.9690092587245,10.7529001791266,14.345828284856,14.9624445577132,0,100
0.358,0.358,18.1684808794179,12.0006201458753,17.3196647047714,11.1518039712288,14.345828284856,14.9746477833055,0,100
0.8895,0.8895,15.4974008460414,10.162413463987,14.9019916139885,9.56700423193408,14.345828284856,12.6474263135987,0,100
0.7935,0.7935,15.7951322140227,11.1439579283128,14.7598534078687,10.1086791221588,14.345828284856,13.3960484132495,0,100
0.758,0.758,16.2990561152378,11.0901948691968,15.5132892974165,10.3044280513754,14.345828284856,13.4948852629618,0,100
0.5235,0.5235,17.3443882719833,11.5726932593515,16.5660338659601,10.7943388533282,14.345828284856,14.3237748573418,0,100
0.756,0.756,16.5507391103506,10.4891283710357,15.856611326942,9.79500058762719,14.345828284856,13.3172959752119,0,100
0.048,0.048,19.550739933028,13.9797189414046,18.3365211689982,12.7655001773748,14.345828284856,16.6562412871821,0,100
0.419,0.419,18.0164716328237,11.7454567843052,17.0818511785042,10.8108363299857,14.345828284856,14.7260946703919,0,100
0.7775,0.7775,16.3451841860544,10.7190103064045,15.8279434533612,10.2017695737113,14.345828284856,13.3359678736842,0,100
0.3615,0.3615,18.4157809900739,12.0803073211551,17.7497186515917,11.4142449826728,14.345828284856,15.0157231069256,0,100
0.1485,0.1485,18.1684682750997,13.121460401147,16.5987686899642,11.5517608160115,14.345828284856,15.6747650843088,0,100
0.8855,0.8855,15.1872763889553,10.5672149113124,14.2785550017916,9.65849352414876,14.345828284856,12.8689193544124,0,100
0.9545,0.9545,14.6763762354236,9.23240807307439,14.3686183892872,8.92465022693791,14.345828284856,11.7675425581373,0,100
0.3535,0.3535,17.4548908091514,12.2466222164052,16.40822184017,11.1999532474238,14.345828284856,14.8691213959755,0,100
0.5205,0.5205,17.7238201587007,11.3956379485751,16.9542829909743,10.6261007808487,14.345828284856,14.3304955877039,0,100
0.934,0.934,15.0199081792476,10.4509072104343,14.2005144887427,9.63151351992947,14.345828284856,12.5872838895955,0,100
0.796,0.796,16.0243343537051,10.5052885160164,15.0927655593832,9.57371972169444,14.345828284856,13.1895425603268,0,100
0.5815,0.5815,16.8072674108388,11.5919773317804,15.6486998151073,10.4334097360489,14.345828284856,14.1076854364314,0,100
0.993,0.993,13.6238256221215,9.13186723013143,13.0069691701524,8.51501077816229,14.345828284856,11.2429831059888,0,100
0.598,0.598,16.8198034443362,11.3964701101311,15.7151046057487,10.2917712715436,14.345828284856,14.0170722306061,0,100
0.772,0.772,15.8147785886953,11.2075188265554,14.5782203230265,9.97096056088662,14.345828284856,13.459556854013,0,100
0.55,0.55,17.914451762711,11.0166148421593,17.281055389607,10.3832184690553,14.345828284856,14.2286652028312,0,100
0.4945,0.4945,18.0241059347225,11.4004240187795,16.9082164943686,10.2845345784256,14.345828284856,14.4200909222506,0,100
0.0775,0.0775,20.5164807386813,13.6535508021594,19.5581337941883,12.6952038576664,14.345828284856,16.7876305990835,0,100
0.6435,0.6435,16.8782027076679,10.9844266596034,15.69251285127,9.79873680320545,14.345828284856,13.8517442322949,0,100
0.6515,0.6515,16.3609100439304,11.4736779171379,15.4343693520917,10.5471372252992,14.345828284856,13.8972812260533,0,100
0.2025,0.2025,19.0914995800353,12.6385673590734,17.9335534549049,11.480621233943,14.345828284856,15.7460747615185,0,100
0.571,0.571,18.1587812725781,10.8174336192963,17.6989041271126,10.3575564738307,14.345828284856,14.1435302090778,0,100
0.6755,0.6755,16.301430454613,11.3934933271956,15.1753697485916,10.2674326211741,14.345828284856,13.7795183757223,0,100
0.6885,0.6885,16.3514456356391,11.1986391418006,15.4748975572026,10.3220910633641,14.345828284856,13.7121697018117,0,100
0.884,0.884,15.3926869113349,10.451564611814,14.5212170499878,9.58009475046699,14.345828284856,12.8030377249117,0,100
0.753,0.753,15.9135177891093,11.3503806028314,14.870133436784,10.306996250506,14.345828284856,13.5830728979164,0,100
0.766,0.766,16.5701683854579,10.4816702181857,15.7666260245405,9.67812785726828,14.345828284856,13.2693336889725,0,100
0.066,0.066,19.1026097848472,13.7124700440766,17.4853683261631,12.0952285853925,14.345828284856,16.409983558569,0,100
0.825,0.825,15.9127440362906,10.2646243543275,15.1525612588472,9.50444157688407,14.345828284856,12.9418748404384,0,100
0.608,0.608,17.1730200340157,11.1492876717324,16.5694721607909,10.5457397985076,14.345828284856,13.9938868641064,0,100
0.802,0.802,16.1738021585911,10.6276792802712,15.56915848944,10.02303561112,14.345828284856,13.1739067735599,0,100
0.965,0.965,14.5797185735625,9.57188044848023,13.5943611835656,8.58652305848335,14.345828284856,11.9954479560336,0,100
0.203,0.203,18.8492702073713,12.7173684284555,17.3871213486847,11.2552195697689,14.345828284856,15.6589837118618,0,100
0.0275,0.0275,20.1350192911149,14.3231177986577,18.7373133830421,12.925411890585,14.345828284856,17.0821159798986,0,100
0.2295,0.2295,19.0219524988646,12.4216153966074,18.1531283551661,11.552791252909,14.345828284856,15.6364933056447,0,100
0.734,0.734,16.3643317923823,10.987996383393,15.5060308535749,10.1296954445855,14.345828284856,13.5149987713478,0,100
0.829,0.829,15.8769048257419,10.6936470116444,15.115122766529,9.93186495243143,14.345828284856,13.1341064839397,0,100
0.459,0.459,18.3138912490397,11.4273974542065,17.570327531536,10.6838337367027,14.345828284856,14.5842130485314,0,100
0.5805,0.5805,16.7967681593392,11.564774710249,15.6628703935204,10.4308769444302,14.345828284856,14.1121958665192,0,100
0.5265,0.5265,17.739728398053,11.2955335812243,17.1675942136982,10.7233993968694,14.345828284856,14.302610116967,0,100
0.3785,0.3785,18.019112976713,11.9638801734116,17.1893890442415,11.1341562409401,14.345828284856,14.8624180266391,0,100
0.7215,0.7215,16.6585003835962,11.0976654541784,15.804889591584,10.2440546621662,14.345828284856,13.6092066127541,0,100
0.9,0.9,15.3184340942369,10.0851831400434,14.3613539517598,9.12810299756629,14.345828284856,12.5877943786398,0,100
0.7485,0.7485,16.4806154033322,10.8597559382135,15.7048011706762,10.0839417055575,14.345828284856,13.4227230449569,0,100
0.5125,0.5125,17.5765666193164,11.5966792906974,16.4905205063924,10.5106331777734,14.345828284856,14.3708934837348,0,100
0.9785,0.9785,14.2337950767235,9.00780573964316,13.8243738061229,8.59838446904255,14.345828284856,11.3895446917707,0,100
0.8415,0.8415,15.3967746949094,10.6087528959312,14.4011523988106,9.61313059983245,14.345828284856,13.0098823707143,0,100
0.287,0.287,18.2617030143492,12.5600528820249,17.3218499357435,11.6201998034192,14.345828284856,15.2235352899575,0,100
0.527,0.527,17.0463492664702,11.8113109259367,15.8665983075043,10.6315599669708,14.345828284856,14.2879869814332,0,100
0.308,0.308,17.4244757843195,12.4799876617192,16.1107692616164,11.1662811390162,14.345828284856,14.985225164917,0,100
0.9035,0.9035,15.121612435075,10.8514358024842,14.153461284739,9.88328465214818,14.345828284856,12.9632307486718,0,100
0.4865,0.4865,16.948992575722,11.9634708126398,15.754476549366,10.7689547862839,14.345828284856,14.4255682824676,0,100
0.2805,0.2805,18.0050421171555,12.6907915423067,17.0064610068472,11.6922104319984,14.345828284856,15.1731083452003,0,100
0.228,0.228,19.1693522112859,12.410457235197,18.282586926953,11.5236919508641,14.345828284856,15.6601377579784,0,100
0.3865,0.3865,17.5901005182677,12.2264699694161,16.4409356381155,11.0773050892639,14.345828284856,14.7816746668576,0,100
0.038,0.038,20.1089240876625,14.0239007706972,18.8001240772431,12.7151007602778,14.345828284856,16.97077418631,0,100
0.6865,0.6865,16.3082620727759,11.587347808098,15.4283268822917,10.7074126176138,14.345828284856,13.7780199415933,0,100
0.0245,0.0245,19.7112841936443,14.3466478069237,17.9419691470004,12.5773327602798,14.345828284856,17.0312425935033,0,100
0.6135,0.6135,17.1219502755657,11.1108300939169,16.1702719967706,10.1591518151218,14.345828284856,13.9674457112263,0,100
0.5215,0.5215,17.4227857660475,11.5207329037453,16.6295455069829,10.7274926446807,14.345828284856,14.3132662944898,0,100
0.9635,0.9635,14.5408863747659,9.93167835457165,13.7737466032788,9.16453858308451,14.345828284856,12.2012402368476,0,100
0.4925,0.4925,16.9593581360329,12.052351031579,16.2813612253435,11.3743541208896,14.345828284856,14.4048014863519,0,100
0.9785,0.9785,14.2936306759279,9.85535788649046,13.4945311825571,9.05625839311963,14.345828284856,12.0384533208414,0,100
0.1345,0.1345,19.486587046371,13.2232919079716,18.5057028124709,12.2424076740715,14.345828284856,16.0741571046385,0,100
0.2115,0.2115,18.9082472426686,12.688347729154,17.6144627864619,11.3945632729473,14.345828284856,15.673333634339,0,100
0.464,0.464,17.1610976214746,11.9310167268705,16.1257674897786,10.8956865951746,14.345828284856,14.504808520495,0,100
0.0035,0.0035,21.8312025453025,15.372270612036,20.4115249111338,13.9525929778674,14.345828284856,18.4682822945395,0,100
0.3305,0.3305,17.5787133405643,12.5051346802349,16.3104755657629,11.2368969054335,14.345828284856,14.9728779120856,0,100
0.9965,0.9965,13.456930670609,8.86605044203402,12.6335800817633,8.04269985318836,14.345828284856,11.066688759931,0,100
0.246,0.246,18.050548025942,12.605688069115,16.9067459000432,11.4618859432163,14.345828284856,15.2878990165632,0,100
0.926,0.926,15.105194698212,9.71641244089483,14.2729897157191,8.88420745840194,14.345828284856,12.2635091682739,0,100
0.8985,0.8985,15.3883263198493,10.3115860791903,14.6476891770713,9.57094893641224,14.345828284856,12.7141268832448,0,100
0.2935,0.2935,18.148670940347,12.4053896175918,16.7114444524353,10.9681631296801,14.345828284856,15.1625744706459,0,100
0.2465,0.2465,18.6992494936335,12.5975613533503,17.7826282783607,11.6809401380775,14.345828284856,15.4930566077961,0,100
0.4835,0.4835,16.5338407893548,12.2273625466184,15.4757064524574,11.169228209721,14.345828284856,14.3997403181975,0,100
0.0115,0.0115,20.7007962707158,14.7602738168727,19.4574116598891,13.5168892060459,14.345828284856,17.6263449156165,0,100
0.4525,0.4525,17.4052527928273,12.0104841933061,16.384499975201,10.9897313756799,14.345828284856,14.5467126481306,0,100
0.101,0.101,18.6599418984581,13.4504360180188,17.3411538875293,12.1316480070901,14.345828284856,15.9723241588662,0,100
0.891,0.891,15.674888465677,9.8005190453684,14.8795598419391,9.00519042163052,14.345828284856,12.4928515039756,0,100
0.7895,0.7895,15.8746277394722,11.0129967808746,14.9577496041583,10.0961186455607,14.345828284856,13.3968011629903,0,100
0.184,0.184,19.287670051791,12.4545496636753,17.9428502094429,11.1097298213272,14.345828284856,15.8470247245021,0,100
0.894,0.894,15.6614824869059,9.55152428857532,15.350855651504,9.24089745317345,14.345828284856,12.3046644445098,0,100
0.989,0.989,13.8723924791094,9.42795471057684,13.2634621486839,8.8190243801514,14.345828284856,11.5425724996143,0,100
0.67,0.67,16.941928727518,10.9673017323255,16.07617698299,10.1015499877976,14.345828284856,13.7504351674256,0,100
0.378,0.378,17.5770960255639,12.2659107522547,16.5577325590438,11.2465472857346,14.345828284856,14.8088666676983,0,100
0.7555,0.7555,16.0202727098552,11.0221530315133,15.2901836232257,10.2920639448839,14.345828284856,13.4634355027482,0,100
0.1945,0.1945,19.5796842200372,12.5729234864784,18.695073565768,11.6883128322092,14.345828284856,15.8771923737702,0,100
0.18,0.18,20.4625333037618,12.4094209180308,19.8545090064928,11.8013966207618,14.345828284856,16.2245585053565,0,100
0.1815,0.1815,18.6643379500699,12.9526480546964,17.378722497008,11.6670326016344,14.345828284856,15.701517075168,0,100
0.3705,0.3705,17.3865912226794,12.2955982581358,15.9670446534617,10.876051688918,14.345828284856,14.752844399176,0,100
0.018,0.018,20.6917888470257,14.5342559075984,19.3581797081551,13.2006467687278,14.345828284856,17.4465960596901,0,100
0.3935,0.3935,17.2535770931481,12.2056681258437,15.9330837383054,10.885174771001,14.345828284856,14.6716226358396,0,100
0.7895,0.7895,16.4451446159794,10.4443368916433,15.6568881571353,9.65608043279917,14.345828284856,13.1846053359783,0,100
0.9105,0.9105,15.2944211427491,9.90703422771769,14.6704514115364,9.28306449650496,14.345828284856,12.4531224084561,0,100
0.7715,0.7715,16.0625605633314,10.9848606222218,15.0223503504576,9.94465040934802,14.345828284856,13.3936440032412,0,100
0.705,0.705,16.7437329869234,10.571879121348,16.2896943805769,10.1178405150015,14.345828284856,13.5343402106481,0,100
0.458,0.458,17.6832331354284,11.8374599721848,16.7002335336556,10.854460370412,14.345828284856,14.5561592099311,0,100
0.8615,0.8615,15.4577077614395,10.7430253079212,14.3981257088828,9.68344325536454,14.345828284856,13.0821370859967,0,100
0.89,0.89,15.2922999058444,10.6460406378523,14.4066908526193,9.76043158462711,14.345828284856,12.9117801199435,0,100
0.446,0.446,18.5109032628864,11.4309404771566,17.5182678886978,10.438305102968,14.345828284856,14.7010578007776,0,100
0.5165,0.5165,18.1799594095802,11.0362347666004,17.257390032086,10.1136653891062,14.345828284856,14.3870694345243,0,100
0.823,0.823,16.232972920837,10.0984917135996,15.3604382536991,9.22595704646167,14.345828284856,12.8757287113682,0,100
