"p","p_no_mc","upper","lower","upper_no_mc","lower_no_mc","truemu","obsD","l","size"
0.218,0.218,76.4676911163494,67.2861406930869,73.0547314190437,63.8731809957812,69.8662820072751,71.6990729726831,0,1000
0.42,0.42,75.1825828064261,65.9055648303975,72.2358907859024,62.9588728098737,69.8662820072751,70.3662725285317,0,1000
0.4655,0.4655,74.4484678231997,65.8745244931357,70.904735448419,62.330792118355,69.8662820072751,70.0750427524864,0,1000
0.005,0.005,79.7382444808655,71.0133545239569,75.7742927064846,67.049402749576,69.8662820072751,75.3021830555465,0,1000
1,1,67.2959638684146,59.1276697335538,64.4103906936291,56.2420965587683,69.8662820072751,63.2115207822953,0,1000
0.863,0.863,71.6253885347927,63.5602558460057,68.8046782328932,60.7395455441062,69.8662820072751,67.5575116757819,0,1000
0.905,0.905,71.3299851375522,62.6254421027814,68.5396610884152,59.8351180536444,69.8662820072751,66.9173758581589,0,1000
0.6265,0.6265,73.4981455775883,65.1004974338649,69.9563006574311,61.5586525137078,69.8662820072751,69.2363657145437,0,1000
0.993,0.993,68.901358050222,61.0310577837252,65.6171392770364,57.7468390105397,69.8662820072751,64.7516183974101,0,1000
0.284,0.284,75.1105013048269,66.999690913479,71.0945527524554,62.9837423611075,69.8662820072751,71.0860435272791,0,1000
0.2605,0.2605,75.7353732158209,66.9843220340083,72.146598957109,63.3955477752964,69.8662820072751,71.2761066235594,0,1000
0.6605,0.6605,73.0139428093691,64.7174693436896,69.9031658253381,61.6066923596586,69.8662820072751,68.955321701239,0,1000
0.763,0.763,72.4369457298942,64.1736260542384,69.1388178706928,60.875498195037,69.8662820072751,68.2890258873823,0,1000
0.0575,0.0575,78.0186263884516,68.9657869147921,74.7171010698535,65.6642615961939,69.8662820072751,73.4228250233202,0,1000
0.156,0.156,76.6235635700284,67.8244409652232,72.7311693912312,63.932046786426,69.8662820072751,72.0941309750743,0,1000
0.6215,0.6215,73.6091999060841,64.8236485301718,70.1283268687056,61.3427754927933,69.8662820072751,69.1882840347296,0,1000
0.5755,0.5755,73.7115578128207,65.198311517354,69.6837692443293,61.1705229488626,69.8662820072751,69.4330110900062,0,1000
0.555,0.555,73.7334814904355,65.7409325927323,70.5246726121841,62.5321237144809,69.8662820072751,69.6058078806494,0,1000
0.2405,0.2405,75.4596832600271,66.9909278452637,71.9213585092883,63.4526030945249,69.8662820072751,71.3326583623912,0,1000
0.56,0.56,73.613807074765,65.6305104045928,70.1533033178421,62.1700066476699,69.8662820072751,69.6049517164353,0,1000
0.036,0.036,78.5973424691764,69.4772384864635,74.5243594568325,65.4042554741195,69.8662820072751,73.8945524917482,0,1000
0.4815,0.4815,74.0211905086577,66.0181728253286,70.0617557296405,62.0587380463113,69.8662820072751,69.9632140627604,0,1000
0.859,0.859,71.7691002364215,63.3170047368773,68.7051397342737,60.2530442347296,69.8662820072751,67.5893864383583,0,1000
0.081,0.081,77.0794857340789,68.6236339411902,73.3413729758335,64.8855211829448,69.8662820072751,72.8636672342387,0,1000
0.0065,0.0065,79.8303335843165,70.7710727682767,75.8800488192371,66.8207880031973,69.8662820072751,75.2245196731359,0,1000
0.1985,0.1985,75.888711060628,67.3898966416218,72.273530324926,63.7747159059199,69.8662820072751,71.6754197321449,0,1000
0.7685,0.7685,72.5865130048196,63.7917486540531,69.4021317393352,60.6073673885686,69.8662820072751,68.1972120200386,0,1000
0.8545,0.8545,72.0039592808794,63.6375223477343,68.6461786955432,60.279741762398,69.8662820072751,67.7073859532044,0,1000
0.6725,0.6725,73.1817005753178,64.7435851516021,69.4128083806871,60.9746929569714,69.8662820072751,68.9469754863611,0,1000
0.1365,0.1365,77.4351830332285,67.8554316499704,74.5206363239081,64.9408849406501,69.8662820072751,72.5168810130932,0,1000
0.227,0.227,75.5596293507724,67.35658337297,72.4098311470918,64.2067851692894,69.8662820072751,71.4429777457068,0,1000
0.3005,0.3005,74.9599921444394,66.8850858423359,71.0675410143443,62.9926347122407,69.8662820072751,70.9630561215705,0,1000
0.7555,0.7555,72.758771220218,63.8296781594642,69.7674660790895,60.8383730183356,69.8662820072751,68.3033896399226,0,1000
0.104,0.104,77.2838678148563,68.2592369012204,73.4673472048116,64.4427162911757,69.8662820072751,72.7452785370625,0,1000
0.535,0.535,74.1120704527432,65.322275579774,70.7901692033493,62.0003743303801,69.8662820072751,69.7014530443313,0,1000
0.4465,0.4465,74.5591505821327,65.7676531730648,71.2513362506037,62.4598388415358,69.8662820072751,70.2057637148288,0,1000
0.246,0.246,75.6122619735264,67.1750560355891,71.8977287527875,63.4605228148502,69.8662820072751,71.4058035945756,0,1000
0.448,0.448,74.5763894824843,65.8402195012622,71.3530375346482,62.6168675534262,69.8662820072751,70.1509679848735,0,1000
0.343,0.343,75.2504259665537,66.6391130233699,71.7053605566059,63.0940476134221,69.8662820072751,70.8312782152686,0,1000
0.2465,0.2465,75.4410327010553,67.3428906803494,71.6276859854015,63.5295439646956,69.8662820072751,71.3518223458172,0,1000
0.775,0.775,72.2329063825492,64.2322893936685,68.7528500048853,60.7522330160046,69.8662820072751,68.2169747328981,0,1000
0.074,0.074,77.0401489942907,68.8567665978883,73.2137513113584,65.030368914956,69.8662820072751,72.9284413487565,0,1000
0.339,0.339,75.169537169431,66.630267452734,71.6850101802187,63.1457404635217,69.8662820072751,70.7518543487501,0,1000
0.492,0.492,74.1415828457724,65.783839013409,71.0588587421114,62.701114909748,69.8662820072751,69.9497010033996,0,1000
0.785,0.785,72.3289405762486,63.9924311982405,68.7931802531584,60.4566708751503,69.8662820072751,68.2133487421793,0,1000
0.7115,0.7115,73.1873883400607,64.5293789288576,70.0560782747374,61.3980688635343,69.8662820072751,68.6435620024805,0,1000
0.3155,0.3155,75.5245285520072,66.4950159016721,71.5821774826437,62.5526648323086,69.8662820072751,70.9352106945823,0,1000
0.21,0.21,75.8734640493097,67.392870992321,72.2743098462736,63.7937167892848,69.8662820072751,71.6204494690521,0,1000
0.0545,0.0545,78.2702824101941,68.9841553788885,74.9324699138893,65.6463428825837,69.8662820072751,73.4720422900347,0,1000
0.309,0.309,75.6092410729255,66.5201013572169,72.6716677807229,63.5825280650143,69.8662820072751,71.0238197723161,0,1000
0.7405,0.7405,72.7828899392645,64.112021007819,69.4984060527059,60.8275371212604,69.8662820072751,68.4631764710887,0,1000
0.3625,0.3625,75.2160310153896,66.4225577574801,71.5893907090721,62.7959174511626,69.8662820072751,70.6970776466636,0,1000
0.961,0.961,70.3181943200572,62.0917756536913,67.1890454885351,58.9626268221692,69.8662820072751,66.0955713192715,0,1000
0.4095,0.4095,74.6040127370118,66.165031396311,71.3734504236241,62.9344690829233,69.8662820072751,70.3634267559264,0,1000
0.93,0.93,70.9207607328953,63.1341330945429,67.3608130448061,59.5741854064537,69.8662820072751,66.9477046192732,0,1000
0.042,0.042,77.9100912514675,69.3854815246665,74.4824760771932,65.9578663503923,69.8662820072751,73.5379137916057,0,1000
0.723,0.723,72.8356432414533,64.5599238507428,69.2652784072381,60.9895590165275,69.8662820072751,68.6371776934746,0,1000
0.8505,0.8505,71.6536542851426,63.4731925232615,68.0335802486391,59.8531184867581,69.8662820072751,67.6473093362123,0,1000
0.7805,0.7805,72.4729842209052,64.1149574856701,69.5691633086356,61.2111365734004,69.8662820072751,68.2418979632134,0,1000
0.796,0.796,72.3698834353886,64.1920395152075,68.895286612204,60.7174426920229,69.8662820072751,68.2285018248332,0,1000
0.981,0.981,69.6235733934977,61.785552887089,66.6515721605719,58.8135516541631,69.8662820072751,65.6055249071172,0,1000
0.219,0.219,75.8501659954318,67.2913686707065,71.9012985906109,63.3425012658856,69.8662820072751,71.5650074498293,0,1000
0.5705,0.5705,73.7121592014555,65.3869085619558,70.0897556468966,61.7645050073969,69.8662820072751,69.5460880190136,0,1000
0.876,0.876,71.5837168632555,63.4001484773232,68.3175658695368,60.1339974836045,69.8662820072751,67.4352435125743,0,1000
0.3545,0.3545,74.8637753155365,66.5332558154056,71.5282782167502,63.1977587166193,69.8662820072751,70.6449790767527,0,1000
0.06,0.06,77.7302917660799,68.9858199339733,73.9117613564719,65.1672895243653,69.8662820072751,73.3179532870091,0,1000
0.4435,0.4435,74.5301420736528,65.7853980152104,71.6268425180752,62.8820984596327,69.8662820072751,70.169009158777,0,1000
0.553,0.553,73.9084565321214,65.546270691669,70.5456906082416,62.1835047677892,69.8662820072751,69.5968458793597,0,1000
0.7725,0.7725,72.0077828225002,64.309079067805,68.6760280157614,60.9773242610662,69.8662820072751,68.2794431621331,0,1000
0.97,0.97,69.9521075537513,61.4750684356401,66.5377082839148,58.0606691658037,69.8662820072751,65.6924271669204,0,1000
0.7605,0.7605,72.8274553348076,64.2836171824369,69.8249673852991,61.2811292329284,69.8662820072751,68.3355800065302,0,1000
0.094,0.094,77.489024060274,68.5256455151845,74.5297066603944,65.5663281153048,69.8662820072751,72.8895716862622,0,1000
0.145,0.145,76.1971243350026,67.8573045863511,72.7417698102147,64.4019500615633,69.8662820072751,72.082312244488,0,1000
0.547,0.547,74.0468074332233,65.3673555759908,70.3473083410764,61.6678564838439,69.8662820072751,69.6814389900636,0,1000
0.021,0.021,78.4719907335049,70.0469414790859,74.9514335246738,66.5263842702548,69.8662820072751,74.1938664964861,0,1000
0.3275,0.3275,74.551118107009,66.8964062203778,70.9822010942954,63.3274892076642,69.8662820072751,70.7903186632873,0,1000
0.3725,0.3725,75.080936399163,66.34029556606,71.5063677755714,62.7657269424683,69.8662820072751,70.5865526559004,0,1000
0.799,0.799,72.549036114511,64.1733899969663,69.297141228804,60.9214951112593,69.8662820072751,68.2560605950112,0,1000
0.8315,0.8315,72.2078918750922,63.4346136961305,69.1187715756231,60.3454933966615,69.8662820072751,67.8068156258014,0,1000
0.246,0.246,75.9620047446511,67.1537625761344,72.705624604298,63.8973824357812,69.8662820072751,71.4786673232611,0,1000
0.3325,0.3325,75.1438763904161,66.6949856400414,71.2521058516168,62.8032151012421,69.8662820072751,70.8978286494965,0,1000
0.652,0.652,73.0673945788447,65.2876906205432,69.5661331764113,61.7864292181099,69.8662820072751,69.032961910254,0,1000
0.903,0.903,71.1939652568877,63.1666219090103,68.2442314585533,60.2168881106759,69.8662820072751,67.1566483579948,0,1000
0.317,0.317,75.0639488221895,66.9158960114719,71.3661345613104,63.2180817505927,69.8662820072751,70.884921860701,0,1000
0.674,0.674,73.5914888118241,64.3154857993904,70.2833385592545,61.0073355468207,69.8662820072751,68.8418447084382,0,1000
0.685,0.685,73.2254011920172,64.873796315003,70.2967361591602,61.945131282146,69.8662820072751,68.8540908261938,0,1000
0.86,0.86,71.8444673882341,63.4167942181822,68.3537178850421,59.9260447149902,69.8662820072751,67.6062494479593,0,1000
0.452,0.452,73.9422862883041,66.0516889564371,70.5773788754721,62.6867815436051,69.8662820072751,70.07692421951,0,1000
0.007,0.007,79.9819679877582,70.7916420281859,76.3036509637199,67.1133250041475,69.8662820072751,75.3466355042915,0,1000
0.1955,0.1955,76.3004613639092,67.5316201346459,73.1998241741526,64.4309829448893,69.8662820072751,71.7749787681796,0,1000
0.419,0.419,74.5057122205205,66.3123965425702,71.1417538916348,62.9484382136846,69.8662820072751,70.3085000607868,0,1000
0.162,0.162,76.2942081417213,67.6968536892768,72.5162536018077,63.9188991493632,69.8662820072751,72.0270123044048,0,1000
0.8845,0.8845,71.5089882869132,62.9858989705569,68.3724434630803,59.849354146724,69.8662820072751,67.3058165519119,0,1000
0.9605,0.9605,70.2547445723082,62.0662793476379,67.0364117036043,58.847946478934,69.8662820072751,66.2385852484116,0,1000
0.3705,0.3705,74.976249845742,66.5230689494391,71.8197296553012,63.3665487589982,69.8662820072751,70.5915289271476,0,1000
0.03,0.03,78.0408256960249,69.6046819511814,74.8174173070171,66.3812735621735,69.8662820072751,73.7274795463206,0,1000
0.5265,0.5265,73.7951395910975,65.5970029190713,69.8859758524897,61.6878391804635,69.8662820072751,69.684961744476,0,1000
0.73,0.73,73.0244855474673,64.6068968741166,69.3040239313912,60.8864352580405,69.8662820072751,68.6509110522438,0,1000
0.9755,0.9755,69.8601478150077,61.9825631541401,67.2831785218329,59.4055938609653,69.8662820072751,65.7588374081844,0,1000
0.0785,0.0785,77.3316029344167,68.7989292707711,73.9443678515187,65.4116941878731,69.8662820072751,72.9065957158607,0,1000
0.01,0.01,79.2945329892064,70.5162553967392,75.9042935560748,67.1260159636076,69.8662820072751,74.7400901307117,0,1000
0.1815,0.1815,76.6407513968088,67.4442000568452,73.7247880230121,64.5282366830486,69.8662820072751,71.9468615230106,0,1000
0.805,0.805,72.2657003364248,63.8662586153768,69.1818122379197,60.7823705168717,69.8662820072751,67.9751276402349,0,1000
0.7975,0.7975,72.4046229604535,63.9076421760171,69.0368213502957,60.5398405658592,69.8662820072751,68.078126780013,0,1000
0.315,0.315,75.7813756538884,66.5406929104482,72.0680037514248,62.8273210079846,69.8662820072751,71.0005900373564,0,1000
0.267,0.267,75.7377249209664,67.2133788399328,72.4449427153725,63.9205966343389,69.8662820072751,71.3534372177052,0,1000
0.966,0.966,70.2135855378677,61.7668938612753,67.092508328746,58.6458166521536,69.8662820072751,66.0250348963503,0,1000
0.827,0.827,72.1332785734462,63.7135284353389,69.4035594285503,60.9838092904429,69.8662820072751,67.7337498976394,0,1000
0.093,0.093,76.6057781624726,68.4502308268194,73.109901015354,64.9543536797009,69.8662820072751,72.5738522809834,0,1000
0.1055,0.1055,76.6254665446835,68.3100074400804,73.0956862155748,64.7802271109718,69.8662820072751,72.4552234003185,0,1000
0.5925,0.5925,73.8568004250909,65.1456717255662,70.6641401563373,61.9530114568126,69.8662820072751,69.368662364119,0,1000
0.539,0.539,74.1110661118422,65.3783907987553,70.5693012688498,61.8366259557629,69.8662820072751,69.659662324132,0,1000
0.4085,0.4085,74.3589440118692,66.387545367405,70.7735058434772,62.802107199013,69.8662820072751,70.3678735350568,0,1000
0.7975,0.7975,72.2738136335802,63.9357341828176,68.992508353379,60.6544289026164,69.8662820072751,68.0161134556805,0,1000
0.957,0.957,70.4121798999431,62.4368574286881,67.0582217797271,59.0828993084721,69.8662820072751,66.3436468085988,0,1000
0.218,0.218,76.2373993287101,67.0884263676571,72.9776237007992,63.8286507397461,69.8662820072751,71.6999583574329,0,1000
0.371,0.371,74.8947239249875,66.2629558371335,71.8504051485749,63.2186370607208,69.8662820072751,70.5750359170022,0,1000
0.6765,0.6765,73.1039891216722,65.0062602407361,69.3346196059882,61.2368907250521,69.8662820072751,68.9806795711957,0,1000
0.497,0.497,74.2982550943083,65.6403715195266,71.0391721080973,62.3812885333156,69.8662820072751,69.9460230416558,0,1000
0.8735,0.8735,71.7191152109668,63.4394066520183,68.4235589761203,60.1438504171717,69.8662820072751,67.5824502399853,0,1000
0.1035,0.1035,76.68356349946,68.3026529907312,73.0084386583283,64.6275281495995,69.8662820072751,72.4354435969777,0,1000
0.31,0.31,75.4891750516439,66.5080666480513,72.0842518524495,63.1031434488568,69.8662820072751,70.9624941885406,0,1000
0.644,0.644,73.3572480947469,64.9436604562196,69.9556260134114,61.542038374884,69.8662820072751,69.0676714367037,0,1000
0.392,0.392,74.9917974718952,65.9294184151881,71.4659391228227,62.4035600661156,69.8662820072751,70.4924165589008,0,1000
0.251,0.251,75.6330259793424,66.9076338394225,71.5149378876914,62.7895457477715,69.8662820072751,71.2955899964771,0,1000
0.1945,0.1945,76.5176102183203,67.4438468021213,73.438074565891,64.3643111496921,69.8662820072751,71.9112417714667,0,1000
0.9435,0.9435,70.670969146526,62.7515025538586,67.8114807885803,59.8920141959129,69.8662820072751,66.7714537151032,0,1000
0.2435,0.2435,76.2663144776554,66.8982597308415,73.3089442218898,63.9408894750759,69.8662820072751,71.4900929601491,0,1000
0.256,0.256,75.5606385502007,67.0545075920044,71.7513091361033,63.2451781779069,69.8662820072751,71.2984671436371,0,1000
0.895,0.895,71.5030754805811,63.0403179335508,68.6418541249916,60.1790965779613,69.8662820072751,67.1956824311405,0,1000
0.1925,0.1925,76.0044023993283,67.3573662403432,72.4911366241544,63.8441004651694,69.8662820072751,71.7440282861681,0,1000
0.635,0.635,73.4742629206326,64.8973807097874,70.174088357508,61.5972061466628,69.8662820072751,69.1582663526323,0,1000
0.941,0.941,70.8637392816059,62.5341591666184,67.6589309037472,59.3293507887597,69.8662820072751,66.6520165338421,0,1000
0.891,0.891,71.2493204121046,63.6178720692322,68.2559241502168,60.6244758073444,69.8662820072751,67.3349603653112,0,1000
0.848,0.848,71.8548494014306,63.5485484062499,68.7236661906114,60.4173651954307,69.8662820072751,67.6521396443587,0,1000
0.488,0.488,74.0686286521623,65.6130834002064,71.2751206397804,62.8195753878246,69.8662820072751,69.9129233283854,0,1000
0.136,0.136,77.2038423205515,68.022268760847,73.8818484570752,64.7002748973707,69.8662820072751,72.3838072663513,0,1000
0.8435,0.8435,71.7608847702629,63.7881118719667,68.6842037283742,60.7114308300781,69.8662820072751,67.7811789449145,0,1000
0.917,0.917,71.1465937286357,62.888497398359,68.0904333925863,59.8323370623096,69.8662820072751,66.887360865467,0,1000
0.567,0.567,73.8382093510223,65.3823018319466,70.5440742347581,62.0881667156824,69.8662820072751,69.524623826637,0,1000
0.976,0.976,69.8304341829038,61.1609637474074,67.1835299880665,58.5140595525701,69.8662820072751,65.5268214242044,0,1000
0.264,0.264,75.3713302972769,66.9955147566026,72.3924442007154,64.0166286600411,69.8662820072751,71.2153016476368,0,1000
0.39,0.39,74.5962748174645,66.1250175210469,71.4622834780363,62.9910261816186,69.8662820072751,70.4241502132912,0,1000
0.916,0.916,71.0613129408716,62.9896589182202,67.7371827339009,59.6655287112495,69.8662820072751,67.0559479582875,0,1000
0.1405,0.1405,77.2246424364908,67.6732482333626,73.4585894804092,63.9071952772811,69.8662820072751,72.4712660561741,0,1000
0.9585,0.9585,70.4089058120904,61.7227592476048,67.4918045086159,58.8056579441303,69.8662820072751,65.9729581754763,0,1000
0.9605,0.9605,70.2943194690224,62.6139844197872,66.9934633534704,59.3131283042352,69.8662820072751,66.4463640754947,0,1000
0.4265,0.4265,74.5006573922166,66.4102382865386,71.1295450630053,63.0391259573272,69.8662820072751,70.3152488727242,0,1000
0.7105,0.7105,73.0679887321086,64.1084004921808,70.2322607890667,61.272672549139,69.8662820072751,68.6084547868837,0,1000
0.844,0.844,71.8544301113284,63.8610494547153,67.9161519716674,59.9227713150543,69.8662820072751,67.7571574235737,0,1000
0.083,0.083,77.1273144374836,68.6653262123755,73.8420679320948,65.3800797069867,69.8662820072751,72.8712461386203,0,1000
0.8145,0.8145,72.2456365176713,63.9158375012743,68.9596963372332,60.6298973208361,69.8662820072751,67.9823865105215,0,1000
0.1315,0.1315,76.6493390245671,67.9135507295078,73.1642212118785,64.4284329168192,69.8662820072751,72.3090770567585,0,1000
0.1915,0.1915,76.3467441870121,67.4595787059251,72.8557234964502,63.9685580153631,69.8662820072751,71.8356193478284,0,1000
0.833,0.833,71.7879921583802,63.9449171294257,68.5183835977565,60.675308568802,69.8662820072751,67.955676098425,0,1000
0.1745,0.1745,76.1358839991292,67.756804815894,72.884745732525,64.5056665492898,69.8662820072751,71.9668575280951,0,1000
0.205,0.205,76.0322394114135,67.3179922442407,72.8010938970906,64.0868467299177,69.8662820072751,71.6760342075437,0,1000
0.0905,0.0905,78.0235987580126,68.5083286849755,75.2786586215276,65.7633885484905,69.8662820072751,73.0774309701771,0,1000
0.884,0.884,71.531271961261,63.2520852052327,68.2468116925349,59.9676249365066,69.8662820072751,67.316698888991,0,1000
0.431,0.431,74.9906472467023,65.9964057961114,71.9684259987494,62.9741845481585,69.8662820072751,70.3078569680884,0,1000
0.625,0.625,73.4567281217731,64.7780773947354,70.5161894711756,61.8375387441379,69.8662820072751,69.156077925602,0,1000
0.394,0.394,75.0581828477603,66.4040434257523,71.2527964024339,62.5986569804259,69.8662820072751,70.5719142987021,0,1000
0.2905,0.2905,75.2757144775013,66.9800964846532,72.102903917435,63.8072859245869,69.8662820072751,71.0749191227803,0,1000
0.845,0.845,72.1029526155758,63.5019409221177,68.8449321133801,60.243920419922,69.8662820072751,67.6836522200453,0,1000
0.123,0.123,77.1064647397306,68.2666145120249,73.7296100284635,64.8897598007578,69.8662820072751,72.484959427498,0,1000
0.6865,0.6865,72.8540950480974,64.98302718907,69.4481241017313,61.5770562427039,69.8662820072751,68.9207688784578,0,1000
0.6105,0.6105,73.5294782474205,65.1974347375288,70.1931642339816,61.8611207240899,69.8662820072751,69.3305165666605,0,1000
0.354,0.354,74.9989343337604,66.6464287332338,71.6557908358145,63.3032852352878,69.8662820072751,70.7036425515189,0,1000
0.376,0.376,74.9564460229453,66.6090158537708,71.427189079025,63.0797589098504,69.8662820072751,70.5997671983868,0,1000
0.0465,0.0465,77.8616752692324,69.2312267023681,74.1200809480768,65.4896323812126,69.8662820072751,73.557265314993,0,1000
0.681,0.681,73.4815079867367,64.4301490256995,70.3801580504592,61.328799089422,69.8662820072751,68.7945543849807,0,1000
0.08,0.08,77.2799230920962,68.770471077131,73.8650488144995,65.3555967995343,69.8662820072751,73.0737433117419,0,1000
0.499,0.499,74.253477718202,65.7398650501539,71.0478484776401,62.534235809592,69.8662820072751,69.9144044604226,0,1000
0.044,0.044,77.9288041952127,69.2480734642661,74.5485929202178,65.8678621892713,69.8662820072751,73.6640439803554,0,1000
0.7415,0.7415,72.8216582366693,64.2228208747439,69.9446427004147,61.3458053384893,69.8662820072751,68.4749336953777,0,1000
0.832,0.832,72.1578744373554,63.8323188367354,68.5914000117684,60.2658444111483,69.8662820072751,67.8246196371975,0,1000
0.3275,0.3275,75.5412760185892,66.465010305473,72.0487310743749,62.9724653612588,69.8662820072751,70.8513013183776,0,1000
0.415,0.415,74.400424758701,66.2248760218849,71.161590425259,62.9860416884429,69.8662820072751,70.3545168005219,0,1000
0.0505,0.0505,77.835881878418,69.1431250246291,74.1785061162351,65.4857492624462,69.8662820072751,73.5532214509226,0,1000
0.8405,0.8405,72.0757048668954,63.4458519349234,68.8006130625715,60.1707601305995,69.8662820072751,67.6786878955401,0,1000
0.9955,0.9955,68.5102620387232,60.3118364752015,65.3236243220622,57.1251987585405,69.8662820072751,64.4410266534757,0,1000
0.374,0.374,74.7465113230241,66.2025622003041,71.4206064742937,62.8766573515737,69.8662820072751,70.5689178773027,0,1000
0.508,0.508,73.9278704110264,65.5384557391526,70.5807337038392,62.1913190319654,69.8662820072751,69.7988086281129,0,1000
0.2485,0.2485,75.584834756817,67.0188638538647,72.2948986260448,63.7289277230925,69.8662820072751,71.2816244391941,0,1000
0.9255,0.9255,71.0119729180582,62.8502680211507,68.2918804742363,60.1301755773288,69.8662820072751,66.8090517168885,0,1000
0.4255,0.4255,74.5244733216936,65.9016018515225,71.165703003142,62.5428315329709,69.8662820072751,70.2971213408128,0,1000
0.0455,0.0455,78.2640752630773,69.1806808245027,74.8613250306696,65.777930592095,69.8662820072751,73.6601825077766,0,1000
0.082,0.082,77.2158980725235,68.8110962520887,73.8844305067156,65.4796286862809,69.8662820072751,72.9525788210254,0,1000
0.0605,0.0605,77.8883405809752,68.9463340082032,74.5179438169035,65.5759372441316,69.8662820072751,73.339330161789,0,1000
0.113,0.113,77.3452396170368,68.1477860881042,73.8857857234697,64.688332194537,69.8662820072751,72.6008310555331,0,1000
0.2175,0.2175,75.7418935655384,67.2650539450581,72.35577563695,63.8789360164696,69.8662820072751,71.5490202409874,0,1000
0.404,0.404,74.6120655839934,66.2476283725617,71.145637348267,62.7812001368353,69.8662820072751,70.3677722160754,0,1000
0.6975,0.6975,73.4373819703676,64.5465509101284,69.9829408904507,61.0921098302115,69.8662820072751,68.7830892054629,0,1000
0.0895,0.0895,77.8408199933321,68.3394494353991,74.2963319703509,64.7949614124179,69.8662820072751,73.0207618131545,0,1000
0.736,0.736,72.8611637910747,64.0056693682408,69.6894306226512,60.8339361998172,69.8662820072751,68.4333222265271,0,1000
0.0485,0.0485,77.3654831731574,69.1718482374609,73.3424746518489,65.1488397161525,69.8662820072751,73.2883338465934,0,1000
0.954,0.954,70.3871988950665,62.2866876116927,67.3341440374518,59.233632754078,69.8662820072751,66.3408311335651,0,1000
0.215,0.215,75.9965413488355,67.1942468456202,72.7391019207573,63.936807417542,69.8662820072751,71.5661986175652,0,1000
0.9575,0.9575,70.5026318107379,62.199360200378,67.5591752977972,59.2559036874373,69.8662820072751,66.2984944693401,0,1000
0.9785,0.9785,69.7862010246944,61.7836069246435,67.0004514080992,58.9978573080482,69.8662820072751,65.8014596566268,0,1000
0.3035,0.3035,75.1201407897499,66.838781903171,71.1041638180156,62.8228049314367,69.8662820072751,70.9788292285188,0,1000
0.522,0.522,73.7809907234104,65.5524133379193,70.560850839046,62.3322734535549,69.8662820072751,69.7517037739211,0,1000
0,0,82.8243383487065,73.1087898392605,79.3390719500384,69.6235234405924,69.8662820072751,77.9658948221367,0,1000
0.9535,0.9535,70.3884787865791,62.4784882794697,67.0580007159573,59.1480102088479,69.8662820072751,66.4335748423468,0,1000
0.5955,0.5955,73.6614133568862,64.7908204854087,70.3104751761945,61.439882304717,69.8662820072751,69.3117304661364,0,1000
0.0905,0.0905,77.3012402571881,68.5400359783328,73.6256588620382,64.8644545831829,69.8662820072751,72.8425518082484,0,1000
0.3865,0.3865,75.0562850900795,66.0170867648671,71.7139578165458,62.6747594913334,69.8662820072751,70.477586476155,0,1000
0.5695,0.5695,73.6927961412588,65.2092868037706,70.0420454615082,61.55853612402,69.8662820072751,69.493108398476,0,1000
0.592,0.592,73.6525609302701,65.2894224274656,70.4984403389152,62.1353018361106,69.8662820072751,69.3888639864417,0,1000
0.605,0.605,73.635132274976,65.0712372267788,70.1536128099997,61.5897177618025,69.8662820072751,69.3133190630511,0,1000
0.962,0.962,70.183451718021,62.1597342366242,66.9839507061336,58.9602332247368,69.8662820072751,66.1709351189974,0,1000
0.384,0.384,75.192667194899,66.053762179553,71.8503699433845,62.7114649280385,69.8662820072751,70.6304159854556,0,1000
0.388,0.388,74.7680791111318,66.2390988327736,71.3998693827689,62.8708891044106,69.8662820072751,70.5062619244725,0,1000
0.2415,0.2415,76.2257276466396,66.9861167890502,72.922898531914,63.6832876743247,69.8662820072751,71.4464355957298,0,1000
0.915,0.915,71.1258901855272,63.3693831145241,67.7960094040117,60.0395023330085,69.8662820072751,67.166313005444,0,1000
0.163,0.163,76.4682532662016,67.9145652833019,73.0282134675698,64.4745254846701,69.8662820072751,72.0865775598134,0,1000
0.8475,0.8475,71.8931415098853,63.5374882045336,69.2039953138793,60.8483420085276,69.8662820072751,67.6660166489,0,1000
0.499,0.499,74.434989626318,65.4421392289813,71.0833148868444,62.0904644895077,69.8662820072751,69.9218827571134,0,1000
0.8795,0.8795,71.3874062516708,63.2373848561341,67.8648926756547,59.714871280118,69.8662820072751,67.4289994022701,0,1000
1,1,66.9646653540199,59.0340205768329,64.1441491354466,56.2135043582597,69.8662820072751,62.8456622403899,0,1000
0.849,0.849,71.9581409191466,63.9401906511957,68.5802676408439,60.562317372893,69.8662820072751,67.7697420811631,0,1000
0.081,0.081,77.6069291490164,68.613451862573,74.4221537172393,65.4286764307959,69.8662820072751,73.0475184183074,0,1000
0.2015,0.2015,76.1999294166919,67.4728576601385,72.3469410017567,63.6198692452033,69.8662820072751,71.7409509407985,0,1000
0.429,0.429,74.3478677050169,65.938376171298,70.9616787090232,62.5521871753044,69.8662820072751,70.2128772155023,0,1000
0.027,0.027,78.4092630509441,69.7853990250712,74.7060118869334,66.0821478610605,69.8662820072751,73.9523212780751,0,1000
0.397,0.397,74.8577429532227,66.1050924272598,71.4730464691847,62.7203959432218,69.8662820072751,70.4275171462671,0,1000
0.0465,0.0465,78.3799911830762,69.3144914656664,75.2606287607461,66.1951290433364,69.8662820072751,73.8663219895621,0,1000
0.87,0.87,71.8947749405765,63.4984120221195,68.9189332949381,60.5225703764812,69.8662820072751,67.4696710554185,0,1000
0.318,0.318,75.072514986349,66.5047134838651,71.5854106891978,63.0176091867139,69.8662820072751,70.8204109583156,0,1000
0.4085,0.4085,74.4136675416389,65.9147415311261,71.1155562369032,62.6166302263904,69.8662820072751,70.3801697104176,0,1000
0.193,0.193,75.8517191267119,67.6224578979947,72.5449147057224,64.3156534770052,69.8662820072751,71.7292936539042,0,1000
0.2755,0.2755,75.3626355759863,67.1741249473369,71.6180474409594,63.4295368123101,69.8662820072751,71.1294707538821,0,1000
0.4715,0.4715,74.4324530693807,65.7250764822722,71.0724067214816,62.3650301343731,69.8662820072751,70.0268949116544,0,1000
0.0225,0.0225,78.5679447042755,69.906749773483,75.1088679218964,66.4476729911039,69.8662820072751,74.2037820272069,0,1000
0.209,0.209,76.1525390975176,67.4571152321026,72.8923615724189,64.1969377070039,69.8662820072751,71.674426747329,0,1000
0.457,0.457,74.480742349765,65.7314957214143,71.0185922061843,62.2693455778336,69.8662820072751,70.1015989011359,0,1000
0.1495,0.1495,76.8388046896493,67.9642631453612,73.3338281884952,64.4592866442071,69.8662820072751,72.2315985231727,0,1000
0.7535,0.7535,72.7088587843883,64.1849395792993,69.1823608997308,60.6584416946418,69.8662820072751,68.4211122170862,0,1000
0.309,0.309,75.2787058988049,66.7907149000859,71.9286738038838,63.4406828051648,69.8662820072751,71.0170285016869,0,1000
0.159,0.159,77.2236456134413,67.7943227596967,73.9136138222674,64.4842909685229,69.8662820072751,72.2761229216517,0,1000
0.3555,0.3555,74.9412841066586,66.3933815874175,71.6112862130787,63.0633836938376,69.8662820072751,70.7057464745137,0,1000
0.3345,0.3345,74.855962968869,66.5965480245497,71.5126830808733,63.2532681365539,69.8662820072751,70.8122584105281,0,1000
0.9325,0.9325,71.0883738380062,63.1527858618401,67.7486285424386,59.8130405662725,69.8662820072751,66.9619846211249,0,1000
0.99,0.99,69.130849441494,61.2702927523523,65.9310279796562,58.0704712905145,69.8662820072751,65.167604249144,0,1000
0.953,0.953,70.3465933530747,62.3973924852117,67.1231001548505,59.1738992869875,69.8662820072751,66.4257204056677,0,1000
0.7175,0.7175,72.7460617367672,64.6546320256002,69.411545291583,61.320115580416,69.8662820072751,68.6379551236636,0,1000
0.231,0.231,75.7107169130083,67.4503242655051,72.1951363639065,63.9347437164033,69.8662820072751,71.4386230066619,0,1000
0.045,0.045,78.2470719645354,69.4217003292856,74.4679488251233,65.6425771898735,69.8662820072751,73.5756846081146,0,1000
0.8165,0.8165,72.5152897939383,63.569686835899,69.0463253999117,60.1007224418724,69.8662820072751,67.8875811615181,0,1000
0.278,0.278,75.3678270125179,66.9417624206054,71.9651500074307,63.5390854155182,69.8662820072751,71.1237729173331,0,1000
0.758,0.758,72.7598463682468,64.2584362176087,69.3522535858555,60.8508434352173,69.8662820072751,68.4130340286875,0,1000
0.8225,0.8225,72.0861371299513,63.6462979788561,68.7632913964035,60.3234522453083,69.8662820072751,67.8580415242384,0,1000
0.651,0.651,73.4159125033283,64.8586244550529,70.0554950578513,61.4982070095759,69.8662820072751,69.0772892603971,0,1000
0.276,0.276,75.3606676905787,66.9984773761481,71.9921177063648,63.6299273919342,69.8662820072751,71.1572997015671,0,1000
0.7205,0.7205,72.9139856372463,64.3511779357527,69.6510250218198,61.0882173203263,69.8662820072751,68.6292683803187,0,1000
0.784,0.784,72.843827440799,63.9545969007709,69.7295235334148,60.8402929933868,69.8662820072751,68.1957049894332,0,1000
0.258,0.258,75.8820161890177,67.0641917714764,72.2856966712122,63.467872253671,69.8662820072751,71.3655344707135,0,1000
0.392,0.392,74.7379648866593,66.1467636427849,71.1536246369891,62.5624233931146,69.8662820072751,70.4202265737616,0,1000
0.1965,0.1965,76.156062196894,67.6443247621469,72.6192040453236,64.1074666105765,69.8662820072751,71.7091004950643,0,1000
0.23,0.23,75.9343426357787,67.3571988832176,72.2976560714511,63.72051231889,69.8662820072751,71.5313687987643,0,1000
0.015,0.015,79.575204322043,70.3178054917143,75.438284135875,66.1808853055463,69.8662820072751,74.9980594133795,0,1000
0.678,0.678,73.0177657299425,64.8645666392316,69.6121053962613,61.4589063055504,69.8662820072751,68.9417566634703,0,1000
0.4415,0.4415,74.5854269066366,65.9526974759058,71.2297760438993,62.5970466131685,69.8662820072751,70.1971234861946,0,1000
0.6765,0.6765,73.3147601014353,64.7671923182123,69.8159876497641,61.2684198665412,69.8662820072751,68.9117689793255,0,1000
0.299,0.299,75.5679731354228,66.7663658554469,72.3564718557151,63.5548645757393,69.8662820072751,71.0773249968505,0,1000
0.3245,0.3245,75.0578350959708,66.6182572514493,71.6078251060437,63.1682472615222,69.8662820072751,70.8422663583033,0,1000
0.2575,0.2575,75.487350056166,67.2311576164821,71.757304467911,63.5011120282271,69.8662820072751,71.2472188801348,0,1000
0.947,0.947,70.522048194227,62.0690860054907,67.0595319813064,58.60656979257,69.8662820072751,66.3469715708262,0,1000
0.043,0.043,77.9009603841469,69.4235697296547,74.1332733216647,65.6558826671725,69.8662820072751,73.4799107891415,0,1000
0.0085,0.0085,79.5924860661191,70.6963409847713,76.0751855418044,67.1790404604566,69.8662820072751,74.9240881949664,0,1000
0.621,0.621,73.363455179492,64.8242093659979,70.5365867022821,61.9973408887881,69.8662820072751,69.1263847693065,0,1000
0.5565,0.5565,73.9374657754242,65.1943126991359,70.6990471450911,61.9558940688028,69.8662820072751,69.5677239791225,0,1000
0.5265,0.5265,73.8138741905791,65.5475956666168,70.1966062339327,61.9303277099704,69.8662820072751,69.732304856121,0,1000
0.8465,0.8465,71.840712762792,63.3892117467478,68.7984927414627,60.3469917254185,69.8662820072751,67.6757074921914,0,1000
0.8455,0.8455,71.7485954632884,64.0159486418596,68.3932208150517,60.6605739936229,69.8662820072751,67.8401010670284,0,1000
0.9765,0.9765,69.8284437087552,61.5687091288042,67.0123376170217,58.7526030370708,69.8662820072751,65.5822957734732,0,1000
0.8335,0.8335,71.9438262691389,64.0138412116532,68.6425870297825,60.7126019722968,69.8662820072751,67.8983785756289,0,1000
0.401,0.401,74.4120272574993,66.4476439087172,70.8663839463598,62.9020005975778,69.8662820072751,70.3845771083262,0,1000
0.42,0.42,74.5489190270634,65.9298483181763,71.4039239130266,62.7848532041395,69.8662820072751,70.3000816689466,0,1000
0.0355,0.0355,78.25067725693,69.4701121813826,74.7647474830275,65.9841824074802,69.8662820072751,73.8172586315922,0,1000
0.121,0.121,76.8760789422907,68.0494777264455,73.3755344385338,64.5489332226885,69.8662820072751,72.4506941333826,0,1000
0.063,0.063,77.7236111744204,68.8316926857329,73.9371049455338,65.0451864568463,69.8662820072751,73.3366429396398,0,1000
0.169,0.169,76.4739927403973,67.7841514915813,73.4844836800353,64.7946424312193,69.8662820072751,71.9683900496701,0,1000
0.3055,0.3055,75.707147393374,66.39267159519,72.5786987216251,63.2642229234411,69.8662820072751,71.0576011013057,0,1000
0.492,0.492,74.5724837516662,65.298737568444,71.6924801791066,62.4187339958844,69.8662820072751,69.9528580389894,0,1000
0.885,0.885,71.5778304248774,63.1390333356635,68.549953488976,60.1111563997621,69.8662820072751,67.3234468584987,0,1000
0.2325,0.2325,76.004316054777,67.2276285539833,72.4322471607904,63.6555596599966,69.8662820072751,71.530444120239,0,1000
0.729,0.729,73.0827049802539,64.1377955822923,70.0158482821334,61.0709388841717,69.8662820072751,68.5711789708087,0,1000
0.192,0.192,75.8191494800554,67.6391426183214,72.1399720845272,63.9599652227933,69.8662820072751,71.6558845864239,0,1000
0.7055,0.7055,73.0274104918299,64.6949829417597,69.866797962126,61.5343704120558,69.8662820072751,68.6867899567473,0,1000
0.317,0.317,74.9178045211732,66.493966901977,71.5566386857304,63.1328010665342,69.8662820072751,70.7930648770589,0,1000
0.468,0.468,74.3016879657676,66.2621414996553,71.045608712724,63.0060622466117,69.8662820072751,70.1032166291395,0,1000
0.7815,0.7815,72.3874993516759,64.0626567181524,69.2405034686952,60.9156608351716,69.8662820072751,68.2900095444682,0,1000
0.489,0.489,73.812816339286,66.0424481576007,70.2605745831212,62.4902064014358,69.8662820072751,69.9045816605126,0,1000
0.253,0.253,75.2194783432063,67.152920587408,71.5094641858113,63.442906430013,69.8662820072751,71.2331534096438,0,1000
0.679,0.679,73.2278550022501,64.8718195452978,70.0071869856089,61.6511515286566,69.8662820072751,68.9242928556809,0,1000
0.5395,0.5395,74.0587659270936,65.3471157696391,70.7798550635901,62.0682049061356,69.8662820072751,69.6625709091335,0,1000
0.1025,0.1025,76.8720288653755,68.4500866038371,73.5170369852945,65.0950947237561,69.8662820072751,72.5456630951283,0,1000
0.5195,0.5195,73.9617530990185,65.7693557962614,69.9895960904308,61.7971987876738,69.8662820072751,69.7562096112402,0,1000
0.81,0.81,72.2851412601231,63.9126517848266,68.8096774745267,60.4371879992302,69.8662820072751,68.0554373462319,0,1000
0.9795,0.9795,69.6189094968075,61.517928984101,66.5931306803034,58.4921501675969,69.8662820072751,65.5653936211835,0,1000
0.423,0.423,74.6634821322589,65.8489000305074,71.6005583386825,62.7859762369311,69.8662820072751,70.3004726153056,0,1000
0.3185,0.3185,75.7338315360542,66.4970883195899,72.0303259993952,62.7935827829309,69.8662820072751,70.9919137503855,0,1000
0.071,0.071,77.3480041794759,68.8588988573756,73.540089410918,65.0509840888177,69.8662820072751,72.9961602307091,0,1000
0.4365,0.4365,74.7034362029322,66.1025531200416,71.8958807464123,63.2949976635217,69.8662820072751,70.2569878672507,0,1000
0.9255,0.9255,71.0495571439298,62.4305185435242,68.0913782609513,59.4723396605456,69.8662820072751,66.7093053290609,0,1000
0.319,0.319,75.3159200429273,66.5523184400367,71.9414742252626,63.177872622372,69.8662820072751,70.8918079205147,0,1000
0.112,0.112,76.8026892204317,68.2806047511252,73.0000506170713,64.4779661477648,69.8662820072751,72.398039326402,0,1000
0.216,0.216,75.6583822446481,67.3099817841547,71.9876391086341,63.6392386481407,69.8662820072751,71.5338311055327,0,1000
0.0585,0.0585,77.1285427777585,69.0359812991201,72.6840836175215,64.591522138883,69.8662820072751,73.0360090411933,0,1000
0.175,0.175,76.5605690459399,67.6169252775624,72.8250164343884,63.8813726660109,69.8662820072751,72.0240770698324,0,1000
0.2595,0.2595,75.4157751464313,66.9830582223775,71.987300770195,63.5545838461411,69.8662820072751,71.2104320819573,0,1000
0.684,0.684,72.9639225355804,64.8295575453454,69.6908908774009,61.556525887166,69.8662820072751,68.8599550511977,0,1000
0.2575,0.2575,75.6777873740271,66.9929925355124,72.1895368910686,63.5047420525539,69.8662820072751,71.2577874245582,0,1000
0.915,0.915,71.1721670981678,62.8854146693741,68.1959196198222,59.9091671910285,69.8662820072751,67.0006912960811,0,1000
0.534,0.534,74.0042699991943,65.3832063004071,70.6909237298119,62.0698600310246,69.8662820072751,69.6858618855829,0,1000
0.891,0.891,71.6422670227573,63.2413575434101,68.3673845636571,59.9664750843099,69.8662820072751,67.3003377468891,0,1000
0.9385,0.9385,70.6308433668138,62.4931169971055,67.5425202851344,59.4047939154261,69.8662820072751,66.6602312695303,0,1000
0.239,0.239,75.8262992613956,67.1892343876961,72.4835713404847,63.8465064667851,69.8662820072751,71.4167862230257,0,1000
0.642,0.642,73.2122008321947,65.0483547339683,69.3496881393844,61.1858420411579,69.8662820072751,69.091479811024,0,1000
0.154,0.154,76.1271429463502,68.1171151455493,72.9599913024384,64.9499635016375,69.8662820072751,72.0437930066361,0,1000
0.099,0.099,76.924994362261,68.3299532186306,73.1615149777603,64.56647383413,69.8662820072751,72.5278622063791,0,1000
0.889,0.889,71.2111329203169,63.1836542453761,68.1926905142953,60.1652118393545,69.8662820072751,67.3408965353811,0,1000
0.0205,0.0205,78.8087413672988,70.0810928146869,74.785294402023,66.0576458494111,69.8662820072751,74.3193313739828,0,1000
0.5125,0.5125,73.910556687227,65.7838707190108,70.5544991294309,62.4278131612147,69.8662820072751,69.835673736508,0,1000
0.986,0.986,69.3090068864013,61.2962628704844,66.1204159076273,58.1076718917104,69.8662820072751,65.2929609155691,0,1000
0.667,0.667,73.1691552831343,64.7211999246581,70.1283465976558,61.6803912391796,69.8662820072751,68.9618266901932,0,1000
0.9165,0.9165,71.1603530685867,62.6104562238869,67.8236327193889,59.2737358746891,69.8662820072751,66.8995083481944,0,1000
0.6215,0.6215,73.6302784245624,65.1194823218145,70.5773756278319,62.066579525084,69.8662820072751,69.2821918811697,0,1000
0.0855,0.0855,77.561469772566,68.5482681639875,74.0421165814485,65.02891497287,69.8662820072751,73.0127410970377,0,1000
0.003,0.003,81.629368395637,71.8216124823843,77.696629232369,67.8888733191163,69.8662820072751,76.4998739332888,0,1000
0.2385,0.2385,76.1056515940999,67.1808005811855,72.3497933313797,63.4249423184652,69.8662820072751,71.5409486547827,0,1000
0.3705,0.3705,74.7166279621529,66.2625948099832,71.1133876516577,62.659354499488,69.8662820072751,70.4806261717662,0,1000
0.1605,0.1605,76.1633539689664,67.6558269796979,73.2216198108513,64.7140928215829,69.8662820072751,71.9188659383824,0,1000
0.9605,0.9605,70.1569997582006,62.2302687062945,67.1474196791082,59.2206886272021,69.8662820072751,66.2212176755514,0,1000
0.878,0.878,71.6866125856452,63.1268957086754,68.9049969885003,60.3452801115305,69.8662820072751,67.2974997272794,0,1000
0.9005,0.9005,71.3589488691375,62.9390062239678,68.4590203639745,60.0390777188048,69.8662820072751,67.186441666898,0,1000
0.9205,0.9205,71.0083047014291,63.067777985633,67.6584590878949,59.7179323720989,69.8662820072751,66.9544869992042,0,1000
0.215,0.215,75.8886468316187,67.2511960852757,71.7449038818721,63.107453135529,69.8662820072751,71.5323506637443,0,1000
0.0565,0.0565,78.1093320439484,69.025339902448,74.6699120465114,65.585919905011,69.8662820072751,73.5732688908947,0,1000
0.4475,0.4475,74.763384605072,65.7587426592255,71.1180111127223,62.1133691668758,69.8662820072751,70.1237783216539,0,1000
0.8945,0.8945,71.4031625282036,63.1098906763672,68.1267840636816,59.8335122118452,69.8662820072751,67.2279789283009,0,1000
0.9115,0.9115,71.1220636400997,63.2026855204142,68.0746127212275,60.155234601542,69.8662820072751,67.1367532711424,0,1000
0.9245,0.9245,71.284727236681,62.6657710839358,68.3835935713654,59.7646374186202,69.8662820072751,66.7755849895528,0,1000
0.985,0.985,69.5781049108052,61.4893733787868,66.8486482652684,58.75991673325,69.8662820072751,65.527463221552,0,1000
0.9985,0.9985,68.3243282473527,60.6894969558793,65.5670018353137,57.9321705438403,69.8662820072751,64.5317698919907,0,1000
0.274,0.274,75.6786236917195,66.9112579794788,72.5734909916388,63.8061252793981,69.8662820072751,71.234061748286,0,1000
0.093,0.093,77.1901708609895,68.436754418002,73.2298849616947,64.4764685187072,69.8662820072751,72.7772406082888,0,1000
0.8935,0.8935,71.5663159452775,62.6154670630589,68.5748665259104,59.6240176436918,69.8662820072751,67.0451225847842,0,1000
0.1525,0.1525,76.5722328250814,67.9317995650844,73.2472849997778,64.6068517397808,69.8662820072751,72.1279522180373,0,1000
0.7215,0.7215,72.6557007767677,64.5966238600865,69.4575453934875,61.3984684768064,69.8662820072751,68.6057871562649,0,1000
0.7395,0.7395,72.737413217707,64.2558739876409,69.1658374903413,60.6842982602752,69.8662820072751,68.4980833424346,0,1000
0.8915,0.8915,71.6073894988487,63.3261542609583,68.398165098679,60.1169298607886,69.8662820072751,67.3666969042814,0,1000
0.5945,0.5945,73.5307812991626,65.3494996060007,70.1321945284017,61.9509128352397,69.8662820072751,69.3565051717224,0,1000
0.049,0.049,77.832334870561,69.0961930752398,74.0356830719035,65.2995412765823,69.8662820072751,73.3436628298753,0,1000
0.234,0.234,75.7890551902299,67.3925563106095,72.3490785626848,63.9525796830644,69.8662820072751,71.4544285279344,0,1000
0.835,0.835,71.9857604866594,63.728234726246,68.6493387347352,60.3918129743218,69.8662820072751,67.71956648125,0,1000
0.6295,0.6295,73.2491637094431,65.0342198171952,70.1939737091106,61.9790298168627,69.8662820072751,69.2075587580014,0,1000
0.667,0.667,73.0004544395041,64.7961394741382,69.3115950532322,61.1072800878663,69.8662820072751,68.9364711543268,0,1000
0.29,0.29,75.4290958506497,66.8083896624411,71.8078390844582,63.1871328962495,69.8662820072751,71.0773013467702,0,1000
0.0935,0.0935,76.9848416875731,68.3517071197625,73.0531823034331,64.4200477356225,69.8662820072751,72.6431374635274,0,1000
0.629,0.629,73.3175627406425,64.7205151043439,69.897135145695,61.3000875093964,69.8662820072751,69.1376119155522,0,1000
0.9655,0.9655,70.1711067991289,62.0534259639781,67.0685744779844,58.9508936428336,69.8662820072751,66.0085946647273,0,1000
0.8025,0.8025,72.2796868100453,63.7655717955686,69.0855085510925,60.5713935366158,69.8662820072751,68.0780336180313,0,1000
0.9525,0.9525,70.3846591478562,62.6897216910455,67.2929950528958,59.5980575960851,69.8662820072751,66.6257077862714,0,1000
0.5845,0.5845,73.7645192428296,65.3059047960348,70.3453205537026,61.8867061069078,69.8662820072751,69.4493519734449,0,1000
0.274,0.274,75.7486983448429,67.0636064474038,72.3819396487726,63.6968477513335,69.8662820072751,71.2636705909773,0,1000
0.445,0.445,74.3538316386588,66.3561127807371,70.7553008191788,62.7575819612571,69.8662820072751,70.2091010857271,0,1000
0.981,0.981,69.6540620002924,61.4923366958531,66.2928805263751,58.1311552219358,69.8662820072751,65.6641137524327,0,1000
0.112,0.112,76.7659900722815,68.2053719230821,73.1951083840945,64.6344902348951,69.8662820072751,72.4605063906554,0,1000
0.125,0.125,76.8050157921334,67.9267198736424,73.3142191176602,64.4359231991692,69.8662820072751,72.4462878601149,0,1000
0.2675,0.2675,75.2377165340025,67.1204178542028,71.7154119342477,63.598113254448,69.8662820072751,71.1577463698723,0,1000
0.9675,0.9675,70.0988004363863,61.3888645607536,66.7397140419579,58.0297781663252,69.8662820072751,65.8027140024639,0,1000
0.5325,0.5325,74.0310001342087,65.6803278071551,70.7224104069605,62.371738079907,69.8662820072751,69.7432724726112,0,1000
0.991,0.991,69.2784780235708,61.2489908485668,66.220092758114,58.1906055831099,69.8662820072751,65.3544068010414,0,1000
0.1035,0.1035,77.1384158058323,68.5424681094164,73.5520433489879,64.956095652572,69.8662820072751,72.7234978232676,0,1000
0.0855,0.0855,76.7206701376517,68.6877942544497,72.9143318465196,64.8814559633176,69.8662820072751,72.6187596684909,0,1000
0.85,0.85,71.8830278178565,63.7300159684821,68.338638918598,60.1856270692236,69.8662820072751,67.7090355704019,0,1000
0.602,0.602,73.4358025392224,65.2796699595637,70.0730127348003,61.9168801551416,69.8662820072751,69.3677776310338,0,1000
0.952,0.952,70.446600583823,62.3977945681396,66.8263418049185,58.7775357892351,69.8662820072751,66.5846143029424,0,1000
0.804,0.804,72.326160347064,63.9064134358958,69.2027243204002,60.782977409232,69.8662820072751,68.0422776547309,0,1000
0.289,0.289,75.5404354407136,66.892587584706,72.1578848413363,63.5100369853288,69.8662820072751,71.1416626353983,0,1000
0.107,0.107,77.3157183411918,68.0542263542546,73.4856567447886,64.2241647578515,69.8662820072751,72.6839946363237,0,1000
0.5945,0.5945,73.3845488163463,64.9356834173352,70.1781676168794,61.7293022178683,69.8662820072751,69.2507296335064,0,1000
0.418,0.418,74.601888969694,66.0949208087941,71.4759478516853,62.9689796907854,69.8662820072751,70.3334677218149,0,1000
0.034,0.034,78.3552634500772,69.6139364494249,74.453834907183,65.7125079065307,69.8662820072751,73.9314067879732,0,1000
0.547,0.547,74.0562934602532,65.5123260493408,70.6430740341713,62.0991066232589,69.8662820072751,69.6764131316182,0,1000
0.0435,0.0435,78.262862277458,69.3148793405954,74.9867475213845,66.038764584522,69.8662820072751,73.6808770357155,0,1000
0.3465,0.3465,75.1293726709221,66.3089533418038,71.5747598576282,62.75434052851,69.8662820072751,70.7554505911298,0,1000
0.314,0.314,75.268552126253,66.8170578291924,71.5765289460112,63.1250346489507,69.8662820072751,70.9955412814166,0,1000
0.135,0.135,76.3842664048641,68.1846141833628,73.075237084904,64.8755848634027,69.8662820072751,72.1172598651791,0,1000
0.2615,0.2615,75.2869510051739,67.1428782814392,71.7838838139,63.6398110901653,69.8662820072751,71.2512584400104,0,1000
0.2095,0.2095,76.1910990046333,67.5257236097567,72.920885616708,64.2555102218315,69.8662820072751,71.7165614217221,0,1000
0.3055,0.3055,75.4163687553003,66.6113853997413,72.4554395018504,63.6504561462914,69.8662820072751,71.0468863255535,0,1000
0.564,0.564,73.7788830519448,65.4229749704914,70.1572245416537,61.8013164602003,69.8662820072751,69.595736619019,0,1000
0.5075,0.5075,73.982021680242,65.9408784911078,70.245344712685,62.2042015235508,69.8662820072751,69.8240539429422,0,1000
0.966,0.966,70.1996569445608,62.2606406632628,66.9854727611742,59.0464564798761,69.8662820072751,66.1679578690901,0,1000
0.9565,0.9565,70.5724932801251,62.309668456476,67.1942787233001,58.931453899651,69.8662820072751,66.3607087643041,0,1000
0.051,0.051,78.4297273091089,69.2786581073448,75.050691556729,65.8996223549649,69.8662820072751,73.6485148846831,0,1000
0.7785,0.7785,72.4416856627934,64.2001497554011,69.2434491117737,61.0019132043814,69.8662820072751,68.3085436979653,0,1000
0.821,0.821,72.1933328835729,63.5820852679969,68.8470766705925,60.2358290550165,69.8662820072751,67.9105162227468,0,1000
0.448,0.448,74.4268060762695,65.8271074751761,71.4064734151483,62.806774814055,69.8662820072751,70.1480796897245,0,1000
0.3435,0.3435,74.8508912723004,66.6200269549867,71.6773637323401,63.4464994150264,69.8662820072751,70.7078714610576,0,1000
0.291,0.291,75.2601679450517,66.9214404422529,71.8260820273903,63.4873545245915,69.8662820072751,71.0317683029744,0,1000
0.1905,0.1905,76.2765782679631,67.3510027662722,72.5303106598321,63.6047351581412,69.8662820072751,71.8140887874485,0,1000
0.54,0.54,74.090945432024,65.6627441301099,70.9565490405997,62.5283477386856,69.8662820072751,69.7056154877507,0,1000
0.6855,0.6855,73.0778476130658,64.7521665188686,69.985414173012,61.6597330788149,69.8662820072751,68.8669566649571,0,1000
0.601,0.601,73.5765250318994,65.0162216274881,70.3085304164851,61.7482270120738,69.8662820072751,69.3365567196381,0,1000
0.615,0.615,73.4508756782268,65.2080200538232,69.8640045134427,61.6211488890391,69.8662820072751,69.3395495458467,0,1000
0.525,0.525,74.0598070131401,65.6125378662224,71.0348601701448,62.5875910232271,69.8662820072751,69.7415544107146,0,1000
0.672,0.672,72.9080749789812,64.8312415826604,69.6236660995794,61.5468327032586,69.8662820072751,68.9223800335748,0,1000
0.6565,0.6565,73.5086933332985,64.7700400842479,69.9574844211947,61.218831172144,69.8662820072751,68.9847922012295,0,1000
0.785,0.785,72.5700097648946,64.2418972943625,69.6642356118286,61.3361231412966,69.8662820072751,68.219676029124,0,1000
0.392,0.392,74.7285367171488,66.4216027217289,71.7438610124097,63.4369270169898,69.8662820072751,70.5558179586066,0,1000
0.994,0.994,68.7325151637106,61.0947469132139,65.7086477592577,58.0708795087611,69.8662820072751,64.8220839404693,0,1000
0.6315,0.6315,73.5936821020247,64.94035709872,69.9409161978009,61.2875911944963,69.8662820072751,69.1424270374358,0,1000
0.421,0.421,74.6565436737974,66.376827229678,71.3398701592451,63.0601537151257,69.8662820072751,70.2602539366715,0,1000
0.982,0.982,69.5866856536405,61.2203927451602,66.828167393195,58.4618744847146,69.8662820072751,65.3507136597138,0,1000
0.4355,0.4355,74.663169778207,66.0552096948393,70.949053592518,62.3410935091503,69.8662820072751,70.2762056113138,0,1000
0.245,0.245,75.9152194429069,66.972024503449,72.2424884063524,63.2992934668944,69.8662820072751,71.42938705367,0,1000
0.7685,0.7685,72.8887932839135,63.9578622152941,69.8103023198984,60.879371251279,69.8662820072751,68.2467306980848,0,1000
0.0485,0.0485,77.9247061962412,69.3321393847349,74.2373497039461,65.6447828924398,69.8662820072751,73.6651243094357,0,1000
0.1835,0.1835,76.3169174606015,67.2898172687468,72.5444443644647,63.51734417261,69.8662820072751,71.8568663742757,0,1000
0.687,0.687,72.9712334006448,64.6506306008234,69.535722388598,61.2151195887767,69.8662820072751,68.7892602074385,0,1000
0.5095,0.5095,73.9255891394281,65.9049610185974,70.3357068256806,62.3150787048499,69.8662820072751,69.8442870069601,0,1000
0.164,0.164,76.1346730168348,67.6479288831739,72.3990810129868,63.9123368793259,69.8662820072751,71.915650742994,0,1000
0.4505,0.4505,74.5966944593175,65.9826929507056,71.4816080927339,62.867606584122,69.8662820072751,70.1459185455838,0,1000
0.773,0.773,72.383120324173,64.3486867701315,69.0327487891433,60.9983152351018,69.8662820072751,68.3093275622475,0,1000
0.1275,0.1275,76.8567528424668,67.712213420347,73.1786977880395,64.0341583659198,69.8662820072751,72.3545870265443,0,1000
0.119,0.119,76.4913836211547,68.2743380146364,72.8689459456999,64.6519003391817,69.8662820072751,72.3735544011541,0,1000
0.1225,0.1225,77.3639698701543,67.8842221003752,73.9160453754988,64.4362976057197,69.8662820072751,72.602816000377,0,1000
0.0805,0.0805,77.1680316982419,68.6578286282836,73.5069344095409,64.9967313395826,69.8662820072751,72.9292769119018,0,1000
0.5785,0.5785,73.540676089891,65.3221619949617,70.3925283405945,62.1740142456652,69.8662820072751,69.4731283005085,0,1000
0.7275,0.7275,73.1702670439506,64.1873389437895,70.4407542126874,61.4578261125263,69.8662820072751,68.6168421390326,0,1000
0.034,0.034,78.1852789722531,69.4399241661266,74.5827736639819,65.8374188578555,69.8662820072751,73.686657340707,0,1000
0.004,0.004,79.7790291553424,71.2405788265705,75.5759241383653,67.0374738095934,69.8662820072751,75.3690704770386,0,1000
0.7475,0.7475,72.6901482564718,64.4274922556986,69.7899111320746,61.5272551313013,69.8662820072751,68.4789689607513,0,1000
0.5165,0.5165,74.2983476248918,65.8470062381646,70.9540138194556,62.5026724327284,69.8662820072751,69.8493938303196,0,1000
0.3875,0.3875,75.0054089435618,66.2744488918077,71.723891801849,62.9929317500948,69.8662820072751,70.5351066776486,0,1000
0.3215,0.3215,75.2402156153244,66.6895231149398,71.8394254560251,63.2887329556405,69.8662820072751,70.850939397129,0,1000
0.775,0.775,72.6199860894348,63.8048875798737,69.5141578128735,60.6990593033124,69.8662820072751,68.2424875376104,0,1000
0.3495,0.3495,75.0462124108034,66.4318494996273,71.9904118910553,63.3760489798793,69.8662820072751,70.7408274697493,0,1000
0.174,0.174,76.213623138906,67.5286928982988,72.9535973205929,64.2686670799857,69.8662820072751,71.9081470932273,0,1000
0.073,0.073,77.5669592019701,68.9293540203904,73.9765503130211,65.3389451314414,69.8662820072751,73.1268406579112,0,1000
0.2805,0.2805,75.445051261803,66.8365603415976,71.839397142469,63.2309062222636,69.8662820072751,71.1187355235201,0,1000
0.699,0.699,73.2039980563737,64.3304162545804,70.0673150122043,61.1937332104109,69.8662820072751,68.685429876202,0,1000
0.9175,0.9175,71.1070592781965,62.8840211981081,67.7864127346704,59.563374654582,69.8662820072751,66.9213854431834,0,1000
0.3665,0.3665,74.8000849314014,66.3759824920497,71.3641592718927,62.940056832541,69.8662820072751,70.5914049458252,0,1000
0.497,0.497,74.1383381422071,65.7077377900841,70.1856762625557,61.7550759104326,69.8662820072751,69.9158046689607,0,1000
0.991,0.991,69.0515516944588,61.0643022709006,66.099015911816,58.1117664882577,69.8662820072751,64.9945261147082,0,1000
0.167,0.167,76.4550675552722,67.7703942249729,73.2196293163384,64.5349559860391,69.8662820072751,72.0741689867588,0,1000
0.3825,0.3825,74.36678811062,66.5394241187766,71.1149761035961,63.2876121117527,69.8662820072751,70.4487098357846,0,1000
0.165,0.165,75.7012179315913,68.0320172766412,71.7992622000081,64.130061545058,69.8662820072751,71.8174031625045,0,1000
0.463,0.463,74.7283866751086,65.6823310556138,71.6646056634832,62.6185500439884,69.8662820072751,70.1265618154671,0,1000
0.14,0.14,77.0405493106891,67.7792210107259,72.7144379231269,63.4531096231637,69.8662820072751,72.3409788945482,0,1000
0.675,0.675,73.0518474009879,64.7543635280454,69.7325994705042,61.4351155975616,69.8662820072751,68.9512650586359,0,1000
0.9645,0.9645,70.1388142895878,61.9613694991507,67.3800107932114,59.2025660027743,69.8662820072751,66.1379485633965,0,1000
0.2735,0.2735,75.4304268186413,67.1145278613347,72.3226418433564,64.0067428860499,69.8662820072751,71.2073453972877,0,1000
0.1735,0.1735,76.3369538535903,67.6929271142232,72.8215109891652,64.1774842497982,69.8662820072751,71.9396554078039,0,1000
0.1685,0.1685,76.1232728886196,67.8154117297871,72.9138226283326,64.6059614695001,69.8662820072751,71.956931105135,0,1000
0.7065,0.7065,73.0838078497886,64.388468877881,69.8336217015173,61.1382827296097,69.8662820072751,68.6952082971276,0,1000
0.46,0.46,74.3006101475004,65.6308021027423,71.2611531010894,62.5913450563312,69.8662820072751,70.08517694458,0,1000
0.402,0.402,74.9427652683573,66.1920510848558,71.9885586474818,63.2378444639804,69.8662820072751,70.4969161261774,0,1000
0.5705,0.5705,73.4616083387359,65.3019453538562,69.8808612163252,61.7211982314455,69.8662820072751,69.4825742042738,0,1000
0.056,0.056,77.7367257380042,69.2161513856915,74.1542314180734,65.6336570657608,69.8662820072751,73.3289036155237,0,1000
0.503,0.503,74.0253251421232,65.6673573848259,70.7676866413074,62.4097188840101,69.8662820072751,69.8355404631858,0,1000
0.8675,0.8675,71.8237029230363,63.1367319713314,68.6852147978304,59.9982438461255,69.8662820072751,67.4326107967268,0,1000
0.9815,0.9815,69.5559516567061,61.4508026361967,66.7516689725953,58.646519952086,69.8662820072751,65.5274082741576,0,1000
0.7515,0.7515,72.7119416933052,64.0445362661332,69.3774530246788,60.7100475975067,69.8662820072751,68.3224465990832,0,1000
0.093,0.093,77.1578184741618,68.4843266800185,73.710939619881,65.0374478257378,69.8662820072751,72.813583549161,0,1000
0.9995,0.9995,65.6527956918983,57.5726167822958,62.3999205363978,54.3197416267953,69.8662820072751,61.6874158034363,0,1000
0.1895,0.1895,76.1940711904674,67.5631254786101,72.8155997376791,64.1846540258218,69.8662820072751,71.8093960725906,0,1000
0.337,0.337,75.1224020414614,66.6473387841459,71.6369492952286,63.1618860379131,69.8662820072751,70.8138601462021,0,1000
0.04,0.04,77.8701688272726,69.3133486342643,74.3297343919356,65.7729141989273,69.8662820072751,73.4379159493301,0,1000
0.2405,0.2405,76.0237351656701,67.1650998888175,72.7662090480786,63.9075737712259,69.8662820072751,71.4513197289303,0,1000
0.5395,0.5395,73.9882278131653,65.6003365536339,70.5682818565254,62.180390596994,69.8662820072751,69.682140498152,0,1000
0.943,0.943,70.6491255240813,62.4159536605885,67.2058859797584,58.9727141162656,69.8662820072751,66.4998967294387,0,1000
0.0425,0.0425,78.5785630431754,69.3012115495354,74.5103644501989,65.2330129565588,69.8662820072751,73.9798881094841,0,1000
0.8005,0.8005,72.3811430862611,63.8538026260808,69.3385981906161,60.8112577304358,69.8662820072751,68.0822463390676,0,1000
0.32,0.32,75.3640979179629,66.8446608616312,72.0798609569066,63.5604239005748,69.8662820072751,70.9203913558916,0,1000
0.0355,0.0355,78.4239657719267,69.3704055440564,75.1471773756054,66.093617147735,69.8662820072751,73.8601614927229,0,1000
0.1885,0.1885,76.1660473698438,67.524298857612,72.5309818779543,63.8892333657225,69.8662820072751,71.7508788597458,0,1000
0.296,0.296,75.5145823410933,66.6577004875517,72.2797191145429,63.4228372610013,69.8662820072751,70.9854831792413,0,1000
0.9225,0.9225,71.0179133529324,62.9831100405278,67.4610670925293,59.4262637801248,69.8662820072751,66.8865791178551,0,1000
0.9995,0.9995,67.3906885773701,60.05784758025,64.5267891046228,57.1939481075028,69.8662820072751,63.6430844464334,0,1000
0.5795,0.5795,73.7825025185008,65.1255326227499,70.1907356949568,61.5337657992059,69.8662820072751,69.4172166448118,0,1000
0.122,0.122,76.6242633049037,67.8994594558671,73.4908900876698,64.7660862386332,69.8662820072751,72.3910382562095,0,1000
0.964,0.964,70.2351012791819,62.2994162605772,67.3598685472807,59.4241835286759,69.8662820072751,66.1604774538311,0,1000
0.6795,0.6795,73.1290914295866,64.4613933225142,69.9351253058644,61.267427198792,69.8662820072751,68.8135792109668,0,1000
0.5205,0.5205,73.7163416520972,65.7902105881548,70.1295734496211,62.2034423856788,69.8662820072751,69.7952924202656,0,1000
0.946,0.946,70.6201577049756,62.7368834299888,67.3602365334105,59.4769622584238,69.8662820072751,66.7211468322016,0,1000
0.206,0.206,75.9493074325986,67.4955570747628,72.1848788645642,63.7311285067284,69.8662820072751,71.6506246047378,0,1000
0.307,0.307,75.4723737893384,66.9038755897763,71.955820559888,63.3873223603259,69.8662820072751,70.9708350590341,0,1000
0.0625,0.0625,77.7306108579282,68.7597543779735,74.1186515293205,65.1477950493657,69.8662820072751,73.2430263656208,0,1000
0.1095,0.1095,76.5183707503276,68.3395287574146,72.6562044193311,64.477362426418,69.8662820072751,72.449977870336,0,1000
0.232,0.232,75.8382797411896,66.9493585030535,72.4801771371787,63.5912558990426,69.8662820072751,71.4993016030918,0,1000
0.043,0.043,78.6798199612002,69.2780920747133,75.2135127307861,65.8117848442992,69.8662820072751,73.9319906981273,0,1000
0.146,0.146,76.8351097236557,67.6690103025504,73.1761548564869,64.0100554353816,69.8662820072751,72.2434912664353,0,1000
0.1045,0.1045,76.8538121778026,68.3398382019746,73.1513671535919,64.6373931777639,69.8662820072751,72.5939320983151,0,1000
0.7735,0.7735,72.3588079512502,64.2275502826166,69.0048065484285,60.8735488797948,69.8662820072751,68.3038328069136,0,1000
