"p","p_no_mc","upper","lower","upper_no_mc","lower_no_mc","truemu","obsD","l","size"
1,1,18.205,15.205,18,15,19.2604,17,1,316
0.519,0.519,23.5205,15.5205,23,15,19.2604,19,1,316
0.669,0.669,22.3025,14.3025,22,14,19.2604,18,1,316
0.158,0.158,26.983,16.983,27,17,19.2604,22,1,316
0.246,0.246,21.845,17.845,21,17,19.2604,20,1,316
0.1955,0.1955,25.6645,16.6645,25,16,19.2604,21,1,316
0.12,0.12,26.106,18.106,25,17,19.2604,22,1,316
0.9625,0.9625,20.1765,14.1765,20,14,19.2604,17,1,316
0.9595,0.9595,20.1135,14.1135,20,14,19.2604,17,1,316
0.3565,0.3565,24.68,15.68,24,15,19.2604,20,1,316
0.2395,0.2395,23.2715,16.2715,23,16,19.2604,20,1,316
0.918,0.918,19.9205,15.9205,19,15,19.2604,18,1,316
0.8255,0.8255,20.806,14.806,20,14,19.2604,18,1,316
0.9045,0.9045,19.743,15.743,19,15,19.2604,18,1,316
0.551,0.551,22.719,15.719,22,15,19.2604,19,1,316
0.6435,0.6435,23.177,15.177,23,15,19.2604,19,1,316
0.042,0.042,24.009,19.009,23,18,19.2604,22,1,316
0.824,0.824,20.542,15.542,20,15,19.2604,18,1,316
0.797,0.797,20.485,15.485,20,15,19.2604,18,1,316
0.6245,0.6245,23.115,15.115,23,15,19.2604,19,1,316
0.2285,0.2285,21.771,17.771,21,17,19.2604,20,1,316
0.1525,0.1525,24.042,18.042,23,17,19.2604,21,1,316
0.887,0.887,20.025,15.025,19,14,19.2604,18,1,316
0.571,0.571,21.819,15.819,21,15,19.2604,19,1,316
0.1745,0.1745,24.089,18.089,23,17,19.2604,21,1,316
0.1625,0.1625,27.896,16.896,28,17,19.2604,22,1,316
0.383,0.383,23.0765,17.0765,22,16,19.2604,20,1,316
0.6075,0.6075,21.8885,15.8885,21,15,19.2604,19,1,316
0.3185,0.3185,21.9115,17.9115,21,17,19.2604,20,1,316
0.7925,0.7925,20.5895,15.5895,20,15,19.2604,18,1,316
0.841,0.841,19.512,15.512,19,15,19.2604,18,1,316
0.9595,0.9595,19.931,13.931,19,13,19.2604,17,1,316
0.25,0.25,24.9985,16.9985,24,16,19.2604,21,1,316
0.488,0.488,23.3725,15.3725,23,15,19.2604,19,1,316
0.9075,0.9075,19.8525,15.8525,19,15,19.2604,18,1,316
1,1,16.188,13.188,16,13,19.2604,15,1,316
0.256,0.256,21.857,17.857,21,17,19.2604,20,1,316
0.228,0.228,22.461,17.461,22,17,19.2604,20,1,316
0.019,0.019,28.0435,20.0435,28,20,19.2604,24,1,316
0.6425,0.6425,20.953,16.953,20,16,19.2604,19,1,316
0.108,0.108,24.34,17.34,23,16,19.2604,21,1,316
0.8315,0.8315,21.09,15.09,21,15,19.2604,18,1,316
0.636,0.636,23.1795,15.1795,23,15,19.2604,19,1,316
0.2325,0.2325,24.9675,16.9675,25,17,19.2604,21,1,316
0.635,0.635,22.07,16.07,21,15,19.2604,19,1,316
0.1535,0.1535,24.0555,18.0555,23,17,19.2604,21,1,316
0.6675,0.6675,22.2575,15.2575,22,15,19.2604,19,1,316
0.0785,0.0785,23.621,18.621,22,17,19.2604,21,1,316
0.1635,0.1635,24.055,18.055,23,17,19.2604,21,1,316
0.1345,0.1345,23.0205,18.0205,22,17,19.2604,21,1,316
0.81,0.81,20.7775,14.7775,20,14,19.2604,18,1,316
0.3325,0.3325,23.6895,16.6895,23,16,19.2604,20,1,316
0.352,0.352,22.0475,17.0475,21,16,19.2604,20,1,316
0.9845,0.9845,18.7175,14.7175,18,14,19.2604,17,1,316
0.6205,0.6205,23.083,15.083,23,15,19.2604,19,1,316
0.6495,0.6495,20.9935,16.9935,20,16,19.2604,19,1,316
0.8995,0.8995,19.5075,14.5075,19,14,19.2604,17,1,316
0.4905,0.4905,21.492,16.492,21,16,19.2604,19,1,316
1,1,18.791,14.791,18,14,19.2604,17,1,316
0.568,0.568,21.788,15.788,21,15,19.2604,19,1,316
1,1,17.8445,13.8445,17,13,19.2604,16,1,316
0.111,0.111,24.501,17.501,23,16,19.2604,21,1,316
0.6575,0.6575,22.334,14.334,22,14,19.2604,18,1,316
0.9155,0.9155,19.959,15.959,19,15,19.2604,18,1,316
0.3905,0.3905,23.044,17.044,22,16,19.2604,20,1,316
1,1,18.8015,14.8015,18,14,19.2604,17,1,316
0.1535,0.1535,24.0425,18.0425,23,17,19.2604,21,1,316
0.25,0.25,21.817,17.817,21,17,19.2604,20,1,316
0.31,0.31,23.559,16.559,23,16,19.2604,20,1,316
0.661,0.661,22.133,16.133,21,15,19.2604,19,1,316
0.223,0.223,22.5055,17.5055,22,17,19.2604,20,1,316
0.8305,0.8305,20.6775,15.6775,19,14,19.2604,18,1,316
0.107,0.107,26.683,17.683,26,17,19.2604,22,1,316
0.8105,0.8105,22.2155,14.2155,22,14,19.2604,18,1,316
0.296,0.296,22.711,16.711,22,16,19.2604,20,1,316
0.415,0.415,21.3175,16.3175,21,16,19.2604,19,1,316
0.2575,0.2575,23.3475,16.3475,23,16,19.2604,20,1,316
1,1,18.8765,14.8765,18,14,19.2604,17,1,316
0.4345,0.4345,24.099,16.099,24,16,19.2604,20,1,316
0.3065,0.3065,22.72,16.72,22,16,19.2604,20,1,316
0.5195,0.5195,22.558,15.558,22,15,19.2604,19,1,316
0.639,0.639,22.0785,16.0785,22,16,19.2604,19,1,316
0.5405,0.5405,21.6105,16.6105,21,16,19.2604,19,1,316
0.9445,0.9445,19.529,14.529,19,14,19.2604,17,1,316
0.806,0.806,22.168,14.168,22,14,19.2604,18,1,316
0.6445,0.6445,21.031,16.031,20,15,19.2604,19,1,316
0.8155,0.8155,20.733,14.733,20,14,19.2604,18,1,316
0.094,0.094,24.27,17.27,23,16,19.2604,21,1,316
0.1335,0.1335,26.855,17.855,27,18,19.2604,22,1,316
0.8255,0.8255,20.702,15.702,19,14,19.2604,18,1,316
0.3545,0.3545,23.7675,16.7675,23,16,19.2604,20,1,316
0.495,0.495,20.559,16.559,20,16,19.2604,19,1,316
0.9115,0.9115,19.869,15.869,19,15,19.2604,18,1,316
1,1,18.3985,15.3985,18,15,19.2604,17,1,316
0.261,0.261,22.6925,17.6925,21,16,19.2604,20,1,316
0.436,0.436,24.0985,16.0985,24,16,19.2604,20,1,316
0.5845,0.5845,20.7885,16.7885,20,16,19.2604,19,1,316
1,1,17.1915,14.1915,17,14,19.2604,16,1,316
0.204,0.204,22.589,17.589,22,17,19.2604,20,1,316
0.3415,0.3415,23.721,16.721,23,16,19.2604,20,1,316
0.6445,0.6445,21.003,16.003,20,15,19.2604,19,1,316
0.2415,0.2415,24.9695,16.9695,25,17,19.2604,21,1,316
0.13,0.13,24.5465,17.5465,24,17,19.2604,21,1,316
0.964,0.964,19.3455,14.3455,19,14,19.2604,17,1,316
0.1245,0.1245,23.7055,17.7055,23,17,19.2604,21,1,316
0.085,0.085,23.589,18.589,22,17,19.2604,21,1,316
0.306,0.306,23.5565,16.5565,23,16,19.2604,20,1,316
0.425,0.425,21.3345,16.3345,21,16,19.2604,19,1,316
0.7195,0.7195,21.646,14.646,21,14,19.2604,18,1,316
0.2765,0.2765,21.887,17.887,21,17,19.2604,20,1,316
0.3035,0.3035,23.629,16.629,23,16,19.2604,20,1,316
0.514,0.514,22.5765,15.5765,22,15,19.2604,19,1,316
0.853,0.853,20.2795,14.2795,20,14,19.2604,17,1,316
0.9485,0.9485,19.58,14.58,19,14,19.2604,17,1,316
0.337,0.337,21.9895,16.9895,21,16,19.2604,20,1,316
0.43,0.43,24.92,15.92,25,16,19.2604,20,1,316
0.3565,0.3565,22.0255,17.0255,21,16,19.2604,20,1,316
1,1,18.3605,14.3605,18,14,19.2604,16,1,316
0.3315,0.3315,23.672,16.672,23,16,19.2604,20,1,316
0.1265,0.1265,22.979,17.979,22,17,19.2604,21,1,316
0.962,0.962,19.966,13.966,19,13,19.2604,17,1,316
0.815,0.815,20.684,15.684,20,15,19.2604,18,1,316
0.018,0.018,24.597,19.597,23,18,19.2604,22,1,316
0.649,0.649,20.9685,16.9685,20,16,19.2604,19,1,316
0.888,0.888,21.2365,15.2365,21,15,19.2604,18,1,316
0.1225,0.1225,22.948,18.948,22,18,19.2604,21,1,316
0.2395,0.2395,24.899,16.899,25,17,19.2604,21,1,316
0.3395,0.3395,22.0745,18.0745,21,17,19.2604,20,1,316
0.2855,0.2855,22.727,16.727,21,15,19.2604,20,1,316
0.9535,0.9535,20.1815,14.1815,20,14,19.2604,17,1,316
0.225,0.225,24.896,16.896,24,16,19.2604,21,1,316
0.3375,0.3375,23.735,16.735,23,16,19.2604,20,1,316
0.527,0.527,22.5065,15.5065,22,15,19.2604,19,1,316
0.033,0.033,25.3055,18.3055,24,17,19.2604,22,1,316
0.9795,0.9795,18.642,14.642,18,14,19.2604,17,1,316
0.8975,0.8975,21.2345,15.2345,21,15,19.2604,18,1,316
0.5285,0.5285,22.5705,15.5705,22,15,19.2604,19,1,316
0.748,0.748,21.673,14.673,21,14,19.2604,18,1,316
0.7735,0.7735,20.544,15.544,20,15,19.2604,18,1,316
0.134,0.134,26.9635,17.9635,27,18,19.2604,22,1,316
0.5175,0.5175,22.5895,15.5895,22,15,19.2604,19,1,316
0.644,0.644,21.0105,17.0105,20,16,19.2604,19,1,316
0.888,0.888,19.968,15.968,19,15,19.2604,18,1,316
0.997,0.997,18.5445,13.5445,18,13,19.2604,16,1,316
0.177,0.177,24.7655,17.7655,24,17,19.2604,21,1,316
0.9575,0.9575,19.3045,14.3045,19,14,19.2604,17,1,316
0.339,0.339,23.6785,16.6785,23,16,19.2604,20,1,316
0.0275,0.0275,25.313,18.313,24,17,19.2604,22,1,316
0.317,0.317,23.574,16.574,23,16,19.2604,20,1,316
0.265,0.265,23.338,16.338,23,16,19.2604,20,1,316
0.47,0.47,23.2805,15.2805,23,15,19.2604,19,1,316
0.309,0.309,23.6265,16.6265,23,16,19.2604,20,1,316
0.9435,0.9435,19.5665,14.5665,19,14,19.2604,17,1,316
0.3085,0.3085,24.4385,16.4385,24,16,19.2604,20,1,316
0.1645,0.1645,24.5515,17.5515,24,17,19.2604,21,1,316
0.1105,0.1105,25.9665,17.9665,26,18,19.2604,22,1,316
0.1665,0.1665,24.079,18.079,23,17,19.2604,21,1,316
0.0805,0.0805,24.2925,18.2925,23,17,19.2604,21,1,316
0.2365,0.2365,25.8185,16.8185,25,16,19.2604,21,1,316
1,1,18.2805,15.2805,18,15,19.2604,17,1,316
0.09,0.09,26.656,17.656,26,17,19.2604,22,1,316
0.1405,0.1405,23.681,17.681,22,16,19.2604,21,1,316
0.8745,0.8745,21.156,15.156,21,15,19.2604,18,1,316
0.9645,0.9645,20.196,14.196,20,14,19.2604,17,1,316
0.4615,0.4615,24.236,16.236,24,16,19.2604,20,1,316
0.126,0.126,22.9765,17.9765,22,17,19.2604,21,1,316
0.1295,0.1295,26.015,18.015,26,18,19.2604,22,1,316
0.3945,0.3945,23.0955,16.0955,22,15,19.2604,20,1,316
0.6205,0.6205,20.9425,15.9425,20,15,19.2604,19,1,316
0.2745,0.2745,24.2665,16.2665,24,16,19.2604,20,1,316
0.8855,0.8855,19.9495,15.9495,19,15,19.2604,18,1,316
0.926,0.926,19.876,15.876,19,15,19.2604,18,1,316
0.53,0.53,22.6625,15.6625,22,15,19.2604,19,1,316
0.899,0.899,19.737,15.737,19,15,19.2604,18,1,316
0.4375,0.4375,24.0925,16.0925,24,16,19.2604,20,1,316
0.505,0.505,21.5595,16.5595,21,16,19.2604,19,1,316
1,1,18.764,14.764,18,14,19.2604,17,1,316
0.6265,0.6265,20.961,15.961,20,15,19.2604,19,1,316
0.262,0.262,25.1805,17.1805,24,16,19.2604,21,1,316
0.892,0.892,19.9905,14.9905,19,14,19.2604,18,1,316
0.1555,0.1555,26.881,16.881,27,17,19.2604,22,1,316
0.6315,0.6315,22.045,16.045,22,16,19.2604,19,1,316
0.112,0.112,24.272,17.272,23,16,19.2604,21,1,316
0.556,0.556,23.72,14.72,23,14,19.2604,19,1,316
0.834,0.834,21.1415,15.1415,21,15,19.2604,18,1,316
0.5685,0.5685,21.75,15.75,21,15,19.2604,19,1,316
0.833,0.833,20.8825,14.8825,20,14,19.2604,18,1,316
0.6025,0.6025,20.871,16.871,20,16,19.2604,19,1,316
0.2925,0.2925,24.2615,16.2615,24,16,19.2604,20,1,316
0.845,0.845,21.248,15.248,21,15,19.2604,18,1,316
0.3035,0.3035,22.7165,16.7165,22,16,19.2604,20,1,316
0.095,0.095,25.245,18.245,24,17,19.2604,22,1,316
0.579,0.579,21.7945,16.7945,21,16,19.2604,19,1,316
0.9135,0.9135,21.195,13.195,21,13,19.2604,17,1,316
0.389,0.389,23.896,15.896,23,15,19.2604,20,1,316
0.686,0.686,22.356,14.356,22,14,19.2604,18,1,316
0.108,0.108,24.343,17.343,23,16,19.2604,21,1,316
0.249,0.249,25.0035,17.0035,25,17,19.2604,21,1,316
0.8445,0.8445,19.5295,15.5295,19,15,19.2604,18,1,316
0.9475,0.9475,19.585,14.585,19,14,19.2604,17,1,316
0.5795,0.5795,22.739,15.739,22,15,19.2604,19,1,316
0.8125,0.8125,22.1895,14.1895,22,14,19.2604,18,1,316
0.8885,0.8885,19.9525,15.9525,19,15,19.2604,18,1,316
0.953,0.953,19.542,14.542,19,14,19.2604,17,1,316
0.493,0.493,22.433,15.433,22,15,19.2604,19,1,316
0.0715,0.0715,25.652,17.652,25,17,19.2604,22,1,316
0.4325,0.4325,24.1035,16.1035,24,16,19.2604,20,1,316
0.1575,0.1575,25.365,17.365,25,17,19.2604,21,1,316
0.3445,0.3445,22.0275,17.0275,21,16,19.2604,20,1,316
0.4195,0.4195,23.1235,17.1235,23,17,19.2604,20,1,316
0.134,0.134,24.5825,17.5825,23,16,19.2604,21,1,316
0.38,0.38,22.987,16.987,22,16,19.2604,20,1,316
1,1,16.2175,13.2175,16,13,19.2604,15,1,316
0.8625,0.8625,21.1245,15.1245,21,15,19.2604,18,1,316
0.5335,0.5335,21.5755,16.5755,21,16,19.2604,19,1,316
0.5235,0.5235,22.531,15.531,22,15,19.2604,19,1,316
1,1,17.8155,13.8155,17,13,19.2604,16,1,316
0.5055,0.5055,21.529,16.529,21,16,19.2604,19,1,316
0.6595,0.6595,21.0905,16.0905,20,15,19.2604,19,1,316
0.253,0.253,22.6435,17.6435,21,16,19.2604,20,1,316
0.3195,0.3195,23.689,16.689,23,16,19.2604,20,1,316
1,1,17.174,14.174,17,14,19.2604,16,1,316
1,1,18.298,15.298,18,15,19.2604,17,1,316
0.4775,0.4775,23.2745,15.2745,23,15,19.2604,19,1,316
0.1135,0.1135,23.68,17.68,23,17,19.2604,21,1,316
0.6405,0.6405,22.111,16.111,21,15,19.2604,19,1,316
0.443,0.443,24.1555,16.1555,24,16,19.2604,20,1,316
0.6395,0.6395,20.971,15.971,20,15,19.2604,19,1,316
0.2405,0.2405,23.3035,16.3035,22,15,19.2604,20,1,316
0.2955,0.2955,24.3485,16.3485,24,16,19.2604,20,1,316
0.007,0.007,27.9025,19.9025,26,18,19.2604,24,1,316
0.655,0.655,23.2085,15.2085,23,15,19.2604,19,1,316
1,1,17.5,13.5,17,13,19.2604,16,1,316
0.63,0.63,20.8815,16.8815,20,16,19.2604,19,1,316
0.7915,0.7915,20.544,15.544,20,15,19.2604,18,1,316
0.3,0.3,23.6195,16.6195,23,16,19.2604,20,1,316
0.638,0.638,20.9375,16.9375,20,16,19.2604,19,1,316
0.174,0.174,24.7385,17.7385,24,17,19.2604,21,1,316
1,1,17.406,14.406,17,14,19.2604,16,1,316
0.988,0.988,19.0185,14.0185,18,13,19.2604,17,1,316
0.842,0.842,20.905,14.905,20,14,19.2604,18,1,316
0.1475,0.1475,24.5385,17.5385,24,17,19.2604,21,1,316
0.5515,0.5515,22.7425,15.7425,22,15,19.2604,19,1,316
0.1475,0.1475,23.879,17.879,22,16,19.2604,21,1,316
0.485,0.485,21.4935,16.4935,21,16,19.2604,19,1,316
0.635,0.635,21.0135,16.0135,20,15,19.2604,19,1,316
0.988,0.988,18.39,13.39,18,13,19.2604,16,1,316
0.1925,0.1925,25.642,16.642,25,16,19.2604,21,1,316
0.652,0.652,21.0075,16.0075,20,15,19.2604,19,1,316
0.3645,0.3645,24.719,15.719,24,15,19.2604,20,1,316
0.3495,0.3495,22.004,17.004,21,16,19.2604,20,1,316
0.7555,0.7555,21.64,14.64,21,14,19.2604,18,1,316
0.0735,0.0735,25.077,19.077,24,18,19.2604,22,1,316
0.1815,0.1815,24.007,18.007,23,17,19.2604,21,1,316
0.81,0.81,20.531,15.531,20,15,19.2604,18,1,316
0.0075,0.0075,26.531,19.531,25,18,19.2604,23,1,316
0.238,0.238,23.3,16.3,22,15,19.2604,20,1,316
0.993,0.993,18.766,11.766,18,11,19.2604,15,1,316
0.8455,0.8455,21.227,15.227,21,15,19.2604,18,1,316
0.925,0.925,19.9015,15.9015,19,15,19.2604,18,1,316
0.64,0.64,21.0195,16.0195,20,15,19.2604,19,1,316
0.612,0.612,22.957,15.957,22,15,19.2604,19,1,316
0.695,0.695,21.306,15.306,21,15,19.2604,18,1,316
1,1,18.7915,14.7915,18,14,19.2604,17,1,316
0.7805,0.7805,20.455,15.455,20,15,19.2604,18,1,316
1,1,19.185,16.185,19,16,19.2604,18,1,316
0.832,0.832,21.0515,15.0515,20,14,19.2604,18,1,316
0.6045,0.6045,20.871,16.871,20,16,19.2604,19,1,316
0.154,0.154,24.059,18.059,23,17,19.2604,21,1,316
0.36,0.36,22.134,17.134,21,16,19.2604,20,1,316
0.1775,0.1775,24.0595,18.0595,23,17,19.2604,21,1,316
0.7795,0.7795,20.514,15.514,20,15,19.2604,18,1,316
0.0995,0.0995,23.676,18.676,22,17,19.2604,21,1,316
0.6345,0.6345,23.1675,15.1675,23,15,19.2604,19,1,316
0.6315,0.6315,20.927,16.927,20,16,19.2604,19,1,316
1,1,18.388,15.388,18,15,19.2604,17,1,316
0.6485,0.6485,23.1725,15.1725,23,15,19.2604,19,1,316
0.9115,0.9115,19.787,15.787,19,15,19.2604,18,1,316
0.669,0.669,21.0855,16.0855,20,15,19.2604,19,1,316
0.408,0.408,23.988,15.988,24,16,19.2604,20,1,316
0.0345,0.0345,24.6715,18.6715,23,17,19.2604,22,1,316
0.026,0.026,24.6885,18.6885,23,17,19.2604,22,1,316
0.5085,0.5085,21.486,16.486,21,16,19.2604,19,1,316
0.301,0.301,23.5535,16.5535,23,16,19.2604,20,1,316
0.9615,0.9615,20.208,14.208,20,14,19.2604,17,1,316
0.0355,0.0355,24.756,18.756,23,17,19.2604,22,1,316
0.8915,0.8915,20.1585,15.1585,19,14,19.2604,18,1,316
0.59,0.59,21.8645,15.8645,21,15,19.2604,19,1,316
0.3155,0.3155,24.35,16.35,24,16,19.2604,20,1,316
0.062,0.062,27.844,18.844,28,19,19.2604,23,1,316
1,1,18.785,14.785,18,14,19.2604,17,1,316
0.324,0.324,22.9265,17.9265,22,17,19.2604,20,1,316
0.4495,0.4495,25.1305,15.1305,25,15,19.2604,20,1,316
0.597,0.597,20.8885,15.8885,20,15,19.2604,19,1,316
0.18,0.18,25.399,16.399,25,16,19.2604,21,1,316
0.9845,0.9845,18.9435,14.9435,18,14,19.2604,17,1,316
0.106,0.106,24.293,17.293,23,16,19.2604,21,1,316
0.613,0.613,20.885,16.885,20,16,19.2604,19,1,316
0.4395,0.4395,24.1155,16.1155,24,16,19.2604,20,1,316
0.392,0.392,23.054,17.054,22,16,19.2604,20,1,316
0.791,0.791,20.663,15.663,20,15,19.2604,18,1,316
0.669,0.669,21.068,16.068,20,15,19.2604,19,1,316
0.3415,0.3415,22.0015,17.0015,21,16,19.2604,20,1,316
0.0455,0.0455,25.5965,18.5965,25,18,19.2604,22,1,316
0.316,0.316,25.397,15.397,25,15,19.2604,20,1,316
0.347,0.347,21.979,17.979,21,17,19.2604,20,1,316
0.686,0.686,21.3435,14.3435,21,14,19.2604,18,1,316
0.564,0.564,21.8155,15.8155,20,14,19.2604,19,1,316
1,1,17.74,14.74,17,14,19.2604,16,1,316
0.7755,0.7755,20.537,15.537,20,15,19.2604,18,1,316
0.606,0.606,21.9155,15.9155,21,15,19.2604,19,1,316
1,1,18.822,14.822,18,14,19.2604,17,1,316
0.555,0.555,20.726,16.726,20,16,19.2604,19,1,316
0.8975,0.8975,20.2755,14.2755,20,14,19.2604,17,1,316
0.347,0.347,23.7675,16.7675,23,16,19.2604,20,1,316
0.9775,0.9775,19.22,14.22,19,14,19.2604,17,1,316
0.9665,0.9665,19.313,15.313,19,15,19.2604,17,1,316
0.855,0.855,21.096,15.096,21,15,19.2604,18,1,316
1,1,17.283,14.283,17,14,19.2604,16,1,316
0.8865,0.8865,20.4545,13.4545,20,13,19.2604,17,1,316
0.0845,0.0845,23.688,18.688,22,17,19.2604,21,1,316
0.9505,0.9505,19.6345,14.6345,19,14,19.2604,17,1,316
0.871,0.871,21.1725,15.1725,21,15,19.2604,18,1,316
0.534,0.534,21.651,16.651,20,15,19.2604,19,1,316
0.9155,0.9155,19.933,15.933,19,15,19.2604,18,1,316
0.356,0.356,23.7575,16.7575,23,16,19.2604,20,1,316
0.8515,0.8515,19.5465,15.5465,19,15,19.2604,18,1,316
0.469,0.469,24.174,16.174,24,16,19.2604,20,1,316
0.2945,0.2945,22.683,16.683,22,16,19.2604,20,1,316
0.302,0.302,21.972,17.972,21,17,19.2604,20,1,316
0.071,0.071,25.732,18.732,25,18,19.2604,22,1,316
0.61,0.61,20.9095,16.9095,20,16,19.2604,19,1,316
0.349,0.349,22.0135,17.0135,21,16,19.2604,20,1,316
0.844,0.844,19.5315,15.5315,19,15,19.2604,18,1,316
0.8685,0.8685,21.134,15.134,21,15,19.2604,18,1,316
0.814,0.814,22.2305,14.2305,22,14,19.2604,18,1,316
0.966,0.966,19.629,14.629,19,14,19.2604,17,1,316
0.4885,0.4885,22.387,15.387,22,15,19.2604,19,1,316
0.914,0.914,19.7985,15.7985,19,15,19.2604,18,1,316
0.441,0.441,25.0475,15.0475,25,15,19.2604,20,1,316
0.319,0.319,22.034,18.034,21,17,19.2604,20,1,316
1,1,18.3195,15.3195,18,15,19.2604,17,1,316
1,1,18.2765,15.2765,18,15,19.2604,17,1,316
0.99,0.99,18.968,14.968,18,14,19.2604,17,1,316
0.7865,0.7865,20.62,15.62,20,15,19.2604,18,1,316
0.5775,0.5775,21.831,15.831,21,15,19.2604,19,1,316
0.5055,0.5055,21.5215,16.5215,21,16,19.2604,19,1,316
0.364,0.364,23.8105,15.8105,23,15,19.2604,20,1,316
0.64,0.64,20.994,15.994,20,15,19.2604,19,1,316
0.379,0.379,23.098,17.098,22,16,19.2604,20,1,316
0.8315,0.8315,20.829,14.829,20,14,19.2604,18,1,316
0.9975,0.9975,18.923,13.923,18,13,19.2604,16,1,316
1,1,17.265,14.265,17,14,19.2604,16,1,316
0.1575,0.1575,27.142,17.142,27,17,19.2604,22,1,316
0.4885,0.4885,22.4375,15.4375,22,15,19.2604,19,1,316
1,1,16.297,13.297,16,13,19.2604,15,1,316
0.0445,0.0445,25.437,18.437,25,18,19.2604,22,1,316
0.563,0.563,21.7775,15.7775,21,15,19.2604,19,1,316
1,1,16.5405,14.5405,16,14,19.2604,16,1,316
0.3185,0.3185,22.791,16.791,22,16,19.2604,20,1,316
0.174,0.174,27.1265,17.1265,27,17,19.2604,22,1,316
0.908,0.908,19.8705,15.8705,19,15,19.2604,18,1,316
0.482,0.482,22.3555,15.3555,22,15,19.2604,19,1,316
1,1,15.2005,14.2005,15,14,19.2604,15,1,316
0.787,0.787,21.807,14.807,21,14,19.2604,18,1,316
0.5945,0.5945,21.8595,15.8595,21,15,19.2604,19,1,316
0.351,0.351,23.745,16.745,23,16,19.2604,20,1,316
0.599,0.599,21.8735,15.8735,21,15,19.2604,19,1,316
0.004,0.004,27.494,20.494,26,19,19.2604,24,1,316
0.476,0.476,24.2385,16.2385,24,16,19.2604,20,1,316
0.437,0.437,24.0855,16.0855,24,16,19.2604,20,1,316
0.3215,0.3215,23.6025,16.6025,23,16,19.2604,20,1,316
0.661,0.661,22.1485,16.1485,22,16,19.2604,19,1,316
0.348,0.348,22.015,17.015,21,16,19.2604,20,1,316
0.908,0.908,19.799,15.799,19,15,19.2604,18,1,316
0.482,0.482,21.4615,16.4615,21,16,19.2604,19,1,316
0.925,0.925,19.55,14.55,19,14,19.2604,17,1,316
0.293,0.293,22.7365,16.7365,22,16,19.2604,20,1,316
0.5305,0.5305,21.65,16.65,20,15,19.2604,19,1,316
0.653,0.653,22.149,16.149,22,16,19.2604,19,1,316
0.4005,0.4005,24.025,16.025,23,15,19.2604,20,1,316
1,1,18.3205,15.3205,18,15,19.2604,17,1,316
0.429,0.429,24.0095,16.0095,24,16,19.2604,20,1,316
0.6515,0.6515,22.097,16.097,21,15,19.2604,19,1,316
0.9465,0.9465,19.27,15.27,19,15,19.2604,17,1,316
0.463,0.463,22.3095,15.3095,22,15,19.2604,19,1,316
0.1385,0.1385,24.54,17.54,24,17,19.2604,21,1,316
0.0575,0.0575,25.549,18.549,24,17,19.2604,22,1,316
0.038,0.038,28.296,18.296,27,17,19.2604,23,1,316
0.909,0.909,19.9035,15.9035,19,15,19.2604,18,1,316
0.7075,0.7075,21.3435,15.3435,21,15,19.2604,18,1,316
0.603,0.603,21.861,15.861,21,15,19.2604,19,1,316
1,1,16.437,13.437,16,13,19.2604,15,1,316
0.883,0.883,19.9455,15.9455,19,15,19.2604,18,1,316
0.8795,0.8795,19.9025,15.9025,19,15,19.2604,18,1,316
0.8635,0.8635,19.6605,15.6605,19,15,19.2604,18,1,316
0.8245,0.8245,22.1105,15.1105,22,15,19.2604,18,1,316
0.796,0.796,20.5905,15.5905,20,15,19.2604,18,1,316
0.907,0.907,19.392,14.392,19,14,19.2604,17,1,316
1,1,18.319,15.319,18,15,19.2604,17,1,316
0.62,0.62,22.037,16.037,22,16,19.2604,19,1,316
0.891,0.891,19.2645,14.2645,19,14,19.2604,17,1,316
0.8825,0.8825,19.9615,15.9615,19,15,19.2604,18,1,316
0.967,0.967,19.6945,14.6945,19,14,19.2604,17,1,316
0.9435,0.9435,19.7215,14.7215,19,14,19.2604,17,1,316
0.974,0.974,19.628,14.628,19,14,19.2604,17,1,316
0.5535,0.5535,21.7235,16.7235,20,15,19.2604,19,1,316
0.6645,0.6645,22.131,16.131,22,16,19.2604,19,1,316
1,1,18.735,14.735,18,14,19.2604,17,1,316
0.2485,0.2485,25.145,17.145,24,16,19.2604,21,1,316
1,1,18.573,14.573,18,14,19.2604,17,1,316
0.1315,0.1315,23.8315,17.8315,22,16,19.2604,21,1,316
0.373,0.373,23.8045,16.8045,23,16,19.2604,20,1,316
0.444,0.444,24.102,16.102,24,16,19.2604,20,1,316
0.283,0.283,21.9165,17.9165,21,17,19.2604,20,1,316
0.2445,0.2445,22.6655,17.6655,21,16,19.2604,20,1,316
0.244,0.244,25.988,16.988,26,17,19.2604,21,1,316
0.1105,0.1105,24.297,17.297,23,16,19.2604,21,1,316
0.4725,0.4725,23.286,15.286,23,15,19.2604,19,1,316
0.9025,0.9025,19.2835,14.2835,19,14,19.2604,17,1,316
1,1,18.2095,15.2095,18,15,19.2604,17,1,316
1,1,17.5365,15.5365,17,15,19.2604,17,1,316
0.651,0.651,20.9575,16.9575,20,16,19.2604,19,1,316
0.632,0.632,20.963,16.963,20,16,19.2604,19,1,316
0.9995,0.9995,17.698,13.698,17,13,19.2604,16,1,316
0.65,0.65,20.9645,16.9645,20,16,19.2604,19,1,316
0.6295,0.6295,23.1035,15.1035,23,15,19.2604,19,1,316
0.8825,0.8825,20.024,15.024,19,14,19.2604,18,1,316
0.2235,0.2235,25.7725,16.7725,25,16,19.2604,21,1,316
0.0545,0.0545,26.3105,18.3105,25,17,19.2604,22,1,316
0.9115,0.9115,19.838,15.838,19,15,19.2604,18,1,316
0.235,0.235,22.5535,17.5535,22,17,19.2604,20,1,316
1,1,18.7875,14.7875,18,14,19.2604,17,1,316
0.1815,0.1815,25.5335,16.5335,25,16,19.2604,21,1,316
0.097,0.097,25.257,18.257,24,17,19.2604,22,1,316
0.7865,0.7865,20.5605,15.5605,20,15,19.2604,18,1,316
0.871,0.871,20.3685,14.3685,20,14,19.2604,17,1,316
0.125,0.125,26.985,17.985,26,17,19.2604,22,1,316
0.3205,0.3205,21.9125,17.9125,21,17,19.2604,20,1,316
0.195,0.195,24.121,18.121,23,17,19.2604,21,1,316
0.1665,0.1665,23.927,17.927,22,16,19.2604,21,1,316
0.1035,0.1035,24.371,17.371,23,16,19.2604,21,1,316
0.9095,0.9095,19.817,15.817,19,15,19.2604,18,1,316
0.1945,0.1945,24.0385,18.0385,23,17,19.2604,21,1,316
0.925,0.925,19.6075,14.6075,19,14,19.2604,17,1,316
0.4415,0.4415,21.351,17.351,21,17,19.2604,19,1,316
0.6015,0.6015,22.9625,14.9625,22,14,19.2604,19,1,316
0.253,0.253,22.6895,17.6895,21,16,19.2604,20,1,316
1,1,18.3765,13.3765,18,13,19.2604,16,1,316
0.439,0.439,25.0615,16.0615,25,16,19.2604,20,1,316
0.908,0.908,19.865,15.865,19,15,19.2604,18,1,316
0.6325,0.6325,20.9425,16.9425,20,16,19.2604,19,1,316
0.289,0.289,22.6835,16.6835,22,16,19.2604,20,1,316
0.6045,0.6045,20.912,15.912,20,15,19.2604,19,1,316
0.095,0.095,25.8515,17.8515,26,18,19.2604,22,1,316
0.594,0.594,22.9105,14.9105,22,14,19.2604,19,1,316
0.311,0.311,21.9355,17.9355,21,17,19.2604,20,1,316
0.656,0.656,21.013,16.013,20,15,19.2604,19,1,316
0.171,0.171,24.668,17.668,24,17,19.2604,21,1,316
0.302,0.302,21.9545,17.9545,21,17,19.2604,20,1,316
0.259,0.259,21.87,17.87,21,17,19.2604,20,1,316
0.639,0.639,22.0905,16.0905,21,15,19.2604,19,1,316
0.6455,0.6455,20.9775,16.9775,20,16,19.2604,19,1,316
0.6755,0.6755,22.378,14.378,22,14,19.2604,18,1,316
0.355,0.355,22.1155,17.1155,21,16,19.2604,20,1,316
0.5065,0.5065,22.4795,15.4795,22,15,19.2604,19,1,316
0.913,0.913,19.842,15.842,19,15,19.2604,18,1,316
0.667,0.667,22.207,16.207,22,16,19.2604,19,1,316
0.5885,0.5885,21.8625,15.8625,21,15,19.2604,19,1,316
0.9075,0.9075,19.8405,15.8405,19,15,19.2604,18,1,316
0.5885,0.5885,20.757,16.757,20,16,19.2604,19,1,316
0.9205,0.9205,19.987,15.987,19,15,19.2604,18,1,316
0.572,0.572,21.7845,15.7845,21,15,19.2604,19,1,316
1,1,18.247,15.247,18,15,19.2604,17,1,316
0.0095,0.0095,29.077,21.077,28,20,19.2604,25,1,316
0.6765,0.6765,22.1375,16.1375,22,16,19.2604,19,1,316
0.902,0.902,20.2375,15.2375,19,14,19.2604,18,1,316
0.5955,0.5955,20.7685,16.7685,20,16,19.2604,19,1,316
0.178,0.178,24.101,18.101,23,17,19.2604,21,1,316
0.583,0.583,21.8535,15.8535,21,15,19.2604,19,1,316
0.1075,0.1075,24.322,17.322,23,16,19.2604,21,1,316
0.646,0.646,23.213,15.213,23,15,19.2604,19,1,316
0.7985,0.7985,20.5695,15.5695,20,15,19.2604,18,1,316
1,1,18.777,14.777,18,14,19.2604,17,1,316
0.876,0.876,19.906,15.906,19,15,19.2604,18,1,316
1,1,18.1635,15.1635,18,15,19.2604,17,1,316
0.1015,0.1015,22.921,18.921,22,18,19.2604,21,1,316
0.05,0.05,25.1085,19.1085,24,18,19.2604,22,1,316
0.8425,0.8425,21.138,15.138,21,15,19.2604,18,1,316
0.135,0.135,24.574,17.574,24,17,19.2604,21,1,316
0.8395,0.8395,21.41,13.41,21,13,19.2604,17,1,316
0.8195,0.8195,20.8265,14.8265,20,14,19.2604,18,1,316
0.2175,0.2175,25.8675,16.8675,25,16,19.2604,21,1,316
0.248,0.248,22.6825,17.6825,21,16,19.2604,20,1,316
0.842,0.842,20.5625,15.5625,20,15,19.2604,18,1,316
0.796,0.796,20.6205,15.6205,20,15,19.2604,18,1,316
0.2775,0.2775,22.713,17.713,21,16,19.2604,20,1,316
0.5665,0.5665,22.754,15.754,22,15,19.2604,19,1,316
0.1525,0.1525,24.582,16.582,24,16,19.2604,21,1,316
0.0695,0.0695,25.009,19.009,23,17,19.2604,22,1,316
0.132,0.132,25.305,17.305,25,17,19.2604,21,1,316
0.8965,0.8965,20.013,16.013,19,15,19.2604,18,1,316
0.233,0.233,25.7595,16.7595,25,16,19.2604,21,1,316
0.2965,0.2965,21.9125,16.9125,21,16,19.2604,20,1,316
0.5635,0.5635,21.7375,15.7375,21,15,19.2604,19,1,316
0.135,0.135,24.578,17.578,24,17,19.2604,21,1,316
1,1,18.3295,15.3295,18,15,19.2604,17,1,316
1,1,18.853,14.853,18,14,19.2604,17,1,316
0.205,0.205,24.022,18.022,24,18,19.2604,21,1,316
0.2445,0.2445,22.5115,17.5115,22,17,19.2604,20,1,316
0.1935,0.1935,25.631,16.631,25,16,19.2604,21,1,316
0.8065,0.8065,21.07,14.07,21,14,19.2604,18,1,316
0.09,0.09,26.6215,17.6215,26,17,19.2604,22,1,316
0.997,0.997,18.507,13.507,18,13,19.2604,16,1,316
1,1,18.4235,15.4235,18,15,19.2604,17,1,316
0.6375,0.6375,23.0725,15.0725,23,15,19.2604,19,1,316
0.894,0.894,19.987,14.987,19,14,19.2604,18,1,316
1,1,18.908,14.908,18,14,19.2604,17,1,316
0.6655,0.6655,22.174,16.174,21,15,19.2604,19,1,316
1,1,18.3135,15.3135,18,15,19.2604,17,1,316
0.4125,0.4125,24.017,17.017,24,17,19.2604,20,1,316
0.6815,0.6815,21.131,16.131,20,15,19.2604,19,1,316
0.2995,0.2995,24.3305,16.3305,24,16,19.2604,20,1,316
0.2225,0.2225,22.484,17.484,22,17,19.2604,20,1,316
1,1,17.7695,13.7695,17,13,19.2604,16,1,316
0.315,0.315,22.825,16.825,22,16,19.2604,20,1,316
0.6425,0.6425,20.9895,16.9895,20,16,19.2604,19,1,316
0.3105,0.3105,24.357,16.357,24,16,19.2604,20,1,316
0.089,0.089,24.377,17.377,23,16,19.2604,21,1,316
0.9615,0.9615,20.2085,14.2085,20,14,19.2604,17,1,316
0.0355,0.0355,27.5735,18.5735,27,18,19.2604,23,1,316
0.307,0.307,22.8,16.8,22,16,19.2604,20,1,316
0.8315,0.8315,19.585,15.585,19,15,19.2604,18,1,316
0.2865,0.2865,21.9095,17.9095,21,17,19.2604,20,1,316
0.9665,0.9665,19.877,14.877,19,14,19.2604,17,1,316
0.725,0.725,20.371,15.371,20,15,19.2604,18,1,316
0.6485,0.6485,23.188,15.188,23,15,19.2604,19,1,316
0.528,0.528,21.568,16.568,21,16,19.2604,19,1,316
0.623,0.623,23.0355,15.0355,23,15,19.2604,19,1,316
0.9015,0.9015,19.3025,14.3025,19,14,19.2604,17,1,316
0.1555,0.1555,26.994,17.994,27,18,19.2604,22,1,316
1,1,16.8275,12.8275,16,12,19.2604,15,1,316
0.95,0.95,19.565,14.565,19,14,19.2604,17,1,316
0.6305,0.6305,23.0495,16.0495,23,16,19.2604,19,1,316
1,1,17.332,14.332,17,14,19.2604,16,1,316
0.787,0.787,22.246,14.246,22,14,19.2604,18,1,316
0.1805,0.1805,24.8335,17.8335,24,17,19.2604,21,1,316
0.9965,0.9965,18.679,13.679,18,13,19.2604,16,1,316
0.6565,0.6565,22.0925,16.0925,21,15,19.2604,19,1,316
0.502,0.502,20.5855,16.5855,20,16,19.2604,19,1,316
1,1,18.7725,14.7725,18,14,19.2604,17,1,316
0.2525,0.2525,25.149,17.149,24,16,19.2604,21,1,316
0.191,0.191,24.049,18.049,23,17,19.2604,21,1,316
0.5185,0.5185,21.5735,16.5735,21,16,19.2604,19,1,316
0.6665,0.6665,22.149,16.149,22,16,19.2604,19,1,316
0.2505,0.2505,25.934,16.934,25,16,19.2604,21,1,316
0.1,0.1,27.39,17.39,27,17,19.2604,22,1,316
1,1,18.988,14.988,18,14,19.2604,17,1,316
0.2595,0.2595,21.867,17.867,21,17,19.2604,20,1,316
0.072,0.072,26.2895,18.2895,25,17,19.2604,22,1,316
0.5325,0.5325,20.687,16.687,20,16,19.2604,19,1,316
0.367,0.367,23.0745,17.0745,22,16,19.2604,20,1,316
1,1,18.7955,14.7955,18,14,19.2604,17,1,316
0.305,0.305,21.9075,17.9075,21,17,19.2604,20,1,316
0.1935,0.1935,24.776,17.776,24,17,19.2604,21,1,316
0.414,0.414,21.287,17.287,21,17,19.2604,19,1,316
0.5905,0.5905,20.7835,16.7835,20,16,19.2604,19,1,316
0.336,0.336,22.8405,16.8405,22,16,19.2604,20,1,316
0.5685,0.5685,21.756,16.756,21,16,19.2604,19,1,316
0.567,0.567,21.737,16.737,21,16,19.2604,19,1,316
0.1025,0.1025,25.1365,18.1365,24,17,19.2604,22,1,316
0.93,0.93,20.007,16.007,19,15,19.2604,18,1,316
0.9855,0.9855,18.719,14.719,18,14,19.2604,17,1,316
0.6075,0.6075,22.968,14.968,22,14,19.2604,19,1,316
0.524,0.524,21.6275,16.6275,21,16,19.2604,19,1,316
1,1,18.77,14.77,18,14,19.2604,17,1,316
0.2975,0.2975,23.6095,16.6095,23,16,19.2604,20,1,316
0.29,0.29,25.215,17.215,25,17,19.2604,21,1,316
0.903,0.903,19.812,15.812,19,15,19.2604,18,1,316
0.9605,0.9605,19.3635,14.3635,19,14,19.2604,17,1,316
0.424,0.424,23.1745,17.1745,23,17,19.2604,20,1,316
0.2735,0.2735,25.095,17.095,25,17,19.2604,21,1,316
0.5625,0.5625,21.7455,15.7455,21,15,19.2604,19,1,316
0.4585,0.4585,25.146,16.146,25,16,19.2604,20,1,316
0.049,0.049,25.619,18.619,25,18,19.2604,22,1,316
0.816,0.816,22.251,14.251,22,14,19.2604,18,1,316
0.8975,0.8975,19.764,15.764,19,15,19.2604,18,1,316
0.6535,0.6535,21.019,17.019,20,16,19.2604,19,1,316
0.2885,0.2885,24.341,16.341,24,16,19.2604,20,1,316
1,1,16.309,13.309,16,13,19.2604,15,1,316
1,1,17.792,13.792,17,13,19.2604,16,1,316
0.681,0.681,21.19,16.19,20,15,19.2604,19,1,316
0.155,0.155,26.2505,18.2505,25,17,19.2604,22,1,316
0.026,0.026,26.5455,18.5455,25,17,19.2604,23,1,316
0.882,0.882,21.134,15.134,21,15,19.2604,18,1,316
0.494,0.494,20.526,16.526,20,16,19.2604,19,1,316
0.282,0.282,25.1355,17.1355,25,17,19.2604,21,1,316
0.571,0.571,21.759,16.759,21,16,19.2604,19,1,316
0.6715,0.6715,22.1235,16.1235,21,15,19.2604,19,1,316
0.6645,0.6645,21.126,16.126,20,15,19.2604,19,1,316
0.6865,0.6865,22.368,14.368,22,14,19.2604,18,1,316
0.9705,0.9705,20.157,14.157,20,14,19.2604,17,1,316
1,1,18.7475,14.7475,18,14,19.2604,17,1,316
0.9925,0.9925,18.7395,13.7395,18,13,19.2604,16,1,316
0.9115,0.9115,19.8085,15.8085,19,15,19.2604,18,1,316
0.997,0.997,18.2495,13.2495,18,13,19.2604,16,1,316
0.564,0.564,22.7615,15.7615,22,15,19.2604,19,1,316
0.6365,0.6365,22.115,16.115,22,16,19.2604,19,1,316
0.1785,0.1785,24.0185,18.0185,23,17,19.2604,21,1,316
0.6935,0.6935,22.1835,16.1835,22,16,19.2604,19,1,316
0.451,0.451,23.2455,16.2455,23,16,19.2604,20,1,316
0.8825,0.8825,21.1805,15.1805,21,15,19.2604,18,1,316
0.614,0.614,20.918,16.918,20,16,19.2604,19,1,316
0.88,0.88,19.9385,15.9385,19,15,19.2604,18,1,316
0.5765,0.5765,21.782,15.782,21,15,19.2604,19,1,316
0.789,0.789,20.578,15.578,20,15,19.2604,18,1,316
1,1,18.3395,15.3395,18,15,19.2604,17,1,316
0.8475,0.8475,21.2085,15.2085,21,15,19.2604,18,1,316
0.501,0.501,21.532,16.532,21,16,19.2604,19,1,316
0.91,0.91,21.2495,13.2495,21,13,19.2604,17,1,316
1,1,16.324,13.324,16,13,19.2604,15,1,316
0.3035,0.3035,22.749,16.749,22,16,19.2604,20,1,316
0.039,0.039,29.7825,18.7825,30,19,19.2604,24,1,316
0.3245,0.3245,23.738,16.738,23,16,19.2604,20,1,316
0.03,0.03,25.289,18.289,24,17,19.2604,22,1,316
0.973,0.973,19.58,14.58,19,14,19.2604,17,1,316
0.9075,0.9075,19.8265,15.8265,19,15,19.2604,18,1,316
0.633,0.633,22.111,16.111,21,15,19.2604,19,1,316
0.4615,0.4615,22.3865,16.3865,21,15,19.2604,19,1,316
0.813,0.813,20.7645,14.7645,20,14,19.2604,18,1,316
0.295,0.295,24.365,16.365,24,16,19.2604,20,1,316
0.5035,0.5035,21.545,16.545,21,16,19.2604,19,1,316
1,1,17.7045,14.7045,17,14,19.2604,16,1,316
0.3385,0.3385,23.7695,16.7695,23,16,19.2604,20,1,316
0.124,0.124,23.114,19.114,22,18,19.2604,21,1,316
0.334,0.334,22.004,17.004,21,16,19.2604,20,1,316
0.463,0.463,22.376,16.376,22,16,19.2604,19,1,316
0.8335,0.8335,21.186,15.186,21,15,19.2604,18,1,316
0.7625,0.7625,21.842,14.842,21,14,19.2604,18,1,316
0.0845,0.0845,28.027,18.027,28,18,19.2604,23,1,316
0.837,0.837,21.131,15.131,21,15,19.2604,18,1,316
0.578,0.578,21.8235,15.8235,21,15,19.2604,19,1,316
0.566,0.566,22.799,15.799,22,15,19.2604,19,1,316
0.5645,0.5645,22.746,15.746,22,15,19.2604,19,1,316
0.3995,0.3995,22.172,17.172,21,16,19.2604,20,1,316
0.967,0.967,20.0975,14.0975,20,14,19.2604,17,1,316
0.883,0.883,20.485,14.485,20,14,19.2604,17,1,316
0.063,0.063,25.587,18.587,24,17,19.2604,22,1,316
0.6495,0.6495,22.0635,16.0635,21,15,19.2604,19,1,316
0.9205,0.9205,19.8,15.8,19,15,19.2604,18,1,316
0.832,0.832,21.088,15.088,21,15,19.2604,18,1,316
0.28,0.28,23.4765,16.4765,22,15,19.2604,20,1,316
0.7335,0.7335,21.4025,15.4025,21,15,19.2604,18,1,316
0.7835,0.7835,20.589,15.589,20,15,19.2604,18,1,316
0.406,0.406,23.0925,16.0925,22,15,19.2604,20,1,316
0.912,0.912,19.876,15.876,19,15,19.2604,18,1,316
0.4895,0.4895,22.4845,15.4845,21,14,19.2604,19,1,316
0.2685,0.2685,21.8905,17.8905,21,17,19.2604,20,1,316
0.6635,0.6635,22.142,16.142,22,16,19.2604,19,1,316
0.69,0.69,21.278,15.278,21,15,19.2604,18,1,316
0.6405,0.6405,22.049,16.049,22,16,19.2604,19,1,316
0.4015,0.4015,24.9565,15.9565,25,16,19.2604,20,1,316
0.7645,0.7645,21.7525,14.7525,21,14,19.2604,18,1,316
0.8845,0.8845,20.0525,15.0525,19,14,19.2604,18,1,316
0.356,0.356,24.669,15.669,24,15,19.2604,20,1,316
0.9975,0.9975,18.6645,13.6645,18,13,19.2604,16,1,316
0.1095,0.1095,26.805,17.805,27,18,19.2604,22,1,316
0.7575,0.7575,20.301,15.301,20,15,19.2604,18,1,316
0.921,0.921,19.9355,15.9355,19,15,19.2604,18,1,316
0.572,0.572,22.7995,15.7995,22,15,19.2604,19,1,316
0.0695,0.0695,26.3775,18.3775,26,18,19.2604,22,1,316
0.025,0.025,26.0695,19.0695,25,18,19.2604,23,1,316
0.6195,0.6195,20.8795,16.8795,20,16,19.2604,19,1,316
1,1,16.3065,13.3065,16,13,19.2604,15,1,316
0.6345,0.6345,23.1625,15.1625,23,15,19.2604,19,1,316
0.955,0.955,19.6245,14.6245,19,14,19.2604,17,1,316
0.4405,0.4405,23.2115,17.2115,23,17,19.2604,20,1,316
0.877,0.877,19.9395,15.9395,19,15,19.2604,18,1,316
0.4545,0.4545,24.2275,16.2275,24,16,19.2604,20,1,316
0.783,0.783,20.566,15.566,20,15,19.2604,18,1,316
0.085,0.085,24.319,17.319,23,16,19.2604,21,1,316
0.667,0.667,23.2185,15.2185,23,15,19.2604,19,1,316
0.888,0.888,19.949,14.949,19,14,19.2604,18,1,316
0.2645,0.2645,22.631,17.631,21,16,19.2604,20,1,316
0.5505,0.5505,22.7365,15.7365,22,15,19.2604,19,1,316
0.374,0.374,23.8805,16.8805,23,16,19.2604,20,1,316
0.382,0.382,23.076,17.076,22,16,19.2604,20,1,316
0.6365,0.6365,22.1245,16.1245,22,16,19.2604,19,1,316
0.532,0.532,21.6055,16.6055,21,16,19.2604,19,1,316
0.0705,0.0705,25.0075,19.0075,23,17,19.2604,22,1,316
0.334,0.334,23.6715,16.6715,23,16,19.2604,20,1,316
0.4995,0.4995,22.5355,15.5355,22,15,19.2604,19,1,316
0.408,0.408,23.9175,15.9175,24,16,19.2604,20,1,316
0.6545,0.6545,23.181,15.181,23,15,19.2604,19,1,316
0.1545,0.1545,21.6105,18.6105,21,18,19.2604,20,1,316
0.4,0.4,23.0845,17.0845,22,16,19.2604,20,1,316
0.146,0.146,24.5255,17.5255,24,17,19.2604,21,1,316
0.3185,0.3185,23.6865,16.6865,23,16,19.2604,20,1,316
0.429,0.429,24.0405,16.0405,24,16,19.2604,20,1,316
0.471,0.471,24.244,16.244,24,16,19.2604,20,1,316
0.9635,0.9635,19.5445,14.5445,19,14,19.2604,17,1,316
0.9085,0.9085,19.8655,15.8655,19,15,19.2604,18,1,316
0.8695,0.8695,21.0845,15.0845,21,15,19.2604,18,1,316
0.689,0.689,21.2965,15.2965,21,15,19.2604,18,1,316
0.6245,0.6245,23.101,15.101,23,15,19.2604,19,1,316
0.275,0.275,22.691,17.691,21,16,19.2604,20,1,316
0.521,0.521,21.593,15.593,20,14,19.2604,19,1,316
0.5775,0.5775,21.794,15.794,21,15,19.2604,19,1,316
0.653,0.653,22.101,16.101,22,16,19.2604,19,1,316
0.858,0.858,21.143,15.143,21,15,19.2604,18,1,316
0.072,0.072,26.3475,17.3475,25,16,19.2604,22,1,316
0.446,0.446,24.21,16.21,24,16,19.2604,20,1,316
0.965,0.965,19.314,14.314,19,14,19.2604,17,1,316
0.2515,0.2515,22.6995,17.6995,21,16,19.2604,20,1,316
0.391,0.391,24.828,15.828,24,15,19.2604,20,1,316
0.184,0.184,25.5955,16.5955,25,16,19.2604,21,1,316
0.012,0.012,28.0435,20.0435,27,19,19.2604,24,1,316
0.6415,0.6415,23.1895,15.1895,23,15,19.2604,19,1,316
0.129,0.129,23.0105,18.0105,22,17,19.2604,21,1,316
1,1,17.3445,15.3445,17,15,19.2604,17,1,316
0.4935,0.4935,22.437,15.437,22,15,19.2604,19,1,316
0.527,0.527,21.583,16.583,21,16,19.2604,19,1,316
0.406,0.406,23.095,17.095,22,16,19.2604,20,1,316
0.392,0.392,23.1095,17.1095,22,16,19.2604,20,1,316
0.5585,0.5585,22.6925,15.6925,22,15,19.2604,19,1,316
0.516,0.516,21.561,16.561,21,16,19.2604,19,1,316
0.392,0.392,23.9435,15.9435,24,16,19.2604,20,1,316
0.098,0.098,24.3845,17.3845,23,16,19.2604,21,1,316
0.317,0.317,22.8075,16.8075,22,16,19.2604,20,1,316
1,1,19.2485,16.2485,19,16,19.2604,18,1,316
0.1515,0.1515,27.09,18.09,27,18,19.2604,22,1,316
0.492,0.492,23.3905,15.3905,23,15,19.2604,19,1,316
0.651,0.651,23.152,15.152,23,15,19.2604,19,1,316
0.032,0.032,24.7005,18.7005,23,17,19.2604,22,1,316
0.31,0.31,22.777,16.777,22,16,19.2604,20,1,316
0.492,0.492,23.4105,15.4105,23,15,19.2604,19,1,316
0.1625,0.1625,24.076,18.076,23,17,19.2604,21,1,316
0.1785,0.1785,26.2675,16.2675,26,16,19.2604,21,1,316
0.21,0.21,25.7655,16.7655,25,16,19.2604,21,1,316
0.81,0.81,20.812,14.812,20,14,19.2604,18,1,316
0.0885,0.0885,23.631,18.631,22,17,19.2604,21,1,316
0.0575,0.0575,27.6425,18.6425,27,18,19.2604,23,1,316
0.3295,0.3295,22.7635,16.7635,22,16,19.2604,20,1,316
0.1255,0.1255,26.2285,18.2285,25,17,19.2604,22,1,316
0.955,0.955,19.282,15.282,19,15,19.2604,17,1,316
0.816,0.816,19.4185,15.4185,19,15,19.2604,18,1,316
0.8205,0.8205,19.419,15.419,19,15,19.2604,18,1,316
0.4715,0.4715,21.401,16.401,21,16,19.2604,19,1,316
0.083,0.083,25.8075,18.8075,25,18,19.2604,22,1,316
0.792,0.792,20.659,15.659,19,14,19.2604,18,1,316
0.175,0.175,24.1045,18.1045,23,17,19.2604,21,1,316
0.109,0.109,23.68,17.68,23,17,19.2604,21,1,316
0.3705,0.3705,23.0915,17.0915,22,16,19.2604,20,1,316
0.1385,0.1385,23.7945,17.7945,22,16,19.2604,21,1,316
0.6225,0.6225,22.046,16.046,22,16,19.2604,19,1,316
0.4005,0.4005,23.999,15.999,24,16,19.2604,20,1,316
0.4655,0.4655,25.189,16.189,25,16,19.2604,20,1,316
0.473,0.473,23.2685,15.2685,23,15,19.2604,19,1,316
0.0195,0.0195,24.5765,19.5765,23,18,19.2604,22,1,316
0.418,0.418,23.9855,15.9855,24,16,19.2604,20,1,316
0.8785,0.8785,21.147,15.147,21,15,19.2604,18,1,316
0.794,0.794,22.149,14.149,22,14,19.2604,18,1,316
0.499,0.499,21.525,16.525,21,16,19.2604,19,1,316
0.195,0.195,24.705,16.705,24,16,19.2604,21,1,316
0.0795,0.0795,23.668,18.668,22,17,19.2604,21,1,316
0.1875,0.1875,23.9755,17.9755,23,17,19.2604,21,1,316
0.8025,0.8025,20.7595,14.7595,20,14,19.2604,18,1,316
0.4435,0.4435,24.077,16.077,24,16,19.2604,20,1,316
0.2925,0.2925,22.6445,16.6445,22,16,19.2604,20,1,316
0.897,0.897,20.2275,15.2275,19,14,19.2604,18,1,316
0.103,0.103,23.6745,17.6745,22,16,19.2604,21,1,316
0.075,0.075,26.34,17.34,26,17,19.2604,22,1,316
0.279,0.279,26.0505,16.0505,26,16,19.2604,21,1,316
0.0275,0.0275,25.3175,18.3175,24,17,19.2604,22,1,316
1,1,18.885,14.885,18,14,19.2604,17,1,316
0.9255,0.9255,20.0265,16.0265,19,15,19.2604,18,1,316
0.8,0.8,20.504,15.504,20,15,19.2604,18,1,316
0.5035,0.5035,21.5525,16.5525,21,16,19.2604,19,1,316
0.663,0.663,22.1365,16.1365,21,15,19.2604,19,1,316
0.528,0.528,21.6045,16.6045,21,16,19.2604,19,1,316
0.3525,0.3525,23.797,16.797,23,16,19.2604,20,1,316
0.6215,0.6215,23.0655,15.0655,23,15,19.2604,19,1,316
0.582,0.582,21.759,15.759,21,15,19.2604,19,1,316
0.04,0.04,24.692,18.692,24,18,19.2604,22,1,316
0.5255,0.5255,22.591,15.591,22,15,19.2604,19,1,316
0.947,0.947,19.707,14.707,19,14,19.2604,17,1,316
0.1355,0.1355,23.054,18.054,22,17,19.2604,21,1,316
0.548,0.548,21.695,15.695,21,15,19.2604,19,1,316
0.6585,0.6585,23.2505,15.2505,23,15,19.2604,19,1,316
0.301,0.301,23.4825,16.4825,23,16,19.2604,20,1,316
0.1245,0.1245,26.9735,17.9735,27,18,19.2604,22,1,316
0.686,0.686,21.21,16.21,20,15,19.2604,19,1,316
0.714,0.714,21.394,14.394,21,14,19.2604,18,1,316
0.619,0.619,20.9425,15.9425,20,15,19.2604,19,1,316
0.2825,0.2825,22.6915,16.6915,22,16,19.2604,20,1,316
0.838,0.838,21.198,15.198,21,15,19.2604,18,1,316
0.2,0.2,25.696,16.696,25,16,19.2604,21,1,316
0.5435,0.5435,19.739,16.739,19,16,19.2604,19,1,316
0.066,0.066,25.658,18.658,25,18,19.2604,22,1,316
1,1,18.416,15.416,18,15,19.2604,17,1,316
0.2465,0.2465,22.57,17.57,21,16,19.2604,20,1,316
0.997,0.997,18.58,13.58,18,13,19.2604,16,1,316
0.885,0.885,20.0345,15.0345,19,14,19.2604,18,1,316
0.659,0.659,22.088,16.088,22,16,19.2604,19,1,316
0.6885,0.6885,21.2955,15.2955,21,15,19.2604,18,1,316
1,1,17.7905,13.7905,17,13,19.2604,16,1,316
0.8995,0.8995,20.174,15.174,19,14,19.2604,18,1,316
0.6235,0.6235,20.9765,15.9765,20,15,19.2604,19,1,316
0.5485,0.5485,22.67,15.67,22,15,19.2604,19,1,316
0.0235,0.0235,26.5795,19.5795,26,19,19.2604,23,1,316
0.393,0.393,23.9235,15.9235,24,16,19.2604,20,1,316
0.362,0.362,23.045,17.045,22,16,19.2604,20,1,316
0.469,0.469,24.2105,16.2105,24,16,19.2604,20,1,316
0.224,0.224,22.4965,17.4965,22,17,19.2604,20,1,316
0.086,0.086,23.6445,18.6445,22,17,19.2604,21,1,316
0.176,0.176,24.05,18.05,23,17,19.2604,21,1,316
0.2365,0.2365,22.543,17.543,22,17,19.2604,20,1,316
0.338,0.338,22.009,17.009,21,16,19.2604,20,1,316
0.422,0.422,21.293,17.293,21,17,19.2604,19,1,316
0.335,0.335,23.6215,16.6215,23,16,19.2604,20,1,316
0.0275,0.0275,25.3505,18.3505,24,17,19.2604,22,1,316
0.626,0.626,22.0925,16.0925,22,16,19.2604,19,1,316
0.5205,0.5205,21.61,16.61,21,16,19.2604,19,1,316
0.3675,0.3675,22.091,17.091,21,16,19.2604,20,1,316
0.178,0.178,24.636,17.636,24,17,19.2604,21,1,316
0.3505,0.3505,22.0445,17.0445,21,16,19.2604,20,1,316
0.8275,0.8275,20.8755,14.8755,20,14,19.2604,18,1,316
0.449,0.449,24.1495,16.1495,24,16,19.2604,20,1,316
0.3685,0.3685,22.9505,16.9505,22,16,19.2604,20,1,316
0.4725,0.4725,22.3105,15.3105,22,15,19.2604,19,1,316
0.6205,0.6205,20.9035,16.9035,20,16,19.2604,19,1,316
0.564,0.564,21.74,15.74,21,15,19.2604,19,1,316
0.9535,0.9535,19.6505,14.6505,19,14,19.2604,17,1,316
0.8285,0.8285,21.138,15.138,21,15,19.2604,18,1,316
0.875,0.875,21.146,15.146,21,15,19.2604,18,1,316
0.097,0.097,23.6625,17.6625,22,16,19.2604,21,1,316
0.322,0.322,26.239,16.239,26,16,19.2604,21,1,316
0.0745,0.0745,25.6245,18.6245,25,18,19.2604,22,1,316
0.6915,0.6915,21.198,16.198,20,15,19.2604,19,1,316
0.447,0.447,24.149,16.149,24,16,19.2604,20,1,316
1,1,18.3045,15.3045,18,15,19.2604,17,1,316
0.6575,0.6575,22.091,16.091,21,15,19.2604,19,1,316
0.2545,0.2545,22.673,17.673,21,16,19.2604,20,1,316
1,1,17.2615,14.2615,17,14,19.2604,16,1,316
0.4285,0.4285,24.107,16.107,24,16,19.2604,20,1,316
0.7625,0.7625,20.3175,15.3175,20,15,19.2604,18,1,316
0.026,0.026,25.3495,18.3495,24,17,19.2604,22,1,316
0.3675,0.3675,23.777,15.777,23,15,19.2604,20,1,316
0.958,0.958,19.3105,15.3105,19,15,19.2604,17,1,316
0.9555,0.9555,19.6255,14.6255,19,14,19.2604,17,1,316
0.0975,0.0975,24.4005,17.4005,23,16,19.2604,21,1,316
0.867,0.867,21.1345,15.1345,21,15,19.2604,18,1,316
0.1185,0.1185,22.964,17.964,22,17,19.2604,21,1,316
1,1,18.688,16.688,18,16,19.2604,18,1,316
0.63,0.63,23.1225,15.1225,23,15,19.2604,19,1,316
0.6355,0.6355,23.0955,15.0955,23,15,19.2604,19,1,316
0.091,0.091,27.295,17.295,27,17,19.2604,22,1,316
0.795,0.795,20.578,15.578,20,15,19.2604,18,1,316
0.703,0.703,21.3815,15.3815,21,15,19.2604,18,1,316
0.3905,0.3905,22.1675,17.1675,21,16,19.2604,20,1,316
0.004,0.004,26.957,20.957,25,19,19.2604,24,1,316
0.343,0.343,24.526,16.526,24,16,19.2604,20,1,316
1,1,17.721,14.721,17,14,19.2604,16,1,316
0.2595,0.2595,22.6405,17.6405,21,16,19.2604,20,1,316
0.0975,0.0975,24.3385,17.3385,23,16,19.2604,21,1,316
1,1,18.363,15.363,18,15,19.2604,17,1,316
0.484,0.484,23.357,15.357,23,15,19.2604,19,1,316
0.0995,0.0995,25.929,17.929,26,18,19.2604,22,1,316
0.268,0.268,21.8315,17.8315,21,17,19.2604,20,1,316
0.961,0.961,19.67,14.67,19,14,19.2604,17,1,316
0.43,0.43,24.0375,16.0375,24,16,19.2604,20,1,316
0.308,0.308,24.4875,16.4875,24,16,19.2604,20,1,316
1,1,18.792,14.792,18,14,19.2604,17,1,316
0.9975,0.9975,18.6575,13.6575,18,13,19.2604,16,1,316
0.304,0.304,24.3625,16.3625,24,16,19.2604,20,1,316
0.845,0.845,21.2065,15.2065,21,15,19.2604,18,1,316
0.598,0.598,23.0195,15.0195,23,15,19.2604,19,1,316
0.646,0.646,22.0995,16.0995,21,15,19.2604,19,1,316
0.11,0.11,23.7495,17.7495,22,16,19.2604,21,1,316
0.801,0.801,20.7465,14.7465,20,14,19.2604,18,1,316
0.6285,0.6285,22.047,16.047,22,16,19.2604,19,1,316
0.312,0.312,22.7365,16.7365,22,16,19.2604,20,1,316
0.7865,0.7865,20.5565,15.5565,20,15,19.2604,18,1,316
0.9115,0.9115,19.819,15.819,19,15,19.2604,18,1,316
0.12,0.12,26.802,17.802,26,17,19.2604,22,1,316
0.2785,0.2785,22.7325,16.7325,21,15,19.2604,20,1,316
0.0605,0.0605,25.5135,18.5135,25,18,19.2604,22,1,316
0.7795,0.7795,20.521,15.521,20,15,19.2604,18,1,316
0.258,0.258,25.991,16.991,26,17,19.2604,21,1,316
0.1365,0.1365,24.6775,17.6775,24,17,19.2604,21,1,316
0.805,0.805,22.167,14.167,22,14,19.2604,18,1,316
0.905,0.905,19.8135,15.8135,19,15,19.2604,18,1,316
1,1,15.7185,13.7185,15,13,19.2604,15,1,316
0.9055,0.9055,20.306,14.306,20,14,19.2604,17,1,316
0.318,0.318,23.6135,16.6135,23,16,19.2604,20,1,316
0.977,0.977,18.6555,14.6555,18,14,19.2604,17,1,316
0.92,0.92,19.9665,15.9665,19,15,19.2604,18,1,316
0.014,0.014,25.8385,19.8385,24,18,19.2604,23,1,316
0.3005,0.3005,23.546,16.546,23,16,19.2604,20,1,316
0.5975,0.5975,22.977,14.977,22,14,19.2604,19,1,316
1,1,18.8945,14.8945,18,14,19.2604,17,1,316
0.794,0.794,20.583,15.583,20,15,19.2604,18,1,316
0.0535,0.0535,25.5605,18.5605,25,18,19.2604,22,1,316
0.5745,0.5745,22.8125,14.8125,23,15,19.2604,19,1,316
0.9775,0.9775,18.4085,13.4085,18,13,19.2604,16,1,316
0.338,0.338,21.992,16.992,21,16,19.2604,20,1,316
0.796,0.796,22.172,14.172,22,14,19.2604,18,1,316
0.3065,0.3065,26.163,16.163,26,16,19.2604,21,1,316
0.111,0.111,23.723,17.723,22,16,19.2604,21,1,316
0.9965,0.9965,18.5,13.5,18,13,19.2604,16,1,316
0.188,0.188,25.6355,16.6355,25,16,19.2604,21,1,316
0.63,0.63,20.949,16.949,20,16,19.2604,19,1,316
0.4065,0.4065,24.0675,17.0675,24,17,19.2604,20,1,316
0.1005,0.1005,24.313,17.313,23,16,19.2604,21,1,316
0.653,0.653,22.109,16.109,22,16,19.2604,19,1,316
0.981,0.981,18.694,14.694,18,14,19.2604,17,1,316
0.4025,0.4025,21.271,17.271,21,17,19.2604,19,1,316
0.0625,0.0625,26.2885,18.2885,25,17,19.2604,22,1,316
0.26,0.26,23.3945,16.3945,22,15,19.2604,20,1,316
0.644,0.644,20.985,15.985,20,15,19.2604,19,1,316
0.815,0.815,19.324,16.324,19,16,19.2604,18,1,316
0.3625,0.3625,23.777,16.777,23,16,19.2604,20,1,316
0.0545,0.0545,27.149,19.149,26,18,19.2604,23,1,316
0.387,0.387,23.902,15.902,24,16,19.2604,20,1,316
0.748,0.748,20.4215,15.4215,20,15,19.2604,18,1,316
0.043,0.043,24.751,18.751,23,17,19.2604,22,1,316
0.5655,0.5655,22.8125,14.8125,22,14,19.2604,19,1,316
0.8105,0.8105,19.347,16.347,19,16,19.2604,18,1,316
0.429,0.429,21.309,16.309,21,16,19.2604,19,1,316
0.286,0.286,26.066,16.066,26,16,19.2604,21,1,316
0.6725,0.6725,22.2145,16.2145,22,16,19.2604,19,1,316
0.767,0.767,20.378,15.378,20,15,19.2604,18,1,316
0.1605,0.1605,24.0575,18.0575,23,17,19.2604,21,1,316
0.3195,0.3195,22.808,16.808,22,16,19.2604,20,1,316
0.432,0.432,24.085,16.085,24,16,19.2604,20,1,316
0.302,0.302,22.762,16.762,22,16,19.2604,20,1,316
0.423,0.423,24.9485,15.9485,25,16,19.2604,20,1,316
0.6665,0.6665,21.11,16.11,20,15,19.2604,19,1,316
0.659,0.659,22.167,15.167,22,15,19.2604,19,1,316
0.6415,0.6415,21.0245,16.0245,20,15,19.2604,19,1,316
0.767,0.767,20.516,15.516,20,15,19.2604,18,1,316
0.2175,0.2175,24.1295,17.1295,23,16,19.2604,21,1,316
0.1325,0.1325,26.9495,17.9495,26,17,19.2604,22,1,316
0.868,0.868,21.1465,15.1465,21,15,19.2604,18,1,316
0.456,0.456,22.284,15.284,22,15,19.2604,19,1,316
0.161,0.161,24.071,18.071,23,17,19.2604,21,1,316
0.087,0.087,25.718,17.718,25,17,19.2604,22,1,316
0.4575,0.4575,21.3995,16.3995,21,16,19.2604,19,1,316
0.7085,0.7085,21.266,15.266,21,15,19.2604,18,1,316
0.852,0.852,21.1485,15.1485,20,14,19.2604,18,1,316
0.6815,0.6815,22.132,16.132,21,15,19.2604,19,1,316
0.632,0.632,20.9285,16.9285,20,16,19.2604,19,1,316
0.9575,0.9575,19.3235,14.3235,19,14,19.2604,17,1,316
0.9595,0.9595,19.628,14.628,19,14,19.2604,17,1,316
0.125,0.125,23.689,17.689,23,17,19.2604,21,1,316
0.5305,0.5305,21.6055,16.6055,21,16,19.2604,19,1,316
0.225,0.225,23.2835,16.2835,22,15,19.2604,20,1,316
0.0695,0.0695,22.685,18.685,21,17,19.2604,21,1,316
0.8645,0.8645,21.1375,15.1375,21,15,19.2604,18,1,316
0.684,0.684,21.31,15.31,21,15,19.2604,18,1,316
0.022,0.022,24.686,19.686,23,18,19.2604,22,1,316
0.401,0.401,23.9835,15.9835,24,16,19.2604,20,1,316
0.491,0.491,21.5215,16.5215,21,16,19.2604,19,1,316
0.134,0.134,24.546,17.546,24,17,19.2604,21,1,316
0.344,0.344,22.8105,16.8105,22,16,19.2604,20,1,316
0.4915,0.4915,21.495,16.495,21,16,19.2604,19,1,316
0.493,0.493,21.512,16.512,21,16,19.2604,19,1,316
0.911,0.911,19.8745,15.8745,19,15,19.2604,18,1,316
0.85,0.85,21.235,15.235,21,15,19.2604,18,1,316
0.186,0.186,25.5795,16.5795,25,16,19.2604,21,1,316
0.075,0.075,25.684,18.684,24,17,19.2604,22,1,316
0.433,0.433,23.218,16.218,23,16,19.2604,20,1,316
0.3715,0.3715,23.0725,17.0725,22,16,19.2604,20,1,316
0.6805,0.6805,22.15,16.15,21,15,19.2604,19,1,316
0.62,0.62,23.04,16.04,23,16,19.2604,19,1,316
0.065,0.065,24.9635,18.9635,23,17,19.2604,22,1,316
0.3155,0.3155,21.898,17.898,21,17,19.2604,20,1,316
0.343,0.343,21.993,16.993,21,16,19.2604,20,1,316
0.4545,0.4545,24.152,16.152,24,16,19.2604,20,1,316
1,1,17.773,13.773,17,13,19.2604,16,1,316
0.8445,0.8445,19.6185,15.6185,19,15,19.2604,18,1,316
0.309,0.309,23.575,16.575,23,16,19.2604,20,1,316
0.306,0.306,22.6135,16.6135,21,15,19.2604,20,1,316
0.4825,0.4825,21.43,16.43,21,16,19.2604,19,1,316
0.3205,0.3205,21.9525,16.9525,21,16,19.2604,20,1,316
0.63,0.63,20.944,16.944,20,16,19.2604,19,1,316
0.974,0.974,19.6295,14.6295,19,14,19.2604,17,1,316
1,1,17.8095,13.8095,17,13,19.2604,16,1,316
0.2475,0.2475,26.003,17.003,26,17,19.2604,21,1,316
0.8915,0.8915,19.998,15.998,19,15,19.2604,18,1,316
0.288,0.288,25.222,17.222,25,17,19.2604,21,1,316
0.0875,0.0875,24.361,17.361,23,16,19.2604,21,1,316
0.356,0.356,23.821,16.821,23,16,19.2604,20,1,316
0.865,0.865,19.94,15.94,19,15,19.2604,18,1,316
0.07,0.07,23.5345,18.5345,22,17,19.2604,21,1,316
0.6555,0.6555,23.2235,15.2235,23,15,19.2604,19,1,316
0.162,0.162,24.0085,18.0085,23,17,19.2604,21,1,316
0.612,0.612,22.958,14.958,22,14,19.2604,19,1,316
0.3055,0.3055,22.7085,16.7085,22,16,19.2604,20,1,316
0.086,0.086,23.5875,18.5875,22,17,19.2604,21,1,316
0.082,0.082,28.0705,18.0705,28,18,19.2604,23,1,316
0.644,0.644,22.182,15.182,22,15,19.2604,19,1,316
1,1,18.889,14.889,18,14,19.2604,17,1,316
0.4135,0.4135,23.0845,17.0845,23,17,19.2604,20,1,316
1,1,17.1565,14.1565,17,14,19.2604,16,1,316
0.0235,0.0235,26.5275,19.5275,25,18,19.2604,23,1,316
0.363,0.363,23.048,17.048,22,16,19.2604,20,1,316
0.6195,0.6195,20.9265,15.9265,20,15,19.2604,19,1,316
0.1155,0.1155,29.052,18.052,29,18,19.2604,23,1,316
0.5985,0.5985,20.882,16.882,20,16,19.2604,19,1,316
1,1,18.5295,14.5295,18,14,19.2604,17,1,316
0.446,0.446,24.112,16.112,24,16,19.2604,20,1,316
0.2905,0.2905,22.7025,16.7025,22,16,19.2604,20,1,316
1,1,16.2675,13.2675,16,13,19.2604,15,1,316
0.811,0.811,20.786,14.786,20,14,19.2604,18,1,316
0.411,0.411,23.987,15.987,24,16,19.2604,20,1,316
0.4165,0.4165,23.1165,17.1165,23,17,19.2604,20,1,316
0.5125,0.5125,22.548,15.548,22,15,19.2604,19,1,316
0.629,0.629,22.0485,16.0485,21,15,19.2604,19,1,316
0.646,0.646,22.0775,16.0775,21,15,19.2604,19,1,316
0.43,0.43,24.074,16.074,24,16,19.2604,20,1,316
0.796,0.796,20.5875,15.5875,20,15,19.2604,18,1,316
0.8125,0.8125,19.3735,16.3735,19,16,19.2604,18,1,316
0.3365,0.3365,22.029,17.029,21,16,19.2604,20,1,316
0.349,0.349,23.7365,16.7365,23,16,19.2604,20,1,316
0.306,0.306,24.292,15.292,24,15,19.2604,20,1,316
1,1,18.9515,14.9515,18,14,19.2604,17,1,316
0.1325,0.1325,24.569,17.569,24,17,19.2604,21,1,316
0.68,0.68,21.2785,15.2785,21,15,19.2604,18,1,316
1,1,19.2285,16.2285,19,16,19.2604,18,1,316
0.18,0.18,24.812,17.812,24,17,19.2604,21,1,316
0.371,0.371,22.983,16.983,22,16,19.2604,20,1,316
0.5395,0.5395,22.662,15.662,22,15,19.2604,19,1,316
0.0875,0.0875,23.6825,18.6825,22,17,19.2604,21,1,316
0.841,0.841,21.2445,15.2445,21,15,19.2604,18,1,316
0.4055,0.4055,23.0965,17.0965,23,17,19.2604,20,1,316
0.47,0.47,23.2925,15.2925,23,15,19.2604,19,1,316
0.22,0.22,22.6385,17.6385,21,16,19.2604,20,1,316
0.035,0.035,25.3925,18.3925,24,17,19.2604,22,1,316
0.8365,0.8365,20.8895,14.8895,20,14,19.2604,18,1,316
0.6255,0.6255,22.0285,16.0285,22,16,19.2604,19,1,316
0.5785,0.5785,20.73,16.73,20,16,19.2604,19,1,316
1,1,18.9005,14.9005,18,14,19.2604,17,1,316
0.259,0.259,22.6625,17.6625,21,16,19.2604,20,1,316
0.282,0.282,26.056,16.056,26,16,19.2604,21,1,316
0.4625,0.4625,25.189,15.189,25,15,19.2604,20,1,316
0.328,0.328,23.628,16.628,23,16,19.2604,20,1,316
0.0815,0.0815,24.396,18.396,23,17,19.2604,21,1,316
0.4905,0.4905,23.3785,15.3785,23,15,19.2604,19,1,316
0.0945,0.0945,23.638,18.638,22,17,19.2604,21,1,316
0.3865,0.3865,23.1015,17.1015,22,16,19.2604,20,1,316
0.918,0.918,19.524,14.524,19,14,19.2604,17,1,316
0.804,0.804,20.5995,15.5995,20,15,19.2604,18,1,316
0.4965,0.4965,21.533,16.533,21,16,19.2604,19,1,316
0.3625,0.3625,23.812,16.812,23,16,19.2604,20,1,316
0.3105,0.3105,23.622,16.622,23,16,19.2604,20,1,316
0.3185,0.3185,22.7745,16.7745,22,16,19.2604,20,1,316
0.548,0.548,22.666,15.666,22,15,19.2604,19,1,316
0.074,0.074,23.5735,18.5735,22,17,19.2604,21,1,316
0.5955,0.5955,21.9465,15.9465,21,15,19.2604,19,1,316
0.5705,0.5705,21.729,15.729,21,15,19.2604,19,1,316
1,1,18.814,14.814,18,14,19.2604,17,1,316
0.3785,0.3785,23.913,16.913,24,17,19.2604,20,1,316
0.757,0.757,20.292,16.292,20,16,19.2604,18,1,316
0.716,0.716,20.3075,15.3075,20,15,19.2604,18,1,316
1,1,18.219,15.219,18,15,19.2604,17,1,316
0.165,0.165,23.9215,17.9215,23,17,19.2604,21,1,316
0.325,0.325,21.941,16.941,21,16,19.2604,20,1,316
0.7805,0.7805,20.524,15.524,20,15,19.2604,18,1,316
0.941,0.941,19.573,14.573,19,14,19.2604,17,1,316
0.672,0.672,22.169,16.169,22,16,19.2604,19,1,316
1,1,17.309,14.309,17,14,19.2604,16,1,316
0.2,0.2,24.0625,18.0625,24,18,19.2604,21,1,316
0.3085,0.3085,21.965,17.965,21,17,19.2604,20,1,316
0.904,0.904,19.7755,15.7755,19,15,19.2604,18,1,316
0.138,0.138,27.0135,18.0135,26,17,19.2604,22,1,316
0.0435,0.0435,25.592,18.592,24,17,19.2604,22,1,316
0.3075,0.3075,26.209,16.209,26,16,19.2604,21,1,316
0.8525,0.8525,21.253,15.253,21,15,19.2604,18,1,316
0.227,0.227,25.8005,16.8005,25,16,19.2604,21,1,316
1,1,18.877,14.877,18,14,19.2604,17,1,316
0.4945,0.4945,22.46,15.46,22,15,19.2604,19,1,316
0.125,0.125,23.791,17.791,22,16,19.2604,21,1,316
0.107,0.107,24.3905,17.3905,23,16,19.2604,21,1,316
0.8865,0.8865,21.221,15.221,21,15,19.2604,18,1,316
0.1415,0.1415,24.616,17.616,24,17,19.2604,21,1,316
0.345,0.345,22.011,17.011,21,16,19.2604,20,1,316
0.4265,0.4265,23.1535,17.1535,23,17,19.2604,20,1,316
0.098,0.098,24.3815,17.3815,23,16,19.2604,21,1,316
0.3525,0.3525,22.0435,17.0435,21,16,19.2604,20,1,316
1,1,17.157,14.157,17,14,19.2604,16,1,316
0.801,0.801,22.1305,14.1305,22,14,19.2604,18,1,316
0.8555,0.8555,20.3305,14.3305,20,14,19.2604,17,1,316
0.3365,0.3365,23.675,16.675,23,16,19.2604,20,1,316
0.9615,0.9615,19.65,14.65,19,14,19.2604,17,1,316
0.8945,0.8945,19.739,15.739,19,15,19.2604,18,1,316
0.49,0.49,22.4145,16.4145,22,16,19.2604,19,1,316
0.584,0.584,21.8135,15.8135,21,15,19.2604,19,1,316
0.6325,0.6325,20.9,16.9,20,16,19.2604,19,1,316
0.6,0.6,21.929,15.929,21,15,19.2604,19,1,316
0.914,0.914,19.896,15.896,19,15,19.2604,18,1,316
0.3715,0.3715,23.0795,17.0795,22,16,19.2604,20,1,316
0.4215,0.4215,24.057,16.057,24,16,19.2604,20,1,316
0.4305,0.4305,24.0675,16.0675,24,16,19.2604,20,1,316
0.6755,0.6755,21.288,15.288,21,15,19.2604,18,1,316
0.6845,0.6845,21.1025,17.1025,20,16,19.2604,19,1,316
0.3025,0.3025,21.892,17.892,21,17,19.2604,20,1,316
0.922,0.922,20.1,15.1,19,14,19.2604,18,1,316
0.6555,0.6555,22.055,16.055,22,16,19.2604,19,1,316
0.5385,0.5385,22.66,15.66,22,15,19.2604,19,1,316
0.3055,0.3055,23.6525,16.6525,23,16,19.2604,20,1,316
1,1,18.77,14.77,18,14,19.2604,17,1,316
0.1165,0.1165,26.897,17.897,26,17,19.2604,22,1,316
0.313,0.313,23.616,16.616,23,16,19.2604,20,1,316
0.7835,0.7835,20.563,15.563,20,15,19.2604,18,1,316
0.097,0.097,22.968,18.968,22,18,19.2604,21,1,316
0.4015,0.4015,23.1025,17.1025,23,17,19.2604,20,1,316
0.19,0.19,25.4435,16.4435,25,16,19.2604,21,1,316
0.3395,0.3395,22.0115,17.0115,21,16,19.2604,20,1,316
0.369,0.369,24.615,15.615,24,15,19.2604,20,1,316
0.2735,0.2735,26.005,16.005,26,16,19.2604,21,1,316
0.2755,0.2755,25.187,17.187,25,17,19.2604,21,1,316
0.09,0.09,23.636,18.636,22,17,19.2604,21,1,316
0.2595,0.2595,23.2875,16.2875,23,16,19.2604,20,1,316
1,1,18.463,14.463,18,14,19.2604,17,1,316
1,1,18.292,15.292,18,15,19.2604,17,1,316
0.552,0.552,21.7325,15.7325,21,15,19.2604,19,1,316
0.4575,0.4575,24.21,16.21,24,16,19.2604,20,1,316
0.11,0.11,26.218,18.218,25,17,19.2604,22,1,316
0.8075,0.8075,20.786,14.786,20,14,19.2604,18,1,316
0.4495,0.4495,20.4665,16.4665,20,16,19.2604,19,1,316
0.6455,0.6455,20.99,16.99,20,16,19.2604,19,1,316
0.1875,0.1875,23.994,17.994,23,17,19.2604,21,1,316
0.068,0.068,24.904,18.904,24,18,19.2604,22,1,316
0.117,0.117,26.1815,18.1815,25,17,19.2604,22,1,316
0.887,0.887,19.991,15.991,19,15,19.2604,18,1,316
0.0585,0.0585,25.44,18.44,24,17,19.2604,22,1,316
0.1445,0.1445,23.8575,17.8575,22,16,19.2604,21,1,316
0.624,0.624,23.0265,16.0265,23,16,19.2604,19,1,316
0.189,0.189,24.0575,18.0575,23,17,19.2604,21,1,316
0.0675,0.0675,25.5435,18.5435,25,18,19.2604,22,1,316
0.1525,0.1525,23.083,18.083,22,17,19.2604,21,1,316
0.253,0.253,22.4215,16.4215,21,15,19.2604,20,1,316
0.3225,0.3225,23.5665,16.5665,23,16,19.2604,20,1,316
0.112,0.112,28.9405,17.9405,29,18,19.2604,23,1,316
0.2505,0.2505,22.6465,17.6465,21,16,19.2604,20,1,316
0.615,0.615,20.858,16.858,20,16,19.2604,19,1,316
0.342,0.342,22.079,17.079,21,16,19.2604,20,1,316
0.655,0.655,21.0425,16.0425,20,15,19.2604,19,1,316
0.0335,0.0335,26.158,19.158,25,18,19.2604,23,1,316
0.563,0.563,22.7765,15.7765,22,15,19.2604,19,1,316
0.6615,0.6615,22.1695,15.1695,22,15,19.2604,19,1,316
0.672,0.672,21.313,14.313,21,14,19.2604,18,1,316
0.243,0.243,21.793,17.793,21,17,19.2604,20,1,316
0.969,0.969,20.205,14.205,20,14,19.2604,17,1,316
0.096,0.096,24.3,18.3,23,17,19.2604,21,1,316
0.961,0.961,19.3215,15.3215,19,15,19.2604,17,1,316
0.497,0.497,23.429,15.429,23,15,19.2604,19,1,316
0.403,0.403,23.1735,16.1735,22,15,19.2604,20,1,316
0.6295,0.6295,23.044,16.044,23,16,19.2604,19,1,316
0.5825,0.5825,21.8365,15.8365,21,15,19.2604,19,1,316
1,1,18.789,14.789,18,14,19.2604,17,1,316
0.4165,0.4165,23.1405,17.1405,23,17,19.2604,20,1,316
0.6855,0.6855,22.1375,16.1375,21,15,19.2604,19,1,316
0.0305,0.0305,24.044,19.044,23,18,19.2604,22,1,316
0.392,0.392,23.036,17.036,23,17,19.2604,20,1,316
0.092,0.092,25.9515,17.9515,26,18,19.2604,22,1,316
0.3765,0.3765,23.0185,17.0185,23,17,19.2604,20,1,316
0.3805,0.3805,23.0165,17.0165,22,16,19.2604,20,1,316
0.1265,0.1265,26.102,18.102,26,18,19.2604,22,1,316
0.3265,0.3265,21.9615,17.9615,21,17,19.2604,20,1,316
0.6135,0.6135,20.847,16.847,20,16,19.2604,19,1,316
0.9185,0.9185,19.9975,15.9975,19,15,19.2604,18,1,316
0.5915,0.5915,21.8395,15.8395,21,15,19.2604,19,1,316
0.1185,0.1185,26.731,17.731,26,17,19.2604,22,1,316
0.28,0.28,22.6595,16.6595,22,16,19.2604,20,1,316
0.81,0.81,20.5465,15.5465,20,15,19.2604,18,1,316
0.0195,0.0195,26.53,19.53,26,19,19.2604,23,1,316
0.9135,0.9135,19.881,15.881,19,15,19.2604,18,1,316
0.1685,0.1685,27.8905,16.8905,28,17,19.2604,22,1,316
0.6665,0.6665,22.123,16.123,22,16,19.2604,19,1,316
0.1705,0.1705,25.2835,16.2835,25,16,19.2604,21,1,316
0.231,0.231,24.2485,17.2485,23,16,19.2604,21,1,316
0.6395,0.6395,20.957,16.957,20,16,19.2604,19,1,316
0.916,0.916,19.8115,15.8115,19,15,19.2604,18,1,316
0.1985,0.1985,25.6765,16.6765,25,16,19.2604,21,1,316
0.5475,0.5475,20.6965,16.6965,19,15,19.2604,19,1,316
0.1785,0.1785,24.731,17.731,24,17,19.2604,21,1,316
0.4935,0.4935,21.5295,16.5295,21,16,19.2604,19,1,316
0.9035,0.9035,20.232,15.232,19,14,19.2604,18,1,316
0.185,0.185,25.619,16.619,25,16,19.2604,21,1,316
0.514,0.514,21.5595,16.5595,21,16,19.2604,19,1,316
0.6485,0.6485,22.1145,16.1145,22,16,19.2604,19,1,316
1,1,18.2235,15.2235,18,15,19.2604,17,1,316
0.7885,0.7885,20.57,15.57,20,15,19.2604,18,1,316
0.0035,0.0035,27.425,20.425,26,19,19.2604,24,1,316
0.913,0.913,19.7535,15.7535,19,15,19.2604,18,1,316
0.662,0.662,22.0895,16.0895,22,16,19.2604,19,1,316
0.9435,0.9435,19.5055,14.5055,19,14,19.2604,17,1,316
0.112,0.112,27.363,17.363,27,17,19.2604,22,1,316
0.3515,0.3515,23.8355,16.8355,23,16,19.2604,20,1,316
0.4085,0.4085,23.088,17.088,23,17,19.2604,20,1,316
1,1,18.872,14.872,18,14,19.2604,17,1,316
0.506,0.506,21.555,16.555,21,16,19.2604,19,1,316
0.4195,0.4195,24.025,16.025,24,16,19.2604,20,1,316
0.887,0.887,20.04,15.04,19,14,19.2604,18,1,316
0.571,0.571,21.833,15.833,21,15,19.2604,19,1,316
0.31,0.31,22.7905,16.7905,22,16,19.2604,20,1,316
0.179,0.179,24.0385,18.0385,22,16,19.2604,21,1,316
1,1,16.8155,12.8155,16,12,19.2604,15,1,316
0.9725,0.9725,20.244,14.244,20,14,19.2604,17,1,316
0.6495,0.6495,22.2935,14.2935,22,14,19.2604,18,1,316
0.784,0.784,20.5415,15.5415,20,15,19.2604,18,1,316
0.4235,0.4235,24.105,16.105,24,16,19.2604,20,1,316
0.1295,0.1295,26.249,18.249,25,17,19.2604,22,1,316
0.299,0.299,23.471,16.471,23,16,19.2604,20,1,316
0.487,0.487,23.412,15.412,23,15,19.2604,19,1,316
0.5765,0.5765,21.806,15.806,21,15,19.2604,19,1,316
0.072,0.072,23.4765,18.4765,23,18,19.2604,21,1,316
0.0405,0.0405,24.0235,19.0235,23,18,19.2604,22,1,316
0.742,0.742,21.5805,14.5805,21,14,19.2604,18,1,316
1,1,15.3165,13.3165,15,13,19.2604,15,1,316
0.119,0.119,24.6115,17.6115,23,16,19.2604,21,1,316
1,1,18.481,14.481,18,14,19.2604,17,1,316
1,1,18.8065,14.8065,18,14,19.2604,17,1,316
0.553,0.553,21.6995,16.6995,20,15,19.2604,19,1,316
0.769,0.769,20.294,16.294,20,16,19.2604,18,1,316
0.037,0.037,27.66,18.66,27,18,19.2604,23,1,316
0.371,0.371,23.8945,15.8945,23,15,19.2604,20,1,316
0.5755,0.5755,20.7765,16.7765,20,16,19.2604,19,1,316
1,1,18.4315,15.4315,18,15,19.2604,17,1,316
0.167,0.167,23.157,18.157,22,17,19.2604,21,1,316
0.659,0.659,22.0985,16.0985,21,15,19.2604,19,1,316
0.3425,0.3425,22.008,17.008,21,16,19.2604,20,1,316
0.753,0.753,20.4505,15.4505,20,15,19.2604,18,1,316
1,1,18.3605,15.3605,18,15,19.2604,17,1,316
0.183,0.183,24.1175,18.1175,23,17,19.2604,21,1,316
0.449,0.449,24.153,15.153,24,15,19.2604,20,1,316
0.3975,0.3975,23.078,17.078,22,16,19.2604,20,1,316
0.783,0.783,20.5935,15.5935,20,15,19.2604,18,1,316
1,1,18.164,15.164,18,15,19.2604,17,1,316
0.026,0.026,25.289,18.289,24,17,19.2604,22,1,316
0.04,0.04,27.5425,18.5425,27,18,19.2604,23,1,316
0.584,0.584,21.828,15.828,21,15,19.2604,19,1,316
0.0215,0.0215,24.6825,19.6825,23,18,19.2604,22,1,316
0.953,0.953,19.292,14.292,19,14,19.2604,17,1,316
0.9155,0.9155,19.885,15.885,19,15,19.2604,18,1,316
0.543,0.543,22.619,15.619,22,15,19.2604,19,1,316
1,1,17.2825,14.2825,17,14,19.2604,16,1,316
0.1775,0.1775,25.3535,16.3535,25,16,19.2604,21,1,316
1,1,16.2025,13.2025,16,13,19.2604,15,1,316
0.2515,0.2515,23.415,16.415,22,15,19.2604,20,1,316
0.237,0.237,22.5315,17.5315,22,17,19.2604,20,1,316
0.2255,0.2255,26.392,16.392,26,16,19.2604,21,1,316
0.841,0.841,21.1725,15.1725,21,15,19.2604,18,1,316
0.211,0.211,22.4715,17.4715,22,17,19.2604,20,1,316
0.6195,0.6195,23.0565,15.0565,23,15,19.2604,19,1,316
0.317,0.317,23.68,16.68,23,16,19.2604,20,1,316
0.9015,0.9015,19.81,15.81,19,15,19.2604,18,1,316
0.8665,0.8665,21.174,15.174,21,15,19.2604,18,1,316
1,1,18.698,15.698,18,15,19.2604,17,1,316
0.0835,0.0835,24.383,18.383,23,17,19.2604,21,1,316
0.5865,0.5865,21.8565,15.8565,21,15,19.2604,19,1,316
0.327,0.327,21.9385,16.9385,21,16,19.2604,20,1,316
1,1,18.778,14.778,18,14,19.2604,17,1,316
0.406,0.406,23.0675,17.0675,22,16,19.2604,20,1,316
0.8835,0.8835,20.001,15.001,19,14,19.2604,18,1,316
0.037,0.037,25.512,18.512,25,18,19.2604,22,1,316
0.773,0.773,20.544,15.544,20,15,19.2604,18,1,316
0.21,0.21,21.6625,17.6625,21,17,19.2604,20,1,316
0.4725,0.4725,24.2585,16.2585,24,16,19.2604,20,1,316
0.086,0.086,24.3605,18.3605,23,17,19.2604,21,1,316
0.974,0.974,19.301,13.301,19,13,19.2604,16,1,316
0.6245,0.6245,23.0735,15.0735,23,15,19.2604,19,1,316
0.9655,0.9655,19.607,14.607,19,14,19.2604,17,1,316
0.173,0.173,23.891,17.891,23,17,19.2604,21,1,316
0.8735,0.8735,19.985,15.985,19,15,19.2604,18,1,316
0.0445,0.0445,24.8315,18.8315,23,17,19.2604,22,1,316
0.7885,0.7885,20.555,15.555,20,15,19.2604,18,1,316
0.4865,0.4865,23.323,14.323,23,14,19.2604,19,1,316
0.062,0.062,25.559,18.559,24,17,19.2604,22,1,316
0.0655,0.0655,27.88,18.88,28,19,19.2604,23,1,316
0.3005,0.3005,24.3545,16.3545,24,16,19.2604,20,1,316
0.877,0.877,21.196,15.196,21,15,19.2604,18,1,316
1,1,17.78,13.78,17,13,19.2604,16,1,316
0.8295,0.8295,19.485,15.485,19,15,19.2604,18,1,316
0.2415,0.2415,22.558,17.558,22,17,19.2604,20,1,316
0.651,0.651,22.163,16.163,22,16,19.2604,19,1,316
0.7845,0.7845,20.52,15.52,20,15,19.2604,18,1,316
0.4985,0.4985,21.526,16.526,21,16,19.2604,19,1,316
0.2755,0.2755,21.8525,17.8525,21,17,19.2604,20,1,316
0.8165,0.8165,21.121,14.121,21,14,19.2604,18,1,316
1,1,18.4595,14.4595,18,14,19.2604,17,1,316
0.132,0.132,26.055,18.055,26,18,19.2604,22,1,316
0.55,0.55,21.729,16.729,20,15,19.2604,19,1,316
0.6405,0.6405,23.121,15.121,23,15,19.2604,19,1,316
0.398,0.398,23.135,17.135,22,16,19.2604,20,1,316
0.9515,0.9515,19.2805,14.2805,19,14,19.2604,17,1,316
0.1635,0.1635,24.0595,18.0595,23,17,19.2604,21,1,316
0.2575,0.2575,25.0935,17.0935,25,17,19.2604,21,1,316
0.4575,0.4575,22.2695,15.2695,22,15,19.2604,19,1,316
0.316,0.316,23.6385,16.6385,23,16,19.2604,20,1,316
0.865,0.865,21.1265,15.1265,21,15,19.2604,18,1,316
0.1475,0.1475,24.0785,18.0785,23,17,19.2604,21,1,316
0.794,0.794,20.5685,15.5685,20,15,19.2604,18,1,316
1,1,16.516,14.516,16,14,19.2604,16,1,316
0.876,0.876,20.1475,15.1475,19,14,19.2604,18,1,316
1,1,17.195,14.195,17,14,19.2604,16,1,316
0.2115,0.2115,24.905,16.905,25,17,19.2604,21,1,316
0.733,0.733,21.3985,15.3985,21,15,19.2604,18,1,316
0.6585,0.6585,22.19,16.19,22,16,19.2604,19,1,316
0.8155,0.8155,22.0505,15.0505,22,15,19.2604,18,1,316
0.1425,0.1425,24.5975,17.5975,24,17,19.2604,21,1,316
0.6825,0.6825,21.165,16.165,20,15,19.2604,19,1,316
0.8955,0.8955,19.992,14.992,19,14,19.2604,18,1,316
0.924,0.924,19.7945,15.7945,19,15,19.2604,18,1,316
0.297,0.297,22.7015,16.7015,22,16,19.2604,20,1,316
0.0635,0.0635,24.9945,18.9945,24,18,19.2604,22,1,316
1,1,17.6235,13.6235,17,13,19.2604,16,1,316
0.5785,0.5785,21.814,15.814,21,15,19.2604,19,1,316
0.364,0.364,23.0205,17.0205,22,16,19.2604,20,1,316
0.254,0.254,22.643,17.643,21,16,19.2604,20,1,316
0.127,0.127,25.8905,17.8905,26,18,19.2604,22,1,316
0.6355,0.6355,21.001,16.001,20,15,19.2604,19,1,316
0.7935,0.7935,20.657,15.657,20,15,19.2604,18,1,316
0.7025,0.7025,21.44,14.44,21,14,19.2604,18,1,316
0.971,0.971,20.201,14.201,20,14,19.2604,17,1,316
0.7005,0.7005,21.316,15.316,21,15,19.2604,18,1,316
0.9105,0.9105,19.841,15.841,19,15,19.2604,18,1,316
0.2895,0.2895,25.927,15.927,26,16,19.2604,21,1,316
0.5455,0.5455,21.734,15.734,21,15,19.2604,19,1,316
0.112,0.112,26.782,17.782,26,17,19.2604,22,1,316
0.858,0.858,19.6425,15.6425,19,15,19.2604,18,1,316
0.589,0.589,21.8905,15.8905,21,15,19.2604,19,1,316
0.7685,0.7685,20.5495,15.5495,20,15,19.2604,18,1,316
0.664,0.664,22.0935,16.0935,21,15,19.2604,19,1,316
0.1625,0.1625,25.3005,17.3005,25,17,19.2604,21,1,316
0.445,0.445,24.2,16.2,23,15,19.2604,20,1,316
0.6415,0.6415,23.1805,15.1805,23,15,19.2604,19,1,316
0.943,0.943,20.258,14.258,20,14,19.2604,17,1,316
0.773,0.773,20.5555,15.5555,20,15,19.2604,18,1,316
1,1,18.2995,14.2995,18,14,19.2604,16,1,316
0.9545,0.9545,20.09,14.09,20,14,19.2604,17,1,316
0.0655,0.0655,24.9395,18.9395,24,18,19.2604,22,1,316
0.8775,0.8775,20.037,15.037,19,14,19.2604,18,1,316
1,1,18.4335,14.4335,18,14,19.2604,17,1,316
0.309,0.309,26.259,16.259,26,16,19.2604,21,1,316
0.9185,0.9185,19.922,15.922,19,15,19.2604,18,1,316
1,1,18.482,14.482,18,14,19.2604,17,1,316
0.8215,0.8215,20.8395,14.8395,20,14,19.2604,18,1,316
0.379,0.379,23.0895,17.0895,22,16,19.2604,20,1,316
0.356,0.356,23.8505,15.8505,23,15,19.2604,20,1,316
0.309,0.309,23.67,16.67,23,16,19.2604,20,1,316
0.8825,0.8825,21.2145,15.2145,21,15,19.2604,18,1,316
0.8695,0.8695,21.134,15.134,21,15,19.2604,18,1,316
0.6835,0.6835,22.1435,16.1435,21,15,19.2604,19,1,316
0.0195,0.0195,26.5305,19.5305,25,18,19.2604,23,1,316
0.787,0.787,22.0925,14.0925,22,14,19.2604,18,1,316
0.321,0.321,26.212,16.212,26,16,19.2604,21,1,316
0.301,0.301,23.5345,16.5345,23,16,19.2604,20,1,316
0.385,0.385,23.938,15.938,23,15,19.2604,20,1,316
0.681,0.681,21.3005,14.3005,21,14,19.2604,18,1,316
0.0925,0.0925,23.632,18.632,22,17,19.2604,21,1,316
0.6235,0.6235,20.922,16.922,20,16,19.2604,19,1,316
0.667,0.667,22.3095,14.3095,22,14,19.2604,18,1,316
0.96,0.96,19.3965,13.3965,19,13,19.2604,16,1,316
0.559,0.559,21.744,15.744,21,15,19.2604,19,1,316
0.963,0.963,19.3925,13.3925,19,13,19.2604,16,1,316
0.3225,0.3225,22.771,16.771,22,16,19.2604,20,1,316
0.012,0.012,26.5155,19.5155,25,18,19.2604,23,1,316
0.9105,0.9105,19.979,15.979,19,15,19.2604,18,1,316
0.76,0.76,20.311,15.311,20,15,19.2604,18,1,316
1,1,18.3135,14.3135,18,14,19.2604,16,1,316
0.147,0.147,27.083,18.083,27,18,19.2604,22,1,316
0.174,0.174,27.056,17.056,27,17,19.2604,22,1,316
0.632,0.632,20.954,16.954,20,16,19.2604,19,1,316
0.6365,0.6365,22.0495,16.0495,21,15,19.2604,19,1,316
0.3285,0.3285,23.671,16.671,23,16,19.2604,20,1,316
0.139,0.139,23.818,17.818,22,16,19.2604,21,1,316
0.271,0.271,22.7,17.7,21,16,19.2604,20,1,316
0.22,0.22,24.749,16.749,24,16,19.2604,21,1,316
0.883,0.883,20.023,15.023,19,14,19.2604,18,1,316
0.0635,0.0635,25.6085,17.6085,25,17,19.2604,22,1,316
0.0765,0.0765,23.474,18.474,23,18,19.2604,21,1,316
0.379,0.379,23.103,17.103,22,16,19.2604,20,1,316
0.299,0.299,21.966,17.966,21,17,19.2604,20,1,316
0.213,0.213,26.4255,16.4255,26,16,19.2604,21,1,316
0.3995,0.3995,23.9975,15.9975,23,15,19.2604,20,1,316
0.4825,0.4825,22.382,15.382,22,15,19.2604,19,1,316
0.3075,0.3075,24.439,16.439,24,16,19.2604,20,1,316
0.29,0.29,22.7335,16.7335,22,16,19.2604,20,1,316
0.0245,0.0245,28.141,20.141,27,19,19.2604,24,1,316
1,1,18.8575,14.8575,18,14,19.2604,17,1,316
0.2825,0.2825,22.8175,16.8175,21,15,19.2604,20,1,316
0.673,0.673,22.1675,16.1675,21,15,19.2604,19,1,316
0.0185,0.0185,25.988,19.988,24,18,19.2604,23,1,316
0.249,0.249,25.873,16.873,26,17,19.2604,21,1,316
0.0575,0.0575,22.7165,18.7165,22,18,19.2604,21,1,316
0.5735,0.5735,21.7465,15.7465,21,15,19.2604,19,1,316
0.3245,0.3245,23.682,16.682,23,16,19.2604,20,1,316
0.8445,0.8445,19.5275,15.5275,19,15,19.2604,18,1,316
1,1,17.6685,14.6685,17,14,19.2604,16,1,316
0.2935,0.2935,23.5425,16.5425,23,16,19.2604,20,1,316
0.6705,0.6705,22.1605,16.1605,21,15,19.2604,19,1,316
0.108,0.108,23.72,17.72,23,17,19.2604,21,1,316
0.6275,0.6275,23.026,16.026,23,16,19.2604,19,1,316
0.6455,0.6455,23.14,15.14,23,15,19.2604,19,1,316
0.2885,0.2885,23.5385,16.5385,23,16,19.2604,20,1,316
0,0,28.4865,21.4865,26,19,19.2604,25,1,316
0.9695,0.9695,20.2075,14.2075,20,14,19.2604,17,1,316
0.1675,0.1675,24.1385,18.1385,23,17,19.2604,21,1,316
0.0115,0.0115,25.8655,19.8655,24,18,19.2604,23,1,316
0.881,0.881,21.235,15.235,21,15,19.2604,18,1,316
0.482,0.482,22.3395,16.3395,22,16,19.2604,19,1,316
0.6545,0.6545,21.113,16.113,20,15,19.2604,19,1,316
0.989,0.989,18.95,14.95,18,14,19.2604,17,1,316
0.216,0.216,25.776,16.776,25,16,19.2604,21,1,316
0.9325,0.9325,19.659,14.659,19,14,19.2604,17,1,316
0.4195,0.4195,23.1205,17.1205,22,16,19.2604,20,1,316
0.3415,0.3415,23.7385,16.7385,23,16,19.2604,20,1,316
0.279,0.279,25.894,16.894,26,17,19.2604,21,1,316
0.5575,0.5575,21.7525,15.7525,21,15,19.2604,19,1,316
0.2855,0.2855,23.448,16.448,23,16,19.2604,20,1,316
0.912,0.912,19.7815,15.7815,19,15,19.2604,18,1,316
0.3365,0.3365,23.63,16.63,23,16,19.2604,20,1,316
0.4145,0.4145,23.994,15.994,24,16,19.2604,20,1,316
0.5945,0.5945,21.851,15.851,21,15,19.2604,19,1,316
0.1095,0.1095,26.0455,18.0455,25,17,19.2604,22,1,316
0.839,0.839,21.1535,15.1535,21,15,19.2604,18,1,316
0.661,0.661,22.2595,15.2595,22,15,19.2604,19,1,316
0.317,0.317,23.7155,16.7155,23,16,19.2604,20,1,316
0.9155,0.9155,19.8385,15.8385,19,15,19.2604,18,1,316
0.416,0.416,23.996,15.996,24,16,19.2604,20,1,316
1,1,17.188,14.188,17,14,19.2604,16,1,316
0.9,0.9,20.0235,16.0235,19,15,19.2604,18,1,316
0.901,0.901,19.993,15.993,19,15,19.2604,18,1,316
0.3215,0.3215,22.793,16.793,22,16,19.2604,20,1,316
0.9865,0.9865,18.9955,14.9955,18,14,19.2604,17,1,316
0.633,0.633,20.9265,15.9265,20,15,19.2604,19,1,316
0.656,0.656,23.221,15.221,23,15,19.2604,19,1,316
0.114,0.114,23.709,17.709,23,17,19.2604,21,1,316
0.536,0.536,22.649,15.649,22,15,19.2604,19,1,316
0.392,0.392,23.0275,16.0275,23,16,19.2604,20,1,316
0.0365,0.0365,25.345,18.345,24,17,19.2604,22,1,316
0.639,0.639,23.1595,15.1595,23,15,19.2604,19,1,316
0.666,0.666,22.1835,16.1835,22,16,19.2604,19,1,316
0.7365,0.7365,21.5435,14.5435,21,14,19.2604,18,1,316
0.392,0.392,22.129,17.129,21,16,19.2604,20,1,316
0.303,0.303,23.527,16.527,23,16,19.2604,20,1,316
0.462,0.462,22.3175,15.3175,22,15,19.2604,19,1,316
0.442,0.442,24.1255,16.1255,24,16,19.2604,20,1,316
0.9115,0.9115,19.743,15.743,19,15,19.2604,18,1,316
0.9155,0.9155,19.809,15.809,19,15,19.2604,18,1,316
0.2595,0.2595,26.054,17.054,26,17,19.2604,21,1,316
0.6355,0.6355,23.1905,15.1905,23,15,19.2604,19,1,316
0.3345,0.3345,21.9975,16.9975,21,16,19.2604,20,1,316
0.5175,0.5175,21.617,16.617,21,16,19.2604,19,1,316
0.1285,0.1285,22.9525,17.9525,22,17,19.2604,21,1,316
0.771,0.771,20.5175,15.5175,20,15,19.2604,18,1,316
0.973,0.973,20.18,14.18,20,14,19.2604,17,1,316
0.6825,0.6825,21.292,15.292,21,15,19.2604,18,1,316
0.864,0.864,21.0555,15.0555,20,14,19.2604,18,1,316
0.9845,0.9845,19.031,15.031,18,14,19.2604,17,1,316
0.9725,0.9725,20.241,14.241,20,14,19.2604,17,1,316
0.6365,0.6365,22.0345,16.0345,21,15,19.2604,19,1,316
0.164,0.164,24.096,18.096,23,17,19.2604,21,1,316
0.3325,0.3325,21.991,16.991,21,16,19.2604,20,1,316
0.969,0.969,19.373,14.373,19,14,19.2604,17,1,316
0.3125,0.3125,23.6315,16.6315,23,16,19.2604,20,1,316
0.427,0.427,24.126,16.126,24,16,19.2604,20,1,316
0.64,0.64,21.0075,16.0075,20,15,19.2604,19,1,316
0.2015,0.2015,24.775,16.775,24,16,19.2604,21,1,316
0.142,0.142,24.615,17.615,24,17,19.2604,21,1,316
0.299,0.299,23.5275,16.5275,23,16,19.2604,20,1,316
0.65,0.65,22.1495,15.1495,22,15,19.2604,19,1,316
0.0035,0.0035,27.484,20.484,26,19,19.2604,24,1,316
0.8755,0.8755,19.937,15.937,19,15,19.2604,18,1,316
0.5515,0.5515,22.7005,15.7005,22,15,19.2604,19,1,316
0.8075,0.8075,20.601,15.601,20,15,19.2604,18,1,316
0.8445,0.8445,19.529,15.529,19,15,19.2604,18,1,316
0.1115,0.1115,23.661,17.661,23,17,19.2604,21,1,316
0.9635,0.9635,19.8215,14.8215,19,14,19.2604,17,1,316
0.353,0.353,22.0395,17.0395,21,16,19.2604,20,1,316
0.546,0.546,21.692,16.692,20,15,19.2604,19,1,316
0.14,0.14,24.547,17.547,24,17,19.2604,21,1,316
0.0075,0.0075,26.2655,19.2655,25,18,19.2604,23,1,316
0.2665,0.2665,22.668,17.668,21,16,19.2604,20,1,316
1,1,18.3395,14.3395,18,14,19.2604,16,1,316
0.914,0.914,19.8455,15.8455,19,15,19.2604,18,1,316
0.3775,0.3775,23.8525,15.8525,23,15,19.2604,20,1,316
0.2655,0.2655,23.346,16.346,23,16,19.2604,20,1,316
1,1,17.558,15.558,17,15,19.2604,17,1,316
0.606,0.606,20.799,16.799,20,16,19.2604,19,1,316
0.782,0.782,20.574,15.574,20,15,19.2604,18,1,316
1,1,18.9635,14.9635,18,14,19.2604,17,1,316
0.93,0.93,19.976,15.976,19,15,19.2604,18,1,316
0.904,0.904,19.792,15.792,19,15,19.2604,18,1,316
0.554,0.554,21.689,15.689,21,15,19.2604,19,1,316
0.66,0.66,22.142,16.142,22,16,19.2604,19,1,316
0.268,0.268,26.0255,17.0255,26,17,19.2604,21,1,316
0.1285,0.1285,26.245,18.245,25,17,19.2604,22,1,316
0.018,0.018,26.466,19.466,25,18,19.2604,23,1,316
1,1,18.353,14.353,18,14,19.2604,16,1,316
0.3985,0.3985,23.0725,17.0725,22,16,19.2604,20,1,316
0.872,0.872,19.9325,14.9325,19,14,19.2604,18,1,316
1,1,18.323,15.323,18,15,19.2604,17,1,316
1,1,18.7845,14.7845,18,14,19.2604,17,1,316
0.3035,0.3035,23.6245,16.6245,22,15,19.2604,20,1,316
0.4275,0.4275,21.34,16.34,21,16,19.2604,19,1,316
0.908,0.908,19.82,15.82,19,15,19.2604,18,1,316
0.873,0.873,19.949,15.949,19,15,19.2604,18,1,316
0.818,0.818,20.551,15.551,20,15,19.2604,18,1,316
0.308,0.308,21.8985,16.8985,21,16,19.2604,20,1,316
0.875,0.875,21.185,15.185,21,15,19.2604,18,1,316
1,1,18.3215,15.3215,18,15,19.2604,17,1,316
0.986,0.986,18.997,14.997,18,14,19.2604,17,1,316
0.132,0.132,23.0175,18.0175,22,17,19.2604,21,1,316
1,1,17.8265,13.8265,17,13,19.2604,16,1,316
0.291,0.291,22.711,16.711,22,16,19.2604,20,1,316
0.842,0.842,21.164,15.164,21,15,19.2604,18,1,316
1,1,17.8375,13.8375,17,13,19.2604,16,1,316
0.622,0.622,23.021,15.021,23,15,19.2604,19,1,316
0.618,0.618,20.9065,15.9065,20,15,19.2604,19,1,316
0.7635,0.7635,21.7035,14.7035,21,14,19.2604,18,1,316
0.3205,0.3205,23.742,16.742,23,16,19.2604,20,1,316
0.06,0.06,24.913,18.913,24,18,19.2604,22,1,316
0.385,0.385,23.1285,17.1285,22,16,19.2604,20,1,316
0.086,0.086,23.617,18.617,22,17,19.2604,21,1,316
0.4975,0.4975,21.499,16.499,21,16,19.2604,19,1,316
0.2695,0.2695,23.369,16.369,22,15,19.2604,20,1,316
0.473,0.473,21.403,16.403,21,16,19.2604,19,1,316
0.612,0.612,20.9235,15.9235,20,15,19.2604,19,1,316
0.6205,0.6205,20.922,15.922,20,15,19.2604,19,1,316
0.194,0.194,25.466,16.466,25,16,19.2604,21,1,316
1,1,18.338,14.338,18,14,19.2604,16,1,316
0.9205,0.9205,19.9405,15.9405,19,15,19.2604,18,1,316
1,1,18.78,14.78,18,14,19.2604,17,1,316
1,1,15.5805,13.5805,15,13,19.2604,15,1,316
1,1,18.4165,15.4165,18,15,19.2604,17,1,316
0.657,0.657,20.988,16.988,20,16,19.2604,19,1,316
0.289,0.289,22.7105,16.7105,22,16,19.2604,20,1,316
0.4465,0.4465,22.2645,16.2645,22,16,19.2604,19,1,316
0.8485,0.8485,19.618,15.618,19,15,19.2604,18,1,316
0.7165,0.7165,21.6485,14.6485,21,14,19.2604,18,1,316
0.17,0.17,24.09,18.09,23,17,19.2604,21,1,316
0.3025,0.3025,22.7045,16.7045,22,16,19.2604,20,1,316
0.307,0.307,24.3855,16.3855,24,16,19.2604,20,1,316
0.208,0.208,26.47,16.47,26,16,19.2604,21,1,316
0.0395,0.0395,27.4925,18.4925,27,18,19.2604,23,1,316
0.618,0.618,20.93,16.93,20,16,19.2604,19,1,316
0.0305,0.0305,26.1685,19.1685,25,18,19.2604,23,1,316
0.307,0.307,21.982,17.982,21,17,19.2604,20,1,316
0.419,0.419,21.296,16.296,21,16,19.2604,19,1,316
0.4765,0.4765,22.386,15.386,22,15,19.2604,19,1,316
0.508,0.508,21.5605,16.5605,21,16,19.2604,19,1,316
0.1845,0.1845,23.978,17.978,23,17,19.2604,21,1,316
0.3715,0.3715,23.875,15.875,23,15,19.2604,20,1,316
0.829,0.829,20.86,14.86,20,14,19.2604,18,1,316
1,1,18.8245,14.8245,18,14,19.2604,17,1,316
0.6385,0.6385,20.9445,16.9445,20,16,19.2604,19,1,316
0.0315,0.0315,24.043,19.043,23,18,19.2604,22,1,316
0.12,0.12,22.9865,17.9865,22,17,19.2604,21,1,316
0.9735,0.9735,20.243,14.243,20,14,19.2604,17,1,316
0.6445,0.6445,22.1015,16.1015,22,16,19.2604,19,1,316
0.4295,0.4295,24.128,16.128,24,16,19.2604,20,1,316
0.873,0.873,21.135,15.135,21,15,19.2604,18,1,316
0.0325,0.0325,25.2845,18.2845,24,17,19.2604,22,1,316
0.3645,0.3645,23.083,17.083,22,16,19.2604,20,1,316
0.067,0.067,25.6385,18.6385,25,18,19.2604,22,1,316
0.1325,0.1325,26.841,17.841,26,17,19.2604,22,1,316
0.7655,0.7655,21.7485,14.7485,21,14,19.2604,18,1,316
1,1,18.2265,15.2265,18,15,19.2604,17,1,316
0.262,0.262,23.428,16.428,22,15,19.2604,20,1,316
0.8235,0.8235,20.805,14.805,20,14,19.2604,18,1,316
0.9065,0.9065,19.901,15.901,19,15,19.2604,18,1,316
0.243,0.243,25.056,17.056,25,17,19.2604,21,1,316
0.543,0.543,22.646,15.646,22,15,19.2604,19,1,316
0.3905,0.3905,23.1375,17.1375,22,16,19.2604,20,1,316
0.443,0.443,24.0975,16.0975,24,16,19.2604,20,1,316
0.7275,0.7275,21.569,14.569,21,14,19.2604,18,1,316
0.633,0.633,22.0675,16.0675,22,16,19.2604,19,1,316
0.976,0.976,19.211,14.211,19,14,19.2604,17,1,316
0.14,0.14,24.5625,17.5625,24,17,19.2604,21,1,316
0.792,0.792,20.586,15.586,20,15,19.2604,18,1,316
0.1235,0.1235,26.1075,18.1075,25,17,19.2604,22,1,316
0.607,0.607,23.0065,15.0065,23,15,19.2604,19,1,316
0.1155,0.1155,26.7955,17.7955,26,17,19.2604,22,1,316
0.0845,0.0845,23.716,18.716,22,17,19.2604,21,1,316
0.0245,0.0245,28.737,19.737,28,19,19.2604,24,1,316
0.6295,0.6295,23.087,15.087,23,15,19.2604,19,1,316
0.6155,0.6155,20.8595,16.8595,20,16,19.2604,19,1,316
0.6195,0.6195,20.8685,16.8685,20,16,19.2604,19,1,316
0.152,0.152,24.084,18.084,23,17,19.2604,21,1,316
0.296,0.296,23.6325,16.6325,22,15,19.2604,20,1,316
0.1715,0.1715,25.382,16.382,25,16,19.2604,21,1,316
0.32,0.32,23.676,16.676,23,16,19.2604,20,1,316
0.6935,0.6935,21.2735,15.2735,21,15,19.2604,18,1,316
0.083,0.083,26.5385,17.5385,26,17,19.2604,22,1,316
0.6785,0.6785,21.1505,16.1505,20,15,19.2604,19,1,316
0.9675,0.9675,19.436,13.436,19,13,19.2604,16,1,316
0.9055,0.9055,19.2855,14.2855,19,14,19.2604,17,1,316
0.59,0.59,21.8505,15.8505,21,15,19.2604,19,1,316
0.408,0.408,21.285,17.285,21,17,19.2604,19,1,316
0.8905,0.8905,19.9685,15.9685,19,15,19.2604,18,1,316
0.824,0.824,19.43,16.43,19,16,19.2604,18,1,316
0.441,0.441,24.094,16.094,24,16,19.2604,20,1,316
0.696,0.696,21.2635,15.2635,21,15,19.2604,18,1,316
0.393,0.393,23.1445,17.1445,22,16,19.2604,20,1,316
1,1,18.7965,14.7965,18,14,19.2604,17,1,316
0.3975,0.3975,23.964,15.964,24,16,19.2604,20,1,316
0.816,0.816,20.865,14.865,20,14,19.2604,18,1,316
0.192,0.192,24.9195,17.9195,24,17,19.2604,21,1,316
0.4875,0.4875,23.358,14.358,23,14,19.2604,19,1,316
0.3165,0.3165,22.796,16.796,22,16,19.2604,20,1,316
0.485,0.485,21.4745,16.4745,21,16,19.2604,19,1,316
0.9085,0.9085,19.7845,15.7845,19,15,19.2604,18,1,316
0.8545,0.8545,20.3015,14.3015,20,14,19.2604,17,1,316
0.481,0.481,21.499,16.499,21,16,19.2604,19,1,316
0.6845,0.6845,22.2305,16.2305,22,16,19.2604,19,1,316
0.2045,0.2045,25.6385,16.6385,25,16,19.2604,21,1,316
0.332,0.332,23.6635,16.6635,23,16,19.2604,20,1,316
0.6625,0.6625,21.0645,16.0645,20,15,19.2604,19,1,316
0.162,0.162,24.049,18.049,23,17,19.2604,21,1,316
1,1,18.7995,14.7995,18,14,19.2604,17,1,316
0.0465,0.0465,24.779,18.779,23,17,19.2604,22,1,316
0.2995,0.2995,26.1525,17.1525,26,17,19.2604,21,1,316
0.8745,0.8745,20.4205,14.4205,20,14,19.2604,17,1,316
0.3445,0.3445,24.538,15.538,24,15,19.2604,20,1,316
0.7175,0.7175,21.5505,14.5505,21,14,19.2604,18,1,316
0.3345,0.3345,22.79,16.79,22,16,19.2604,20,1,316
0.505,0.505,20.595,16.595,20,16,19.2604,19,1,316
0.4585,0.4585,25.1165,15.1165,25,15,19.2604,20,1,316
0.3995,0.3995,23.0925,17.0925,22,16,19.2604,20,1,316
0.465,0.465,24.25,16.25,24,16,19.2604,20,1,316
0.047,0.047,25.5285,18.5285,24,17,19.2604,22,1,316
0.5765,0.5765,23.7525,14.7525,23,14,19.2604,19,1,316
0.686,0.686,21.268,15.268,21,15,19.2604,18,1,316
0.381,0.381,23.099,17.099,22,16,19.2604,20,1,316
0.8315,0.8315,21.1795,15.1795,21,15,19.2604,18,1,316
0.3245,0.3245,21.958,16.958,21,16,19.2604,20,1,316
0.024,0.024,25.293,19.293,24,18,19.2604,22,1,316
0.834,0.834,20.894,14.894,20,14,19.2604,18,1,316
0.2925,0.2925,22.727,16.727,21,15,19.2604,20,1,316
0.8175,0.8175,19.408,16.408,19,16,19.2604,18,1,316
0.944,0.944,19.7545,14.7545,19,14,19.2604,17,1,316
0.895,0.895,19.576,16.576,19,16,19.2604,18,1,316
0.164,0.164,24.0685,18.0685,23,17,19.2604,21,1,316
0.813,0.813,19.374,16.374,19,16,19.2604,18,1,316
0.1355,0.1355,24.637,17.637,23,16,19.2604,21,1,316
0.8125,0.8125,19.331,16.331,19,16,19.2604,18,1,316
0.322,0.322,24.4215,15.4215,24,15,19.2604,20,1,316
0.958,0.958,19.4855,14.4855,19,14,19.2604,17,1,316
0.322,0.322,24.462,16.462,24,16,19.2604,20,1,316
0.417,0.417,24.0595,16.0595,24,16,19.2604,20,1,316
0.272,0.272,22.7405,17.7405,21,16,19.2604,20,1,316
0.7345,0.7345,21.54,14.54,21,14,19.2604,18,1,316
0.1005,0.1005,27.2885,17.2885,27,17,19.2604,22,1,316
0.513,0.513,22.571,15.571,22,15,19.2604,19,1,316
0.8025,0.8025,20.798,14.798,20,14,19.2604,18,1,316
0.788,0.788,22.2235,14.2235,22,14,19.2604,18,1,316
0.745,0.745,20.493,15.493,20,15,19.2604,18,1,316
0.9615,0.9615,19.3625,14.3625,19,14,19.2604,17,1,316
0.2895,0.2895,22.815,17.815,21,16,19.2604,20,1,316
0.193,0.193,24.0685,18.0685,23,17,19.2604,21,1,316
0.305,0.305,22.7215,16.7215,22,16,19.2604,20,1,316
0.6515,0.6515,23.2025,15.2025,23,15,19.2604,19,1,316
0.0995,0.0995,23.6755,17.6755,22,16,19.2604,21,1,316
0.352,0.352,22.124,17.124,21,16,19.2604,20,1,316
0.022,0.022,24.6345,19.6345,23,18,19.2604,22,1,316
0.9955,0.9955,19.2375,13.2375,19,13,19.2604,16,1,316
0.402,0.402,23.11,17.11,22,16,19.2604,20,1,316
0.1195,0.1195,27.453,17.453,27,17,19.2604,22,1,316
0.6185,0.6185,20.8945,16.8945,20,16,19.2604,19,1,316
0.3155,0.3155,22.763,16.763,22,16,19.2604,20,1,316
0.1515,0.1515,23.0605,18.0605,22,17,19.2604,21,1,316
0.8885,0.8885,21.1775,15.1775,21,15,19.2604,18,1,316
0.804,0.804,20.6545,15.6545,19,14,19.2604,18,1,316
0.623,0.623,20.9565,16.9565,20,16,19.2604,19,1,316
0.2815,0.2815,23.3895,16.3895,23,16,19.2604,20,1,316
0.3485,0.3485,23.784,15.784,23,15,19.2604,20,1,316
0.6105,0.6105,20.9175,16.9175,20,16,19.2604,19,1,316
0.904,0.904,19.8035,15.8035,19,15,19.2604,18,1,316
0.1365,0.1365,24.5805,17.5805,23,16,19.2604,21,1,316
0.0335,0.0335,25.322,18.322,24,17,19.2604,22,1,316
0.346,0.346,22.0975,17.0975,21,16,19.2604,20,1,316
0.365,0.365,22.0485,17.0485,21,16,19.2604,20,1,316
0.2535,0.2535,22.704,17.704,21,16,19.2604,20,1,316
0.9845,0.9845,18.9985,14.9985,18,14,19.2604,17,1,316
0.651,0.651,20.9905,16.9905,20,16,19.2604,19,1,316
0.9675,0.9675,19.5715,14.5715,19,14,19.2604,17,1,316
0.189,0.189,25.594,16.594,25,16,19.2604,21,1,316
0.8045,0.8045,20.5865,15.5865,20,15,19.2604,18,1,316
1,1,18.319,13.319,18,13,19.2604,16,1,316
0.3285,0.3285,23.677,16.677,23,16,19.2604,20,1,316
0.2425,0.2425,22.5885,17.5885,22,17,19.2604,20,1,316
0.873,0.873,19.6565,15.6565,19,15,19.2604,18,1,316
0.652,0.652,22.124,16.124,22,16,19.2604,19,1,316
0.767,0.767,20.531,15.531,20,15,19.2604,18,1,316
0.417,0.417,24.021,16.021,24,16,19.2604,20,1,316
0.1745,0.1745,24.6895,17.6895,24,17,19.2604,21,1,316
0.915,0.915,19.829,15.829,19,15,19.2604,18,1,316
0.086,0.086,22.7545,18.7545,21,17,19.2604,21,1,316
0.4455,0.4455,23.192,16.192,23,16,19.2604,20,1,316
0.699,0.699,22.4085,14.4085,22,14,19.2604,18,1,316
0.6275,0.6275,20.9275,16.9275,20,16,19.2604,19,1,316
0.779,0.779,20.531,15.531,20,15,19.2604,18,1,316
0.6515,0.6515,20.998,15.998,20,15,19.2604,19,1,316
1,1,18.7825,14.7825,18,14,19.2604,17,1,316
0.676,0.676,22.336,14.336,22,14,19.2604,18,1,316
0.2655,0.2655,23.431,16.431,22,15,19.2604,20,1,316
0.963,0.963,19.2815,15.2815,19,15,19.2604,17,1,316
0.5565,0.5565,21.711,16.711,20,15,19.2604,19,1,316
0.998,0.998,19.2155,13.2155,19,13,19.2604,16,1,316
0.063,0.063,25.5665,18.5665,25,18,19.2604,22,1,316
0.6765,0.6765,21.1485,16.1485,20,15,19.2604,19,1,316
0.193,0.193,24.696,16.696,24,16,19.2604,21,1,316
0.1365,0.1365,26.9545,17.9545,27,18,19.2604,22,1,316
0.7245,0.7245,21.3735,15.3735,21,15,19.2604,18,1,316
0.703,0.703,21.36,14.36,21,14,19.2604,18,1,316
0.1,0.1,26.535,17.535,26,17,19.2604,22,1,316
0.898,0.898,19.789,15.789,19,15,19.2604,18,1,316
0.2365,0.2365,22.5285,17.5285,22,17,19.2604,20,1,316
0.37,0.37,23.8345,15.8345,23,15,19.2604,20,1,316
0.7275,0.7275,21.398,15.398,21,15,19.2604,18,1,316
0.355,0.355,22.1035,17.1035,21,16,19.2604,20,1,316
0.105,0.105,26.0595,18.0595,25,17,19.2604,22,1,316
0.628,0.628,21.9555,15.9555,21,15,19.2604,19,1,316
0.6525,0.6525,22.1805,15.1805,22,15,19.2604,19,1,316
0.8895,0.8895,19.997,15.997,19,15,19.2604,18,1,316
0.5635,0.5635,21.7455,15.7455,21,15,19.2604,19,1,316
0.6465,0.6465,22.0975,16.0975,22,16,19.2604,19,1,316
0.6775,0.6775,22.1405,16.1405,21,15,19.2604,19,1,316
0.8765,0.8765,21.2095,15.2095,21,15,19.2604,18,1,316
0.668,0.668,22.1025,16.1025,21,15,19.2604,19,1,316
0.9165,0.9165,19.8025,15.8025,19,15,19.2604,18,1,316
0.4495,0.4495,24.1895,16.1895,24,16,19.2604,20,1,316
0.778,0.778,20.543,15.543,20,15,19.2604,18,1,316
0.2635,0.2635,25.213,17.213,24,16,19.2604,21,1,316
0.558,0.558,21.6965,16.6965,20,15,19.2604,19,1,316
0.3,0.3,23.569,16.569,23,16,19.2604,20,1,316
0.1775,0.1775,25.5075,16.5075,25,16,19.2604,21,1,316
0.642,0.642,22.121,16.121,21,15,19.2604,19,1,316
0.265,0.265,21.7685,17.7685,20,16,19.2604,20,1,316
0.399,0.399,23.118,17.118,22,16,19.2604,20,1,316
1,1,18.768,14.768,18,14,19.2604,17,1,316
1,1,17.343,14.343,17,14,19.2604,16,1,316
0.248,0.248,25.9695,16.9695,26,17,19.2604,21,1,316
1,1,18.3385,14.3385,18,14,19.2604,16,1,316
0.8415,0.8415,19.5185,15.5185,19,15,19.2604,18,1,316
0.298,0.298,22.724,16.724,22,16,19.2604,20,1,316
0.647,0.647,21.0275,16.0275,20,15,19.2604,19,1,316
1,1,18.356,14.356,18,14,19.2604,16,1,316
0.8125,0.8125,20.649,15.649,20,15,19.2604,18,1,316
0.035,0.035,24.676,18.676,24,18,19.2604,22,1,316
0.641,0.641,23.1325,15.1325,23,15,19.2604,19,1,316
0.887,0.887,19.971,15.971,19,15,19.2604,18,1,316
0.049,0.049,25.6395,18.6395,24,17,19.2604,22,1,316
0.0515,0.0515,25.5585,18.5585,24,17,19.2604,22,1,316
0.8545,0.8545,21.244,15.244,21,15,19.2604,18,1,316
0.877,0.877,19.9605,14.9605,19,14,19.2604,18,1,316
0.8835,0.8835,20.529,13.529,20,13,19.2604,17,1,316
0.8095,0.8095,20.7815,14.7815,20,14,19.2604,18,1,316
0.1145,0.1145,22.9135,18.9135,22,18,19.2604,21,1,316
0.371,0.371,23.8425,16.8425,23,16,19.2604,20,1,316
0.5205,0.5205,22.581,15.581,22,15,19.2604,19,1,316
0.15,0.15,26.967,16.967,27,17,19.2604,22,1,316
0.0415,0.0415,25.5595,18.5595,23,16,19.2604,22,1,316
0.2785,0.2785,23.46,16.46,23,16,19.2604,20,1,316
0.3775,0.3775,23.116,17.116,22,16,19.2604,20,1,316
0.776,0.776,21.778,14.778,21,14,19.2604,18,1,316
0.3315,0.3315,21.9675,17.9675,21,17,19.2604,20,1,316
0.785,0.785,20.5435,15.5435,20,15,19.2604,18,1,316
1,1,18.4725,14.4725,18,14,19.2604,17,1,316
0.6435,0.6435,20.9975,15.9975,20,15,19.2604,19,1,316
1,1,18.513,14.513,18,14,19.2604,17,1,316
0.797,0.797,20.739,14.739,20,14,19.2604,18,1,316
0.647,0.647,20.9805,16.9805,20,16,19.2604,19,1,316
0.09,0.09,23.6375,17.6375,22,16,19.2604,21,1,316
0.7595,0.7595,20.5085,15.5085,20,15,19.2604,18,1,316
0.4465,0.4465,23.2445,16.2445,23,16,19.2604,20,1,316
0.8005,0.8005,22.105,14.105,22,14,19.2604,18,1,316
0.1185,0.1185,26.0675,18.0675,25,17,19.2604,22,1,316
0.9645,0.9645,20.149,14.149,20,14,19.2604,17,1,316
0.8605,0.8605,20.313,13.313,20,13,19.2604,17,1,316
0.302,0.302,22.794,16.794,22,16,19.2604,20,1,316
0.408,0.408,21.2925,16.2925,21,16,19.2604,19,1,316
1,1,18.79,14.79,18,14,19.2604,17,1,316
0.4035,0.4035,23.9685,16.9685,24,17,19.2604,20,1,316
0.3025,0.3025,21.9465,17.9465,21,17,19.2604,20,1,316
0.5855,0.5855,22.9195,14.9195,22,14,19.2604,19,1,316
0.6505,0.6505,22.1965,15.1965,22,15,19.2604,19,1,316
0.565,0.565,22.767,15.767,22,15,19.2604,19,1,316
0.8425,0.8425,21.213,15.213,21,15,19.2604,18,1,316
0.039,0.039,25.5,18.5,25,18,19.2604,22,1,316
0.156,0.156,27.1215,18.1215,27,18,19.2604,22,1,316
0.2175,0.2175,24.8715,16.8715,25,17,19.2604,21,1,316
0.7985,0.7985,22.1055,14.1055,22,14,19.2604,18,1,316
0.3345,0.3345,23.7175,16.7175,23,16,19.2604,20,1,316
0.658,0.658,22.128,16.128,22,16,19.2604,19,1,316
0.8975,0.8975,20.5475,14.5475,20,14,19.2604,17,1,316
0.5805,0.5805,21.8155,15.8155,21,15,19.2604,19,1,316
0.2515,0.2515,21.86,17.86,21,17,19.2604,20,1,316
0.6245,0.6245,20.9755,15.9755,20,15,19.2604,19,1,316
0.5225,0.5225,21.568,16.568,21,16,19.2604,19,1,316
0.1865,0.1865,26.2665,16.2665,26,16,19.2604,21,1,316
0.8735,0.8735,21.121,15.121,21,15,19.2604,18,1,316
0.1635,0.1635,24.067,18.067,23,17,19.2604,21,1,316
0.15,0.15,24.6265,17.6265,24,17,19.2604,21,1,316
0.826,0.826,19.4255,15.4255,19,15,19.2604,18,1,316
0.9625,0.9625,19.3645,15.3645,19,15,19.2604,17,1,316
0.8525,0.8525,20.9175,14.9175,20,14,19.2604,18,1,316
0.7765,0.7765,20.4705,15.4705,20,15,19.2604,18,1,316
0.6535,0.6535,22.1005,16.1005,21,15,19.2604,19,1,316
0.456,0.456,24.2005,16.2005,24,16,19.2604,20,1,316
0.0225,0.0225,26.592,19.592,26,19,19.2604,23,1,316
0.6125,0.6125,20.8245,16.8245,20,16,19.2604,19,1,316
0.3265,0.3265,22.008,18.008,21,17,19.2604,20,1,316
0.234,0.234,21.7355,17.7355,21,17,19.2604,20,1,316
0.074,0.074,27.848,17.848,28,18,19.2604,23,1,316
0.189,0.189,24.0515,18.0515,23,17,19.2604,21,1,316
0.9515,0.9515,19.749,14.749,19,14,19.2604,17,1,316
0.041,0.041,25.544,18.544,24,17,19.2604,22,1,316
0.861,0.861,19.675,15.675,19,15,19.2604,18,1,316
0.912,0.912,19.3115,14.3115,19,14,19.2604,17,1,316
0.569,0.569,21.771,15.771,21,15,19.2604,19,1,316
0.9195,0.9195,19.9505,15.9505,19,15,19.2604,18,1,316
0.9945,0.9945,19.209,13.209,19,13,19.2604,16,1,316
0.1345,0.1345,26.164,18.164,26,18,19.2604,22,1,316
0.3945,0.3945,23.118,17.118,22,16,19.2604,20,1,316
0.2655,0.2655,22.723,17.723,21,16,19.2604,20,1,316
0.9285,0.9285,19.8845,15.8845,19,15,19.2604,18,1,316
0.2855,0.2855,22.6665,16.6665,22,16,19.2604,20,1,316
0.6085,0.6085,20.8715,16.8715,20,16,19.2604,19,1,316
0.235,0.235,25.0405,17.0405,25,17,19.2604,21,1,316
0.5415,0.5415,22.6425,15.6425,22,15,19.2604,19,1,316
0.7975,0.7975,20.6395,15.6395,20,15,19.2604,18,1,316
0.639,0.639,23.14,15.14,23,15,19.2604,19,1,316
0.1235,0.1235,26.0755,18.0755,25,17,19.2604,22,1,316
0.8125,0.8125,20.5015,15.5015,20,15,19.2604,18,1,316
0.8915,0.8915,20.202,15.202,19,14,19.2604,18,1,316
0.156,0.156,25.294,17.294,25,17,19.2604,21,1,316
0.3255,0.3255,23.7195,16.7195,23,16,19.2604,20,1,316
0.818,0.818,22.21,14.21,22,14,19.2604,18,1,316
0.918,0.918,19.623,16.623,19,16,19.2604,18,1,316
1,1,18.6355,15.6355,18,15,19.2604,17,1,316
0.303,0.303,22.756,16.756,22,16,19.2604,20,1,316
0.5145,0.5145,21.6175,16.6175,21,16,19.2604,19,1,316
0.8305,0.8305,19.49,15.49,19,15,19.2604,18,1,316
0.7635,0.7635,20.299,16.299,20,16,19.2604,18,1,316
0.2635,0.2635,21.882,17.882,21,17,19.2604,20,1,316
0.6805,0.6805,21.1645,16.1645,20,15,19.2604,19,1,316
0.8965,0.8965,19.789,15.789,19,15,19.2604,18,1,316
0.144,0.144,24.6715,17.6715,24,17,19.2604,21,1,316
0.3215,0.3215,21.9635,17.9635,21,17,19.2604,20,1,316
0.004,0.004,25.797,19.797,24,18,19.2604,23,1,316
0.7075,0.7075,21.391,15.391,21,15,19.2604,18,1,316
0.9175,0.9175,20.013,16.013,19,15,19.2604,18,1,316
0.1185,0.1185,26.226,18.226,25,17,19.2604,22,1,316
0.44,0.44,24.078,16.078,24,16,19.2604,20,1,316
0.848,0.848,19.604,15.604,19,15,19.2604,18,1,316
0.583,0.583,22.885,14.885,22,14,19.2604,19,1,316
0.6725,0.6725,22.1765,16.1765,22,16,19.2604,19,1,316
0.5505,0.5505,21.7065,15.7065,21,15,19.2604,19,1,316
1,1,17.8175,13.8175,17,13,19.2604,16,1,316
0.555,0.555,21.747,15.747,21,15,19.2604,19,1,316
0.837,0.837,21.153,15.153,21,15,19.2604,18,1,316
0.379,0.379,23.097,17.097,22,16,19.2604,20,1,316
0.4445,0.4445,25.03,15.03,25,15,19.2604,20,1,316
0.139,0.139,24.598,17.598,24,17,19.2604,21,1,316
0.948,0.948,19.545,14.545,19,14,19.2604,17,1,316
1,1,17.173,14.173,17,14,19.2604,16,1,316
0.248,0.248,21.8305,17.8305,21,17,19.2604,20,1,316
0.108,0.108,24.3215,17.3215,23,16,19.2604,21,1,316
0.0815,0.0815,23.655,18.655,22,17,19.2604,21,1,316
1,1,18.3575,15.3575,18,15,19.2604,17,1,316
0.422,0.422,23.1475,17.1475,22,16,19.2604,20,1,316
0.8975,0.8975,19.969,15.969,19,15,19.2604,18,1,316
0.428,0.428,23.1615,17.1615,23,17,19.2604,20,1,316
0.183,0.183,23.976,16.976,23,16,19.2604,21,1,316
0.316,0.316,22.7895,16.7895,22,16,19.2604,20,1,316
0.9985,0.9985,18.6385,13.6385,18,13,19.2604,16,1,316
0.884,0.884,21.2055,15.2055,21,15,19.2604,18,1,316
0.4245,0.4245,24.0825,17.0825,24,17,19.2604,20,1,316
1,1,18.8095,14.8095,18,14,19.2604,17,1,316
1,1,17.2345,14.2345,17,14,19.2604,16,1,316
0.791,0.791,20.5855,15.5855,20,15,19.2604,18,1,316
0.294,0.294,24.304,16.304,24,16,19.2604,20,1,316
0.314,0.314,21.923,16.923,21,16,19.2604,20,1,316
0.82,0.82,19.357,16.357,19,16,19.2604,18,1,316
0.6295,0.6295,20.9365,16.9365,20,16,19.2604,19,1,316
1,1,18.3145,14.3145,18,14,19.2604,16,1,316
0.0375,0.0375,25.565,18.565,24,17,19.2604,22,1,316
0.915,0.915,19.4915,14.4915,19,14,19.2604,17,1,316
0.623,0.623,20.8915,16.8915,20,16,19.2604,19,1,316
0.0795,0.0795,23.5215,18.5215,22,17,19.2604,21,1,316
0.605,0.605,21.8775,15.8775,21,15,19.2604,19,1,316
1,1,18.777,14.777,18,14,19.2604,17,1,316
0.001,0.001,26.7765,20.7765,25,19,19.2604,24,1,316
0.3315,0.3315,23.698,16.698,23,16,19.2604,20,1,316
0.6035,0.6035,20.866,16.866,20,16,19.2604,19,1,316
0.3015,0.3015,21.9745,17.9745,21,17,19.2604,20,1,316
0.185,0.185,24.7825,17.7825,24,17,19.2604,21,1,316
0.1305,0.1305,23.014,18.014,22,17,19.2604,21,1,316
1,1,17.2065,14.2065,17,14,19.2604,16,1,316
0.1335,0.1335,24.5915,17.5915,24,17,19.2604,21,1,316
0.854,0.854,21.1195,15.1195,21,15,19.2604,18,1,316
0.4975,0.4975,22.422,15.422,22,15,19.2604,19,1,316
0.9115,0.9115,19.7625,15.7625,19,15,19.2604,18,1,316
0.1905,0.1905,24.0275,18.0275,23,17,19.2604,21,1,316
0.3465,0.3465,22.9775,16.9775,22,16,19.2604,20,1,316
0.87,0.87,21.1415,15.1415,21,15,19.2604,18,1,316
0.3765,0.3765,23.0835,17.0835,22,16,19.2604,20,1,316
0.345,0.345,22.034,17.034,21,16,19.2604,20,1,316
1,1,18.7985,14.7985,18,14,19.2604,17,1,316
0.8445,0.8445,21.153,15.153,20,14,19.2604,18,1,316
0.9155,0.9155,19.8525,15.8525,19,15,19.2604,18,1,316
0.1385,0.1385,26.76,17.76,27,18,19.2604,22,1,316
0.308,0.308,23.5825,16.5825,23,16,19.2604,20,1,316
0.9145,0.9145,19.904,15.904,19,15,19.2604,18,1,316
0.6275,0.6275,20.9445,16.9445,20,16,19.2604,19,1,316
0.8405,0.8405,19.609,15.609,19,15,19.2604,18,1,316
0.569,0.569,21.782,15.782,21,15,19.2604,19,1,316
0.666,0.666,22.134,16.134,22,16,19.2604,19,1,316
0.958,0.958,19.3735,13.3735,19,13,19.2604,16,1,316
0.184,0.184,24.701,17.701,24,17,19.2604,21,1,316
0.4965,0.4965,21.556,16.556,21,16,19.2604,19,1,316
0.978,0.978,18.291,13.291,18,13,19.2604,16,1,316
0.79,0.79,20.841,14.841,20,14,19.2604,18,1,316
0.572,0.572,21.7955,15.7955,21,15,19.2604,19,1,316
0.817,0.817,20.8045,14.8045,20,14,19.2604,18,1,316
0.5055,0.5055,21.5375,16.5375,21,16,19.2604,19,1,316
0.2985,0.2985,23.538,16.538,23,16,19.2604,20,1,316
0.624,0.624,20.8765,16.8765,20,16,19.2604,19,1,316
0.8115,0.8115,20.8375,14.8375,20,14,19.2604,18,1,316
0.3555,0.3555,23.7475,16.7475,23,16,19.2604,20,1,316
0.6865,0.6865,21.2615,15.2615,21,15,19.2604,18,1,316
0.882,0.882,21.2485,15.2485,21,15,19.2604,18,1,316
0.3075,0.3075,26.194,16.194,26,16,19.2604,21,1,316
0.503,0.503,21.5465,16.5465,21,16,19.2604,19,1,316
0.482,0.482,22.345,15.345,22,15,19.2604,19,1,316
0.371,0.371,23.7895,15.7895,23,15,19.2604,20,1,316
0.3125,0.3125,23.637,16.637,23,16,19.2604,20,1,316
0.381,0.381,23.0185,17.0185,22,16,19.2604,20,1,316
0.642,0.642,20.967,16.967,20,16,19.2604,19,1,316
0.0495,0.0495,25.557,18.557,25,18,19.2604,22,1,316
1,1,17.7935,13.7935,17,13,19.2604,16,1,316
0.98,0.98,18.961,13.961,18,13,19.2604,17,1,316
0.53,0.53,22.678,15.678,22,15,19.2604,19,1,316
1,1,18.337,14.337,18,14,19.2604,16,1,316
1,1,17.2735,14.2735,17,14,19.2604,16,1,316
0.269,0.269,25.2075,17.2075,25,17,19.2604,21,1,316
0.1465,0.1465,24.6965,17.6965,24,17,19.2604,21,1,316
0.9185,0.9185,20.0695,16.0695,19,15,19.2604,18,1,316
0.837,0.837,21.2095,15.2095,21,15,19.2604,18,1,316
0.9395,0.9395,19.7395,13.7395,19,13,19.2604,17,1,316
0.086,0.086,23.6635,18.6635,22,17,19.2604,21,1,316
0.759,0.759,20.3005,15.3005,20,15,19.2604,18,1,316
0.9965,0.9965,19.235,13.235,19,13,19.2604,16,1,316
0.0675,0.0675,25.05,19.05,24,18,19.2604,22,1,316
0.2215,0.2215,25.5885,16.5885,25,16,19.2604,21,1,316
0.2005,0.2005,21.6475,17.6475,21,17,19.2604,20,1,316
1,1,18.317,14.317,18,14,19.2604,16,1,316
0.5265,0.5265,21.6315,16.6315,20,15,19.2604,19,1,316
0.099,0.099,25.679,17.679,25,17,19.2604,22,1,316
0.4245,0.4245,23.1705,17.1705,23,17,19.2604,20,1,316
0.6565,0.6565,22.0895,16.0895,21,15,19.2604,19,1,316
1,1,18.9125,15.9125,18,15,19.2604,18,1,316
0.9,0.9,19.822,15.822,19,15,19.2604,18,1,316
0.328,0.328,21.9655,16.9655,21,16,19.2604,20,1,316
0.4565,0.4565,24.2315,16.2315,24,16,19.2604,20,1,316
0.643,0.643,23.1795,15.1795,23,15,19.2604,19,1,316
0.962,0.962,19.3375,15.3375,19,15,19.2604,17,1,316
0.295,0.295,23.5505,16.5505,23,16,19.2604,20,1,316
0.4385,0.4385,23.201,17.201,23,17,19.2604,20,1,316
0.8855,0.8855,21.0215,15.0215,20,14,19.2604,18,1,316
0.856,0.856,21.1395,15.1395,21,15,19.2604,18,1,316
1,1,16.315,13.315,16,13,19.2604,15,1,316
0.488,0.488,20.522,16.522,20,16,19.2604,19,1,316
0.033,0.033,26.91,18.91,25,17,19.2604,23,1,316
1,1,18.379,15.379,18,15,19.2604,17,1,316
0.55,0.55,21.7355,15.7355,21,15,19.2604,19,1,316
0.314,0.314,23.645,16.645,23,16,19.2604,20,1,316
0.964,0.964,19.3135,15.3135,19,15,19.2604,17,1,316
0.22,0.22,25.044,17.044,25,17,19.2604,21,1,316
0.9255,0.9255,19.9385,15.9385,19,15,19.2604,18,1,316
0.8145,0.8145,19.456,15.456,19,15,19.2604,18,1,316
0.329,0.329,21.993,16.993,21,16,19.2604,20,1,316
0.573,0.573,21.815,15.815,21,15,19.2604,19,1,316
0.3525,0.3525,23.729,16.729,23,16,19.2604,20,1,316
0.2285,0.2285,24.1405,17.1405,23,16,19.2604,21,1,316
0.629,0.629,22.0475,16.0475,22,16,19.2604,19,1,316
0.1645,0.1645,23.904,17.904,23,17,19.2604,21,1,316
1,1,17.352,12.352,17,12,19.2604,15,1,316
0.958,0.958,19.3425,14.3425,19,14,19.2604,17,1,316
0.176,0.176,24.839,17.839,24,17,19.2604,21,1,316
0.0815,0.0815,26.5535,18.5535,26,18,19.2604,22,1,316
0.991,0.991,18.681,13.681,18,13,19.2604,16,1,316
0.7645,0.7645,20.393,15.393,20,15,19.2604,18,1,316
1,1,15.177,14.177,15,14,19.2604,15,1,316
0.9685,0.9685,20.1695,14.1695,20,14,19.2604,17,1,316
0.2625,0.2625,22.638,17.638,21,16,19.2604,20,1,316
0.236,0.236,25.858,16.858,26,17,19.2604,21,1,316
0.9425,0.9425,20.2015,14.2015,20,14,19.2604,17,1,316
0.4045,0.4045,23.148,17.148,22,16,19.2604,20,1,316
0.6295,0.6295,23.0375,15.0375,23,15,19.2604,19,1,316
0.3075,0.3075,23.5835,16.5835,23,16,19.2604,20,1,316
0.1285,0.1285,24.4375,17.4375,24,17,19.2604,21,1,316
0.3095,0.3095,21.9755,17.9755,21,17,19.2604,20,1,316
0.1725,0.1725,24.0975,18.0975,23,17,19.2604,21,1,316
0.7365,0.7365,20.4475,15.4475,20,15,19.2604,18,1,316
0.382,0.382,23.12,17.12,22,16,19.2604,20,1,316
0.4315,0.4315,24.118,16.118,24,16,19.2604,20,1,316
0.6445,0.6445,22.0815,16.0815,22,16,19.2604,19,1,316
0.609,0.609,20.8475,16.8475,20,16,19.2604,19,1,316
0.0725,0.0725,23.483,18.483,23,18,19.2604,21,1,316
0.6315,0.6315,20.9375,16.9375,20,16,19.2604,19,1,316
0.9225,0.9225,19.9965,15.9965,19,15,19.2604,18,1,316
0.552,0.552,22.73,15.73,22,15,19.2604,19,1,316
1,1,17.744,14.744,17,14,19.2604,16,1,316
0.718,0.718,21.331,15.331,21,15,19.2604,18,1,316
0.655,0.655,22.1055,16.1055,21,15,19.2604,19,1,316
0.4815,0.4815,21.4725,16.4725,21,16,19.2604,19,1,316
0.776,0.776,21.7855,14.7855,21,14,19.2604,18,1,316
1,1,18.613,15.613,18,15,19.2604,17,1,316
0.9565,0.9565,19.3115,15.3115,19,15,19.2604,17,1,316
0.0745,0.0745,23.531,18.531,23,18,19.2604,21,1,316
0.1075,0.1075,28.1875,18.1875,28,18,19.2604,23,1,316
0.9515,0.9515,19.592,14.592,19,14,19.2604,17,1,316
0.811,0.811,19.358,16.358,19,16,19.2604,18,1,316
0.0345,0.0345,27.3725,18.3725,26,17,19.2604,23,1,316
0.4905,0.4905,22.358,16.358,22,16,19.2604,19,1,316
0.697,0.697,21.325,15.325,21,15,19.2604,18,1,316
0.6085,0.6085,20.8535,16.8535,20,16,19.2604,19,1,316
0.931,0.931,19.5275,14.5275,19,14,19.2604,17,1,316
0.646,0.646,21.0085,16.0085,20,15,19.2604,19,1,316
0.6145,0.6145,23.0085,15.0085,23,15,19.2604,19,1,316
0.6055,0.6055,22.9655,14.9655,23,15,19.2604,19,1,316
0.9385,0.9385,19.5395,14.5395,19,14,19.2604,17,1,316
0.6705,0.6705,22.1725,16.1725,22,16,19.2604,19,1,316
0.748,0.748,20.3305,15.3305,20,15,19.2604,18,1,316
0.2065,0.2065,24.081,18.081,23,17,19.2604,21,1,316
0.299,0.299,23.557,16.557,23,16,19.2604,20,1,316
0.251,0.251,25.0155,17.0155,25,17,19.2604,21,1,316
0.6135,0.6135,23.071,15.071,23,15,19.2604,19,1,316
0.6375,0.6375,23.2445,15.2445,23,15,19.2604,19,1,316
0.54,0.54,21.728,15.728,21,15,19.2604,19,1,316
0.9545,0.9545,19.6095,14.6095,19,14,19.2604,17,1,316
0.211,0.211,25.669,16.669,25,16,19.2604,21,1,316
0.5855,0.5855,21.811,15.811,21,15,19.2604,19,1,316
0.5805,0.5805,21.796,15.796,21,15,19.2604,19,1,316
0.1015,0.1015,23.669,18.669,22,17,19.2604,21,1,316
0.9385,0.9385,19.848,13.848,19,13,19.2604,17,1,316
1,1,17.1925,14.1925,17,14,19.2604,16,1,316
0.9005,0.9005,19.792,15.792,19,15,19.2604,18,1,316
0.558,0.558,21.6935,16.6935,20,15,19.2604,19,1,316
0.631,0.631,20.955,16.955,20,16,19.2604,19,1,316
0.081,0.081,24.3345,18.3345,23,17,19.2604,21,1,316
0.165,0.165,23.948,17.948,23,17,19.2604,21,1,316
0.323,0.323,21.9365,16.9365,21,16,19.2604,20,1,316
0.1525,0.1525,24.719,17.719,23,16,19.2604,21,1,316
1,1,18.2925,15.2925,18,15,19.2604,17,1,316
0.875,0.875,21.099,15.099,20,14,19.2604,18,1,316
0.193,0.193,25.661,16.661,25,16,19.2604,21,1,316
0.4255,0.4255,23.1465,16.1465,23,16,19.2604,20,1,316
0.949,0.949,19.5465,14.5465,19,14,19.2604,17,1,316
0.0805,0.0805,23.6275,18.6275,22,17,19.2604,21,1,316
1,1,15.571,13.571,15,13,19.2604,15,1,316
0.909,0.909,19.8655,15.8655,19,15,19.2604,18,1,316
0.5425,0.5425,22.681,15.681,22,15,19.2604,19,1,316
0.9405,0.9405,19.5295,14.5295,19,14,19.2604,17,1,316
0.6755,0.6755,21.1025,16.1025,20,15,19.2604,19,1,316
0.914,0.914,19.779,15.779,19,15,19.2604,18,1,316
0.159,0.159,27.144,17.144,27,17,19.2604,22,1,316
0.8745,0.8745,19.9135,14.9135,19,14,19.2604,18,1,316
0.7805,0.7805,21.9645,14.9645,21,14,19.2604,18,1,316
0.215,0.215,21.765,17.765,21,17,19.2604,20,1,316
0.189,0.189,25.599,16.599,25,16,19.2604,21,1,316
0.6045,0.6045,20.7645,16.7645,20,16,19.2604,19,1,316
0.535,0.535,21.66,16.66,20,15,19.2604,19,1,316
0.612,0.612,20.917,15.917,20,15,19.2604,19,1,316
0.637,0.637,23.0515,16.0515,23,16,19.2604,19,1,316
0.8455,0.8455,21.181,15.181,21,15,19.2604,18,1,316
1,1,18.308,15.308,18,15,19.2604,17,1,316
0.8175,0.8175,20.7665,15.7665,20,15,19.2604,18,1,316
1,1,18.339,14.339,18,14,19.2604,16,1,316
0.0025,0.0025,27.4775,20.4775,25,18,19.2604,24,1,316
0.6585,0.6585,22.1015,16.1015,22,16,19.2604,19,1,316
0.509,0.509,21.532,16.532,21,16,19.2604,19,1,316
0.502,0.502,21.5365,16.5365,21,16,19.2604,19,1,316
0.567,0.567,21.7685,15.7685,21,15,19.2604,19,1,316
0.9485,0.9485,19.449,14.449,19,14,19.2604,17,1,316
0.966,0.966,19.321,15.321,19,15,19.2604,17,1,316
0.29,0.29,23.5435,16.5435,23,16,19.2604,20,1,316
0.1395,0.1395,24.7075,17.7075,23,16,19.2604,21,1,316
0.067,0.067,25.7115,18.7115,25,18,19.2604,22,1,316
0.053,0.053,25.5475,18.5475,24,17,19.2604,22,1,316
0.241,0.241,24.9845,16.9845,25,17,19.2604,21,1,316
0.2295,0.2295,22.5055,17.5055,22,17,19.2604,20,1,316
0.123,0.123,23.127,18.127,22,17,19.2604,21,1,316
0.708,0.708,21.531,14.531,21,14,19.2604,18,1,316
0.8425,0.8425,19.6085,15.6085,19,15,19.2604,18,1,316
0.098,0.098,24.3345,17.3345,23,16,19.2604,21,1,316
0.9295,0.9295,19.615,14.615,19,14,19.2604,17,1,316
1,1,17.464,15.464,17,15,19.2604,17,1,316
0.382,0.382,23.0585,17.0585,22,16,19.2604,20,1,316
0.576,0.576,21.7675,16.7675,21,16,19.2604,19,1,316
0.644,0.644,23.1595,15.1595,23,15,19.2604,19,1,316
0.8935,0.8935,20.208,15.208,19,14,19.2604,18,1,316
0.1745,0.1745,24.142,18.142,23,17,19.2604,21,1,316
0.234,0.234,23.397,17.397,22,16,19.2604,20,1,316
0.755,0.755,20.4,15.4,20,15,19.2604,18,1,316
0.045,0.045,27.8105,18.8105,27,18,19.2604,23,1,316
0.8445,0.8445,19.5425,15.5425,19,15,19.2604,18,1,316
1,1,17.805,13.805,17,13,19.2604,16,1,316
0.2535,0.2535,21.732,17.732,20,16,19.2604,20,1,316
0.637,0.637,22.0725,16.0725,22,16,19.2604,19,1,316
0.269,0.269,23.429,16.429,22,15,19.2604,20,1,316
0.3745,0.3745,23.087,17.087,22,16,19.2604,20,1,316
0.57,0.57,22.746,15.746,22,15,19.2604,19,1,316
1,1,17.2005,14.2005,17,14,19.2604,16,1,316
1,1,18.78,14.78,18,14,19.2604,17,1,316
0.7285,0.7285,21.403,15.403,21,15,19.2604,18,1,316
0.6595,0.6595,22.121,16.121,22,16,19.2604,19,1,316
0.7155,0.7155,21.393,15.393,21,15,19.2604,18,1,316
0.291,0.291,21.953,17.953,21,17,19.2604,20,1,316
0.3335,0.3335,21.969,16.969,21,16,19.2604,20,1,316
0.381,0.381,23.105,17.105,22,16,19.2604,20,1,316
0.309,0.309,21.985,17.985,21,17,19.2604,20,1,316
1,1,18.813,14.813,18,14,19.2604,17,1,316
0.505,0.505,21.5475,16.5475,21,16,19.2604,19,1,316
0.009,0.009,28.314,19.314,27,18,19.2604,24,1,316
0.913,0.913,19.7995,15.7995,19,15,19.2604,18,1,316
0.634,0.634,21.0335,16.0335,20,15,19.2604,19,1,316
0.546,0.546,21.697,15.697,21,15,19.2604,19,1,316
0.8585,0.8585,21.254,15.254,21,15,19.2604,18,1,316
0.025,0.025,25.326,18.326,24,17,19.2604,22,1,316
0.0465,0.0465,27.1975,19.1975,26,18,19.2604,23,1,316
0.1875,0.1875,24.01,18.01,23,17,19.2604,21,1,316
0.0335,0.0335,26.1805,19.1805,25,18,19.2604,23,1,316
0.359,0.359,22.056,17.056,21,16,19.2604,20,1,316
0.5955,0.5955,22.9445,15.9445,22,15,19.2604,19,1,316
0.325,0.325,21.957,17.957,21,17,19.2604,20,1,316
0.655,0.655,23.256,15.256,23,15,19.2604,19,1,316
0.342,0.342,22.095,17.095,21,16,19.2604,20,1,316
0.9085,0.9085,19.837,15.837,19,15,19.2604,18,1,316
0.3385,0.3385,21.9955,16.9955,21,16,19.2604,20,1,316
1,1,17.2705,14.2705,17,14,19.2604,16,1,316
0.821,0.821,19.422,16.422,19,16,19.2604,18,1,316
0.6805,0.6805,22.2055,16.2055,22,16,19.2604,19,1,316
0.4965,0.4965,21.5205,16.5205,21,16,19.2604,19,1,316
0.847,0.847,21.21,15.21,21,15,19.2604,18,1,316
0.179,0.179,23.9915,17.9915,23,17,19.2604,21,1,316
0.0455,0.0455,27.6765,18.6765,27,18,19.2604,23,1,316
0.5555,0.5555,21.7415,15.7415,21,15,19.2604,19,1,316
0.4265,0.4265,24.102,16.102,24,16,19.2604,20,1,316
0.3005,0.3005,24.281,16.281,24,16,19.2604,20,1,316
0.348,0.348,22.002,17.002,21,16,19.2604,20,1,316
0.8685,0.8685,20.3225,14.3225,20,14,19.2604,17,1,316
0.619,0.619,20.8895,16.8895,20,16,19.2604,19,1,316
0.3915,0.3915,23.054,17.054,23,17,19.2604,20,1,316
0.652,0.652,23.254,15.254,23,15,19.2604,19,1,316
0.701,0.701,21.3225,15.3225,21,15,19.2604,18,1,316
0.7265,0.7265,21.4755,14.4755,21,14,19.2604,18,1,316
0.9165,0.9165,19.9885,15.9885,19,15,19.2604,18,1,316
0.164,0.164,23.1545,18.1545,22,17,19.2604,21,1,316
0.0665,0.0665,29.377,17.377,29,17,19.2604,23,1,316
0.104,0.104,25.239,18.239,24,17,19.2604,22,1,316
0.4395,0.4395,24.092,16.092,24,16,19.2604,20,1,316
0.53,0.53,22.6195,15.6195,22,15,19.2604,19,1,316
0.5485,0.5485,22.67,15.67,22,15,19.2604,19,1,316
0.2225,0.2225,24.7645,16.7645,24,16,19.2604,21,1,316
0.358,0.358,22.955,16.955,22,16,19.2604,20,1,316
0.202,0.202,26.346,16.346,26,16,19.2604,21,1,316
1,1,17.81,14.81,17,14,19.2604,16,1,316
0.82,0.82,20.761,14.761,20,14,19.2604,18,1,316
0.824,0.824,20.843,14.843,20,14,19.2604,18,1,316
1,1,18.361,15.361,18,15,19.2604,17,1,316
0.857,0.857,21.0685,15.0685,21,15,19.2604,18,1,316
0.656,0.656,22.1515,16.1515,22,16,19.2604,19,1,316
0.784,0.784,20.5465,15.5465,20,15,19.2604,18,1,316
0.674,0.674,22.225,16.225,22,16,19.2604,19,1,316
0.248,0.248,23.3685,16.3685,22,15,19.2604,20,1,316
0.8765,0.8765,19.929,15.929,19,15,19.2604,18,1,316
0.841,0.841,21.2025,15.2025,21,15,19.2604,18,1,316
0.999,0.999,18.9585,12.9585,18,12,19.2604,16,1,316
0.659,0.659,21.093,16.093,20,15,19.2604,19,1,316
0.081,0.081,23.5845,18.5845,22,17,19.2604,21,1,316
0.6145,0.6145,20.9255,16.9255,20,16,19.2604,19,1,316
0.971,0.971,19.609,14.609,19,14,19.2604,17,1,316
0.957,0.957,19.2905,14.2905,19,14,19.2604,17,1,316
0.162,0.162,24.1265,18.1265,23,17,19.2604,21,1,316
1,1,17.213,14.213,17,14,19.2604,16,1,316
0.3785,0.3785,23.0015,17.0015,22,16,19.2604,20,1,316
0.657,0.657,22.2745,14.2745,22,14,19.2604,18,1,316
0.189,0.189,21.6375,17.6375,21,17,19.2604,20,1,316
0.2545,0.2545,23.377,16.377,22,15,19.2604,20,1,316
0.305,0.305,24.474,16.474,24,16,19.2604,20,1,316
0.1965,0.1965,24.0575,18.0575,23,17,19.2604,21,1,316
0.2095,0.2095,25.7325,16.7325,25,16,19.2604,21,1,316
1,1,18.4215,15.4215,18,15,19.2604,17,1,316
0.801,0.801,20.763,14.763,20,14,19.2604,18,1,316
0.0875,0.0875,23.6355,18.6355,22,17,19.2604,21,1,316
0.054,0.054,26.274,18.274,25,17,19.2604,22,1,316
0.9475,0.9475,19.57,14.57,19,14,19.2604,17,1,316
0.6515,0.6515,20.998,15.998,20,15,19.2604,19,1,316
0.7065,0.7065,21.349,15.349,21,15,19.2604,18,1,316
0.173,0.173,27.0615,17.0615,27,17,19.2604,22,1,316
0.293,0.293,24.334,16.334,24,16,19.2604,20,1,316
0.305,0.305,23.5945,16.5945,23,16,19.2604,20,1,316
0.4225,0.4225,24.0665,16.0665,24,16,19.2604,20,1,316
0.564,0.564,21.729,15.729,21,15,19.2604,19,1,316
0.1505,0.1505,27.0715,17.0715,27,17,19.2604,22,1,316
0.4315,0.4315,24.0675,16.0675,24,16,19.2604,20,1,316
0.561,0.561,20.6995,16.6995,19,15,19.2604,19,1,316
0.0775,0.0775,23.6355,18.6355,22,17,19.2604,21,1,316
0.735,0.735,20.4475,15.4475,20,15,19.2604,18,1,316
1,1,17.3005,14.3005,17,14,19.2604,16,1,316
0.494,0.494,21.513,16.513,21,16,19.2604,19,1,316
0.6505,0.6505,20.9735,16.9735,20,16,19.2604,19,1,316
0.913,0.913,19.859,15.859,19,15,19.2604,18,1,316
0.314,0.314,21.935,16.935,21,16,19.2604,20,1,316
0.906,0.906,19.7705,15.7705,19,15,19.2604,18,1,316
0.5075,0.5075,22.5045,15.5045,22,15,19.2604,19,1,316
0.9045,0.9045,19.4755,14.4755,19,14,19.2604,17,1,316
0.649,0.649,22.0995,16.0995,22,16,19.2604,19,1,316
0.869,0.869,21.1395,15.1395,21,15,19.2604,18,1,316
0.9115,0.9115,19.9725,15.9725,19,15,19.2604,18,1,316
0.2455,0.2455,22.5835,17.5835,21,16,19.2604,20,1,316
0.5755,0.5755,22.8325,15.8325,22,15,19.2604,19,1,316
0.449,0.449,22.2635,16.2635,22,16,19.2604,19,1,316
0.338,0.338,23.737,16.737,23,16,19.2604,20,1,316
0.63,0.63,22.084,16.084,21,15,19.2604,19,1,316
0.388,0.388,22.998,16.998,22,16,19.2604,20,1,316
0.2595,0.2595,21.8685,17.8685,21,17,19.2604,20,1,316
0.055,0.055,25.5565,18.5565,25,18,19.2604,22,1,316
0.625,0.625,20.9445,16.9445,20,16,19.2604,19,1,316
0.4105,0.4105,24.0315,16.0315,24,16,19.2604,20,1,316
0.364,0.364,23.8375,15.8375,23,15,19.2604,20,1,316
0.763,0.763,20.533,15.533,20,15,19.2604,18,1,316
0.788,0.788,21.763,14.763,21,14,19.2604,18,1,316
0.3895,0.3895,23.059,17.059,22,16,19.2604,20,1,316
0.911,0.911,19.949,15.949,19,15,19.2604,18,1,316
0.8165,0.8165,20.7815,14.7815,20,14,19.2604,18,1,316
0.038,0.038,24.7675,18.7675,23,17,19.2604,22,1,316
0.486,0.486,22.38,15.38,22,15,19.2604,19,1,316
0.7345,0.7345,21.645,14.645,21,14,19.2604,18,1,316
0.649,0.649,21.076,16.076,20,15,19.2604,19,1,316
0.162,0.162,24.092,18.092,23,17,19.2604,21,1,316
0.143,0.143,24.587,17.587,24,17,19.2604,21,1,316
0.1105,0.1105,24.3285,17.3285,23,16,19.2604,21,1,316
0.327,0.327,23.7095,16.7095,23,16,19.2604,20,1,316
0.337,0.337,23.7285,16.7285,23,16,19.2604,20,1,316
0.9745,0.9745,20.1705,14.1705,20,14,19.2604,17,1,316
0.729,0.729,21.434,15.434,21,15,19.2604,18,1,316
0.4085,0.4085,23.122,17.122,22,16,19.2604,20,1,316
0.4505,0.4505,25.1115,15.1115,25,15,19.2604,20,1,316
0.6855,0.6855,21.299,14.299,21,14,19.2604,18,1,316
0.4555,0.4555,24.251,16.251,24,16,19.2604,20,1,316
0.011,0.011,26.548,19.548,26,19,19.2604,23,1,316
0.6635,0.6635,22.1855,16.1855,22,16,19.2604,19,1,316
0.889,0.889,19.581,16.581,19,16,19.2604,18,1,316
0.422,0.422,24.112,16.112,24,16,19.2604,20,1,316
0.911,0.911,20.2445,15.2445,19,14,19.2604,18,1,316
0.3845,0.3845,23.9645,16.9645,24,17,19.2604,20,1,316
0.1985,0.1985,24.042,18.042,24,18,19.2604,21,1,316
0.482,0.482,22.3665,16.3665,22,16,19.2604,19,1,316
0.028,0.028,24.7045,18.7045,23,17,19.2604,22,1,316
0.575,0.575,21.745,15.745,21,15,19.2604,19,1,316
0.245,0.245,25.0845,17.0845,25,17,19.2604,21,1,316
0.378,0.378,23.0885,17.0885,22,16,19.2604,20,1,316
0.7765,0.7765,20.542,15.542,20,15,19.2604,18,1,316
0.8255,0.8255,20.824,14.824,20,14,19.2604,18,1,316
0.6745,0.6745,22.1185,16.1185,22,16,19.2604,19,1,316
0.917,0.917,19.776,15.776,19,15,19.2604,18,1,316
0.6655,0.6655,22.139,16.139,21,15,19.2604,19,1,316
0.402,0.402,24.002,16.002,24,16,19.2604,20,1,316
0.191,0.191,24.021,18.021,23,17,19.2604,21,1,316
0.4,0.4,23.0445,17.0445,23,17,19.2604,20,1,316
0.278,0.278,22.6955,17.6955,21,16,19.2604,20,1,316
0.0645,0.0645,26.6045,17.6045,26,17,19.2604,22,1,316
0.2595,0.2595,23.366,16.366,22,15,19.2604,20,1,316
0.907,0.907,19.8295,15.8295,19,15,19.2604,18,1,316
0.2845,0.2845,24.2925,16.2925,24,16,19.2604,20,1,316
0.4615,0.4615,22.2765,16.2765,22,16,19.2604,19,1,316
0.9705,0.9705,20.165,14.165,20,14,19.2604,17,1,316
0.889,0.889,19.9395,14.9395,19,14,19.2604,18,1,316
0.4235,0.4235,24.077,16.077,24,16,19.2604,20,1,316
0.176,0.176,24.815,17.815,24,17,19.2604,21,1,316
0.392,0.392,23.093,17.093,22,16,19.2604,20,1,316
0.9605,0.9605,19.2965,15.2965,19,15,19.2604,17,1,316
0.4465,0.4465,23.197,17.197,23,17,19.2604,20,1,316
0.261,0.261,25.0245,17.0245,25,17,19.2604,21,1,316
0.8325,0.8325,21.1255,15.1255,21,15,19.2604,18,1,316
0.6505,0.6505,23.154,15.154,23,15,19.2604,19,1,316
0.5135,0.5135,21.5695,16.5695,21,16,19.2604,19,1,316
0.8085,0.8085,20.6335,15.6335,20,15,19.2604,18,1,316
0.7595,0.7595,21.7175,14.7175,21,14,19.2604,18,1,316
0.0535,0.0535,25.564,18.564,24,17,19.2604,22,1,316
0.832,0.832,21.18,15.18,21,15,19.2604,18,1,316
0.0905,0.0905,23.661,17.661,22,16,19.2604,21,1,316
0.242,0.242,24.24,17.24,23,16,19.2604,21,1,316
1,1,18.541,14.541,18,14,19.2604,17,1,316
0.327,0.327,22.0435,17.0435,21,16,19.2604,20,1,316
0.776,0.776,20.2855,16.2855,20,16,19.2604,18,1,316
0.416,0.416,22.211,17.211,21,16,19.2604,20,1,316
0.073,0.073,25.7585,18.7585,25,18,19.2604,22,1,316
0.4735,0.4735,23.3155,15.3155,23,15,19.2604,19,1,316
0.3795,0.3795,24.799,15.799,24,15,19.2604,20,1,316
0.9285,0.9285,19.785,15.785,19,15,19.2604,18,1,316
0.4525,0.4525,22.275,16.275,22,16,19.2604,19,1,316
0.4895,0.4895,22.404,16.404,22,16,19.2604,19,1,316
1,1,17.376,14.376,17,14,19.2604,16,1,316
0.4225,0.4225,24.0925,17.0925,24,17,19.2604,20,1,316
0.5195,0.5195,22.624,15.624,22,15,19.2604,19,1,316
0.35,0.35,22.021,17.021,21,16,19.2604,20,1,316
0.6285,0.6285,20.9525,16.9525,20,16,19.2604,19,1,316
0.4345,0.4345,21.3765,16.3765,21,16,19.2604,19,1,316
0.959,0.959,19.314,15.314,19,15,19.2604,17,1,316
0.6765,0.6765,22.1585,16.1585,22,16,19.2604,19,1,316
0.4285,0.4285,21.2935,16.2935,21,16,19.2604,19,1,316
1,1,17.3285,13.3285,17,13,19.2604,15,1,316
0.303,0.303,22.684,16.684,22,16,19.2604,20,1,316
0.3975,0.3975,23.0845,17.0845,22,16,19.2604,20,1,316
0.841,0.841,21.2015,15.2015,21,15,19.2604,18,1,316
0.973,0.973,20.2005,14.2005,20,14,19.2604,17,1,316
1,1,18.7925,14.7925,18,14,19.2604,17,1,316
1,1,15.333,13.333,15,13,19.2604,15,1,316
0.462,0.462,22.279,15.279,22,15,19.2604,19,1,316
0.557,0.557,22.726,15.726,22,15,19.2604,19,1,316
0.5505,0.5505,21.724,15.724,21,15,19.2604,19,1,316
0.607,0.607,20.9205,16.9205,20,16,19.2604,19,1,316
0.5345,0.5345,22.6365,15.6365,22,15,19.2604,19,1,316
0.468,0.468,24.2565,16.2565,24,16,19.2604,20,1,316
0.9645,0.9645,19.3445,15.3445,19,15,19.2604,17,1,316
0.253,0.253,22.604,17.604,21,16,19.2604,20,1,316
0.997,0.997,18.618,13.618,18,13,19.2604,16,1,316
0.9105,0.9105,19.8995,15.8995,19,15,19.2604,18,1,316
0.1145,0.1145,25.955,17.955,25,17,19.2604,22,1,316
0.098,0.098,23.6605,17.6605,22,16,19.2604,21,1,316
0.9725,0.9725,20.201,14.201,20,14,19.2604,17,1,316
0.528,0.528,21.6575,16.6575,20,15,19.2604,19,1,316
0.785,0.785,20.5585,15.5585,20,15,19.2604,18,1,316
0.219,0.219,23.3775,17.3775,23,17,19.2604,20,1,316
0.266,0.266,23.3335,16.3335,23,16,19.2604,20,1,316
1,1,17.778,13.778,17,13,19.2604,16,1,316
1,1,17.809,13.809,17,13,19.2604,16,1,316
0.5085,0.5085,21.5545,16.5545,21,16,19.2604,19,1,316
0.8765,0.8765,19.909,15.909,19,15,19.2604,18,1,316
0.178,0.178,24.9555,17.9555,24,17,19.2604,21,1,316
0.9705,0.9705,20.1465,14.1465,20,14,19.2604,17,1,316
0.283,0.283,22.6,16.6,22,16,19.2604,20,1,316
0.605,0.605,20.874,16.874,20,16,19.2604,19,1,316
0.9195,0.9195,19.8495,15.8495,19,15,19.2604,18,1,316
1,1,16.5305,14.5305,16,14,19.2604,16,1,316
0.8255,0.8255,19.347,16.347,19,16,19.2604,18,1,316
0.0895,0.0895,24.3215,18.3215,23,17,19.2604,21,1,316
0.9785,0.9785,19.164,14.164,18,13,19.2604,17,1,316
0.859,0.859,20.35,14.35,20,14,19.2604,17,1,316
0.1,0.1,22.8005,18.8005,21,17,19.2604,21,1,316
0.292,0.292,23.5155,16.5155,23,16,19.2604,20,1,316
0.277,0.277,26.125,17.125,26,17,19.2604,21,1,316
0.3,0.3,23.5385,16.5385,23,16,19.2604,20,1,316
0.9085,0.9085,19.814,15.814,19,15,19.2604,18,1,316
0.03,0.03,25.312,18.312,24,17,19.2604,22,1,316
0.6185,0.6185,20.8765,16.8765,20,16,19.2604,19,1,316
0.9545,0.9545,19.751,14.751,19,14,19.2604,17,1,316
0.24,0.24,25.0625,17.0625,25,17,19.2604,21,1,316
0.241,0.241,22.6555,17.6555,21,16,19.2604,20,1,316
0.4125,0.4125,23.1145,17.1145,22,16,19.2604,20,1,316
1,1,18.5415,14.5415,18,14,19.2604,17,1,316
0.471,0.471,24.208,16.208,24,16,19.2604,20,1,316
0.669,0.669,22.159,16.159,22,16,19.2604,19,1,316
0.0055,0.0055,27.1555,20.1555,25,18,19.2604,24,1,316
0.949,0.949,19.6015,14.6015,19,14,19.2604,17,1,316
0.563,0.563,22.7615,14.7615,22,14,19.2604,19,1,316
1,1,18.7745,14.7745,18,14,19.2604,17,1,316
0.6145,0.6145,22,16,22,16,19.2604,19,1,316
0.434,0.434,24.114,16.114,24,16,19.2604,20,1,316
0.5055,0.5055,21.55,16.55,21,16,19.2604,19,1,316
0.3085,0.3085,23.6145,16.6145,23,16,19.2604,20,1,316
0.441,0.441,24.1445,16.1445,24,16,19.2604,20,1,316
0.773,0.773,20.521,15.521,20,15,19.2604,18,1,316
0.998,0.998,18.698,13.698,18,13,19.2604,16,1,316
0.292,0.292,23.3955,16.3955,23,16,19.2604,20,1,316
0.5395,0.5395,22.621,15.621,22,15,19.2604,19,1,316
0.6415,0.6415,22.1365,16.1365,22,16,19.2604,19,1,316
0.1015,0.1015,25.9875,17.9875,25,17,19.2604,22,1,316
0.386,0.386,23.088,17.088,22,16,19.2604,20,1,316
0.899,0.899,19.7655,15.7655,19,15,19.2604,18,1,316
0.151,0.151,27.0755,17.0755,27,17,19.2604,22,1,316
0.0205,0.0205,24.603,19.603,23,18,19.2604,22,1,316
0.947,0.947,19.7565,13.7565,19,13,19.2604,17,1,316
1,1,17.772,13.772,17,13,19.2604,16,1,316
0.1325,0.1325,24.464,17.464,24,17,19.2604,21,1,316
0.1555,0.1555,24.049,18.049,23,17,19.2604,21,1,316
0.5755,0.5755,19.7905,16.7905,19,16,19.2604,19,1,316
0.027,0.027,26.2415,19.2415,25,18,19.2604,23,1,316
0.1305,0.1305,25.3305,17.3305,25,17,19.2604,21,1,316
1,1,18.2935,14.2935,18,14,19.2604,16,1,316
0.6575,0.6575,21.0485,16.0485,20,15,19.2604,19,1,316
0.256,0.256,25.0435,17.0435,25,17,19.2604,21,1,316
1,1,18.978,14.978,18,14,19.2604,17,1,316
0.763,0.763,20.4965,15.4965,20,15,19.2604,18,1,316
0.9065,0.9065,19.779,15.779,19,15,19.2604,18,1,316
0.169,0.169,24.624,17.624,24,17,19.2604,21,1,316
0.914,0.914,19.783,15.783,19,15,19.2604,18,1,316
0.7415,0.7415,21.4715,15.4715,21,15,19.2604,18,1,316
0.114,0.114,26.1745,18.1745,25,17,19.2604,22,1,316
0.308,0.308,24.4235,16.4235,24,16,19.2604,20,1,316
0.5105,0.5105,21.576,16.576,21,16,19.2604,19,1,316
0.2765,0.2765,25.188,17.188,25,17,19.2604,21,1,316
0.6485,0.6485,21.014,17.014,20,16,19.2604,19,1,316
0.016,0.016,25.818,19.818,24,18,19.2604,23,1,316
0.877,0.877,21.1995,15.1995,21,15,19.2604,18,1,316
0.323,0.323,23.591,16.591,23,16,19.2604,20,1,316
0.8135,0.8135,19.415,16.415,19,16,19.2604,18,1,316
0.1815,0.1815,24.806,17.806,24,17,19.2604,21,1,316
0.1635,0.1635,24.6315,17.6315,24,17,19.2604,21,1,316
0.133,0.133,24.5645,17.5645,23,16,19.2604,21,1,316
0.552,0.552,22.6845,15.6845,22,15,19.2604,19,1,316
0.663,0.663,21.11,16.11,20,15,19.2604,19,1,316
0.306,0.306,24.3535,15.3535,24,15,19.2604,20,1,316
0.63,0.63,23.078,15.078,23,15,19.2604,19,1,316
0.4435,0.4435,24.176,16.176,24,16,19.2604,20,1,316
0.429,0.429,24.1095,16.1095,24,16,19.2604,20,1,316
1,1,18.3345,15.3345,18,15,19.2604,17,1,316
0.6725,0.6725,23.249,15.249,23,15,19.2604,19,1,316
0.472,0.472,23.2925,15.2925,23,15,19.2604,19,1,316
0.4625,0.4625,24.2095,16.2095,24,16,19.2604,20,1,316
0.383,0.383,23.0725,17.0725,22,16,19.2604,20,1,316
0.3705,0.3705,22.99,16.99,22,16,19.2604,20,1,316
0.951,0.951,19.297,14.297,19,14,19.2604,17,1,316
0.9655,0.9655,20.1555,14.1555,20,14,19.2604,17,1,316
0.2005,0.2005,24.082,18.082,23,17,19.2604,21,1,316
0.025,0.025,27.293,18.293,26,17,19.2604,23,1,316
0.3625,0.3625,23.814,15.814,23,15,19.2604,20,1,316
0.065,0.065,25.67,18.67,25,18,19.2604,22,1,316
0.224,0.224,22.5035,17.5035,22,17,19.2604,20,1,316
0.235,0.235,25.141,17.141,25,17,19.2604,21,1,316
1,1,18.4065,15.4065,18,15,19.2604,17,1,316
0.1605,0.1605,26.927,16.927,27,17,19.2604,22,1,316
0.628,0.628,23.1,15.1,23,15,19.2604,19,1,316
0.651,0.651,23.2125,15.2125,23,15,19.2604,19,1,316
0.9175,0.9175,19.9485,15.9485,19,15,19.2604,18,1,316
0.337,0.337,21.9985,16.9985,21,16,19.2604,20,1,316
0.1025,0.1025,29.057,18.057,29,18,19.2604,23,1,316
0.1885,0.1885,24.0115,18.0115,23,17,19.2604,21,1,316
0.1015,0.1015,25.236,18.236,24,17,19.2604,22,1,316
0.042,0.042,27.7285,18.7285,27,18,19.2604,23,1,316
0.84,0.84,20.878,14.878,20,14,19.2604,18,1,316
1,1,17.629,14.629,17,14,19.2604,16,1,316
0.1765,0.1765,24.1045,18.1045,23,17,19.2604,21,1,316
0.718,0.718,20.273,15.273,20,15,19.2604,18,1,316
0.314,0.314,22.82,16.82,22,16,19.2604,20,1,316
0.313,0.313,23.666,16.666,23,16,19.2604,20,1,316
0.6175,0.6175,20.901,16.901,20,16,19.2604,19,1,316
0.9205,0.9205,19.803,15.803,19,15,19.2604,18,1,316
1,1,16.8945,14.8945,16,14,19.2604,16,1,316
0.9735,0.9735,20.2175,14.2175,20,14,19.2604,17,1,316
1,1,18.6945,16.6945,18,16,19.2604,18,1,316
0.074,0.074,25.7,18.7,25,18,19.2604,22,1,316
0.303,0.303,22.729,16.729,22,16,19.2604,20,1,316
0.374,0.374,23.875,16.875,23,16,19.2604,20,1,316
0.5835,0.5835,20.728,16.728,20,16,19.2604,19,1,316
1,1,16.321,13.321,16,13,19.2604,15,1,316
0.6745,0.6745,22.1965,15.1965,22,15,19.2604,19,1,316
0.8405,0.8405,21.2115,15.2115,21,15,19.2604,18,1,316
0.8635,0.8635,21.129,15.129,21,15,19.2604,18,1,316
0.966,0.966,20.2255,14.2255,20,14,19.2604,17,1,316
0.6745,0.6745,21.078,16.078,20,15,19.2604,19,1,316
0.089,0.089,22.9925,18.9925,22,18,19.2604,21,1,316
0.1595,0.1595,27.046,17.046,27,17,19.2604,22,1,316
0.02,0.02,24.5895,19.5895,23,18,19.2604,22,1,316
0.614,0.614,20.9375,15.9375,20,15,19.2604,19,1,316
0.6645,0.6645,21.0545,16.0545,20,15,19.2604,19,1,316
0.2335,0.2335,23.3665,16.3665,22,15,19.2604,20,1,316
0.396,0.396,23.0945,17.0945,22,16,19.2604,20,1,316
0.179,0.179,24.7705,17.7705,24,17,19.2604,21,1,316
1,1,16.2145,13.2145,16,13,19.2604,15,1,316
0.781,0.781,20.5535,15.5535,20,15,19.2604,18,1,316
0.117,0.117,23.67,17.67,23,17,19.2604,21,1,316
1,1,18.4705,14.4705,18,14,19.2604,17,1,316
0.7275,0.7275,21.5525,14.5525,21,14,19.2604,18,1,316
0.892,0.892,19.9835,15.9835,19,15,19.2604,18,1,316
0.401,0.401,22.1595,17.1595,21,16,19.2604,20,1,316
1,1,17.204,14.204,17,14,19.2604,16,1,316
0.0915,0.0915,23.625,17.625,22,16,19.2604,21,1,316
0.9685,0.9685,19.5975,14.5975,19,14,19.2604,17,1,316
0.672,0.672,22.1315,16.1315,22,16,19.2604,19,1,316
0.509,0.509,21.5315,16.5315,21,16,19.2604,19,1,316
0.2625,0.2625,23.2895,16.2895,23,16,19.2604,20,1,316
0.9665,0.9665,19.9595,13.9595,19,13,19.2604,17,1,316
0.6465,0.6465,22.099,16.099,22,16,19.2604,19,1,316
0.2845,0.2845,24.287,16.287,24,16,19.2604,20,1,316
0.6455,0.6455,20.997,15.997,20,15,19.2604,19,1,316
0.069,0.069,25.018,19.018,24,18,19.2604,22,1,316
0.5385,0.5385,21.6185,16.6185,21,16,19.2604,19,1,316
0.053,0.053,24.814,18.814,23,17,19.2604,22,1,316
0.926,0.926,19.789,15.789,19,15,19.2604,18,1,316
0.1115,0.1115,26.132,18.132,26,18,19.2604,22,1,316
0.648,0.648,20.985,16.985,20,16,19.2604,19,1,316
1,1,17.8465,13.8465,17,13,19.2604,16,1,316
0.2565,0.2565,23.2895,16.2895,23,16,19.2604,20,1,316
1,1,17.481,14.481,17,14,19.2604,16,1,316
0.1705,0.1705,24.716,17.716,24,17,19.2604,21,1,316
0.306,0.306,23.5865,16.5865,23,16,19.2604,20,1,316
0.197,0.197,25.458,16.458,25,16,19.2604,21,1,316
0.1725,0.1725,27.139,17.139,27,17,19.2604,22,1,316
0.4475,0.4475,22.29,16.29,22,16,19.2604,19,1,316
0.189,0.189,24.7615,17.7615,24,17,19.2604,21,1,316
0.2955,0.2955,22.693,16.693,22,16,19.2604,20,1,316
1,1,16.2025,13.2025,16,13,19.2604,15,1,316
0.9735,0.9735,20.22,14.22,20,14,19.2604,17,1,316
0.177,0.177,23.9195,17.9195,23,17,19.2604,21,1,316
0.27,0.27,26.0345,17.0345,26,17,19.2604,21,1,316
0.8595,0.8595,20.95,14.95,20,14,19.2604,18,1,316
0.6565,0.6565,23.2375,15.2375,23,15,19.2604,19,1,316
0.0955,0.0955,24.385,17.385,23,16,19.2604,21,1,316
0.1455,0.1455,24.3375,17.3375,23,16,19.2604,21,1,316
0.856,0.856,21.0995,15.0995,21,15,19.2604,18,1,316
0.7595,0.7595,20.2985,15.2985,20,15,19.2604,18,1,316
0.5985,0.5985,21.835,15.835,21,15,19.2604,19,1,316
0.6505,0.6505,20.9995,16.9995,20,16,19.2604,19,1,316
0.3225,0.3225,22.024,18.024,21,17,19.2604,20,1,316
0.3065,0.3065,21.922,17.922,21,17,19.2604,20,1,316
0.1745,0.1745,24.734,17.734,24,17,19.2604,21,1,316
0.3365,0.3365,23.7225,16.7225,23,16,19.2604,20,1,316
0.3955,0.3955,23.028,17.028,23,17,19.2604,20,1,316
0.636,0.636,20.9565,15.9565,20,15,19.2604,19,1,316
0.961,0.961,19.339,13.339,19,13,19.2604,16,1,316
0.2985,0.2985,23.532,16.532,23,16,19.2604,20,1,316
0.188,0.188,25.4115,16.4115,25,16,19.2604,21,1,316
0.6685,0.6685,22.1515,16.1515,21,15,19.2604,19,1,316
0.182,0.182,24.7635,17.7635,24,17,19.2604,21,1,316
0.778,0.778,20.5275,15.5275,20,15,19.2604,18,1,316
0.1055,0.1055,23.704,17.704,22,16,19.2604,21,1,316
0.589,0.589,21.814,15.814,21,15,19.2604,19,1,316
0.446,0.446,22.2955,16.2955,22,16,19.2604,19,1,316
0.151,0.151,24.6735,17.6735,24,17,19.2604,21,1,316
0.929,0.929,19.9825,15.9825,19,15,19.2604,18,1,316
0.334,0.334,21.9435,16.9435,21,16,19.2604,20,1,316
0.8065,0.8065,22.155,14.155,22,14,19.2604,18,1,316
0.013,0.013,26.5185,19.5185,25,18,19.2604,23,1,316
0.5695,0.5695,21.8015,15.8015,21,15,19.2604,19,1,316
0.943,0.943,20.192,14.192,20,14,19.2604,17,1,316
0.086,0.086,24.274,18.274,23,17,19.2604,21,1,316
0.023,0.023,24.5215,19.5215,23,18,19.2604,22,1,316
0.7825,0.7825,20.684,14.684,20,14,19.2604,18,1,316
0.799,0.799,20.772,14.772,20,14,19.2604,18,1,316
0.04,0.04,27.4035,18.4035,26,17,19.2604,23,1,316
0.314,0.314,23.648,16.648,23,16,19.2604,20,1,316
0.954,0.954,19.488,14.488,19,14,19.2604,17,1,316
0.55,0.55,21.7165,16.7165,20,15,19.2604,19,1,316
0.593,0.593,20.776,16.776,20,16,19.2604,19,1,316
0.6285,0.6285,23.123,15.123,23,15,19.2604,19,1,316
0.859,0.859,20.336,14.336,20,14,19.2604,17,1,316
0.86,0.86,20.308,14.308,20,14,19.2604,17,1,316
0.564,0.564,21.7785,15.7785,21,15,19.2604,19,1,316
0.0495,0.0495,25.529,18.529,24,17,19.2604,22,1,316
0.863,0.863,19.6845,15.6845,19,15,19.2604,18,1,316
0.382,0.382,23.866,15.866,23,15,19.2604,20,1,316
0.867,0.867,19.8865,15.8865,19,15,19.2604,18,1,316
0.551,0.551,22.708,15.708,22,15,19.2604,19,1,316
0.5155,0.5155,22.5085,15.5085,22,15,19.2604,19,1,316
0.363,0.363,23.8395,16.8395,23,16,19.2604,20,1,316
0.3825,0.3825,23.048,17.048,22,16,19.2604,20,1,316
1,1,17.289,14.289,17,14,19.2604,16,1,316
0.38,0.38,23.0805,17.0805,22,16,19.2604,20,1,316
0.8685,0.8685,21.1535,15.1535,21,15,19.2604,18,1,316
0.6105,0.6105,20.8965,16.8965,20,16,19.2604,19,1,316
1,1,17.9,13.9,17,13,19.2604,16,1,316
0.9595,0.9595,20.114,14.114,20,14,19.2604,17,1,316
0.522,0.522,21.572,16.572,21,16,19.2604,19,1,316
0.324,0.324,23.6945,16.6945,23,16,19.2604,20,1,316
0.257,0.257,22.654,17.654,21,16,19.2604,20,1,316
0.047,0.047,25.0445,19.0445,24,18,19.2604,22,1,316
0.813,0.813,20.825,14.825,20,14,19.2604,18,1,316
0.372,0.372,23.781,15.781,23,15,19.2604,20,1,316
0.409,0.409,23.061,17.061,23,17,19.2604,20,1,316
0.6395,0.6395,21.0155,16.0155,20,15,19.2604,19,1,316
0.397,0.397,23.0155,17.0155,23,17,19.2604,20,1,316
0.3985,0.3985,23.9175,15.9175,24,16,19.2604,20,1,316
0.1015,0.1015,24.2985,17.2985,23,16,19.2604,21,1,316
0.289,0.289,24.3755,16.3755,24,16,19.2604,20,1,316
0.576,0.576,21.8065,15.8065,21,15,19.2604,19,1,316
0.805,0.805,20.5755,15.5755,20,15,19.2604,18,1,316
0.3835,0.3835,23.0665,17.0665,22,16,19.2604,20,1,316
0.3645,0.3645,23.0365,17.0365,22,16,19.2604,20,1,316
0.6365,0.6365,20.9595,16.9595,20,16,19.2604,19,1,316
0.0555,0.0555,27.8485,18.8485,27,18,19.2604,23,1,316
1,1,18.729,15.729,18,15,19.2604,17,1,316
0.287,0.287,25.214,17.214,25,17,19.2604,21,1,316
0.9575,0.9575,19.622,14.622,19,14,19.2604,17,1,316
0.0645,0.0645,25.642,18.642,25,18,19.2604,22,1,316
1,1,15.76,12.76,15,12,19.2604,14,1,316
0.9175,0.9175,19.87,15.87,19,15,19.2604,18,1,316
0.0795,0.0795,23.734,18.734,22,17,19.2604,21,1,316
0.963,0.963,19.354,14.354,19,14,19.2604,17,1,316
0.0215,0.0215,26.5025,19.5025,25,18,19.2604,23,1,316
0.0295,0.0295,25.303,18.303,24,17,19.2604,22,1,316
0.6,0.6,21.8475,15.8475,21,15,19.2604,19,1,316
0.18,0.18,24.7895,17.7895,24,17,19.2604,21,1,316
0.353,0.353,23.7665,15.7665,23,15,19.2604,20,1,316
0.109,0.109,24.312,17.312,23,16,19.2604,21,1,316
0.504,0.504,21.491,15.491,20,14,19.2604,19,1,316
0.496,0.496,21.5335,16.5335,21,16,19.2604,19,1,316
0.177,0.177,23.148,18.148,22,17,19.2604,21,1,316
0.881,0.881,19.9515,14.9515,19,14,19.2604,18,1,316
0.249,0.249,26.0085,17.0085,26,17,19.2604,21,1,316
0.6095,0.6095,23.0445,15.0445,23,15,19.2604,19,1,316
0.9395,0.9395,19.6515,14.6515,19,14,19.2604,17,1,316
0.9545,0.9545,19.3515,13.3515,19,13,19.2604,16,1,316
0.4935,0.4935,20.569,16.569,20,16,19.2604,19,1,316
0.909,0.909,19.758,15.758,19,15,19.2604,18,1,316
0.3085,0.3085,22.774,16.774,22,16,19.2604,20,1,316
0.78,0.78,20.463,15.463,20,15,19.2604,18,1,316
1,1,18.798,14.798,18,14,19.2604,17,1,316
0.6875,0.6875,21.2715,15.2715,21,15,19.2604,18,1,316
0.9855,0.9855,18.946,14.946,18,14,19.2604,17,1,316
0.8785,0.8785,20.5445,13.5445,20,13,19.2604,17,1,316
0.5295,0.5295,22.625,15.625,22,15,19.2604,19,1,316
0.9055,0.9055,20.337,14.337,20,14,19.2604,17,1,316
0.2445,0.2445,25.062,17.062,25,17,19.2604,21,1,316
0.7465,0.7465,20.306,15.306,20,15,19.2604,18,1,316
0.9705,0.9705,20.179,14.179,20,14,19.2604,17,1,316
1,1,16.253,15.253,16,15,19.2604,16,1,316
0.917,0.917,19.8725,15.8725,19,15,19.2604,18,1,316
0.4305,0.4305,25.033,16.033,25,16,19.2604,20,1,316
0.751,0.751,20.386,15.386,20,15,19.2604,18,1,316
0.3375,0.3375,23.7015,16.7015,23,16,19.2604,20,1,316
0.4375,0.4375,23.144,17.144,23,17,19.2604,20,1,316
0.374,0.374,23.0025,17.0025,22,16,19.2604,20,1,316
0.066,0.066,24.9165,18.9165,24,18,19.2604,22,1,316
0.9005,0.9005,19.593,16.593,19,16,19.2604,18,1,316
1,1,18.301,15.301,18,15,19.2604,17,1,316
0.9085,0.9085,19.892,15.892,19,15,19.2604,18,1,316
0.8765,0.8765,19.9415,15.9415,19,15,19.2604,18,1,316
0.1365,0.1365,24.603,17.603,23,16,19.2604,21,1,316
0.0445,0.0445,25.4105,18.4105,25,18,19.2604,22,1,316
1,1,18.665,15.665,18,15,19.2604,17,1,316
0.2595,0.2595,25.953,16.953,26,17,19.2604,21,1,316
0.6235,0.6235,23.0135,15.0135,23,15,19.2604,19,1,316
0.0655,0.0655,24.965,18.965,24,18,19.2604,22,1,316
0.2005,0.2005,25.6645,16.6645,25,16,19.2604,21,1,316
0.049,0.049,24.9935,18.9935,24,18,19.2604,22,1,316
0.6775,0.6775,22.199,16.199,22,16,19.2604,19,1,316
0.9005,0.9005,20.2505,15.2505,19,14,19.2604,18,1,316
0.7935,0.7935,19.2725,16.2725,19,16,19.2604,18,1,316
0.6145,0.6145,20.942,15.942,20,15,19.2604,19,1,316
0.0315,0.0315,26.173,19.173,25,18,19.2604,23,1,316
0.446,0.446,20.456,16.456,20,16,19.2604,19,1,316
0.774,0.774,21.8045,14.8045,21,14,19.2604,18,1,316
0.5905,0.5905,21.7955,15.7955,21,15,19.2604,19,1,316
0.19,0.19,24.0645,18.0645,23,17,19.2604,21,1,316
0.8355,0.8355,21.194,15.194,21,15,19.2604,18,1,316
1,1,18.815,14.815,18,14,19.2604,17,1,316
1,1,18.8085,14.8085,18,14,19.2604,17,1,316
0.087,0.087,27.9975,17.9975,28,18,19.2604,23,1,316
0.34,0.34,22.0295,17.0295,21,16,19.2604,20,1,316
0.4215,0.4215,25.012,16.012,25,16,19.2604,20,1,316
0.2325,0.2325,24.9735,16.9735,25,17,19.2604,21,1,316
0.8395,0.8395,19.501,15.501,19,15,19.2604,18,1,316
0.009,0.009,26.5225,19.5225,26,19,19.2604,23,1,316
0.809,0.809,19.33,16.33,19,16,19.2604,18,1,316
1,1,18.656,15.656,18,15,19.2604,17,1,316
0.974,0.974,20.207,14.207,20,14,19.2604,17,1,316
0.127,0.127,26.9905,17.9905,27,18,19.2604,22,1,316
0.6395,0.6395,22.063,16.063,22,16,19.2604,19,1,316
0.1075,0.1075,24.32,17.32,23,16,19.2604,21,1,316
0.036,0.036,25.2865,18.2865,24,17,19.2604,22,1,316
0.6205,0.6205,23.072,15.072,23,15,19.2604,19,1,316
0.19,0.19,24.041,18.041,23,17,19.2604,21,1,316
0.236,0.236,22.6005,17.6005,22,17,19.2604,20,1,316
0.586,0.586,21.821,15.821,21,15,19.2604,19,1,316
0.6535,0.6535,22.087,16.087,22,16,19.2604,19,1,316
0.2055,0.2055,24.8605,16.8605,25,17,19.2604,21,1,316
0.553,0.553,20.7555,16.7555,20,16,19.2604,19,1,316
0.9775,0.9775,19.2305,14.2305,19,14,19.2604,17,1,316
0.4945,0.4945,23.416,15.416,23,15,19.2604,19,1,316
0.805,0.805,19.417,15.417,19,15,19.2604,18,1,316
0.291,0.291,23.551,16.551,23,16,19.2604,20,1,316
0.9155,0.9155,19.892,15.892,19,15,19.2604,18,1,316
0.901,0.901,19.769,15.769,19,15,19.2604,18,1,316
0.248,0.248,22.623,17.623,21,16,19.2604,20,1,316
0.8685,0.8685,20.395,14.395,20,14,19.2604,17,1,316
1,1,18.5445,14.5445,18,14,19.2604,17,1,316
0.236,0.236,22.5355,17.5355,22,17,19.2604,20,1,316
0.9755,0.9755,18.6285,14.6285,18,14,19.2604,17,1,316
0.5495,0.5495,21.71,15.71,21,15,19.2604,19,1,316
0.2325,0.2325,24.964,16.964,25,17,19.2604,21,1,316
0.4105,0.4105,23.088,17.088,23,17,19.2604,20,1,316
1,1,18.3045,15.3045,18,15,19.2604,17,1,316
0.256,0.256,22.6135,17.6135,21,16,19.2604,20,1,316
0.1035,0.1035,25.1665,18.1665,24,17,19.2604,22,1,316
0.9145,0.9145,19.975,15.975,19,15,19.2604,18,1,316
0.3225,0.3225,22.7685,16.7685,22,16,19.2604,20,1,316
0.32,0.32,21.931,17.931,21,17,19.2604,20,1,316
0.8305,0.8305,20.868,14.868,20,14,19.2604,18,1,316
0.228,0.228,22.474,17.474,22,17,19.2604,20,1,316
0.4535,0.4535,24.1995,16.1995,24,16,19.2604,20,1,316
0.92,0.92,19.8245,15.8245,19,15,19.2604,18,1,316
0.553,0.553,20.651,16.651,20,16,19.2604,19,1,316
0.7665,0.7665,20.356,15.356,20,15,19.2604,18,1,316
0.664,0.664,22.0635,16.0635,21,15,19.2604,19,1,316
0.495,0.495,21.4965,16.4965,21,16,19.2604,19,1,316
0.13,0.13,26.7615,17.7615,27,18,19.2604,22,1,316
0.5185,0.5185,22.5865,15.5865,22,15,19.2604,19,1,316
0.8485,0.8485,20.444,13.444,20,13,19.2604,17,1,316
0.9895,0.9895,18.992,13.992,18,13,19.2604,17,1,316
0.56,0.56,22.7285,15.7285,22,15,19.2604,19,1,316
0.121,0.121,26.9115,17.9115,27,18,19.2604,22,1,316
1,1,18.7885,14.7885,18,14,19.2604,17,1,316
0.916,0.916,19.841,15.841,19,15,19.2604,18,1,316
0.216,0.216,23.2885,17.2885,23,17,19.2604,20,1,316
0.2575,0.2575,25.0605,17.0605,25,17,19.2604,21,1,316
0.135,0.135,24.565,17.565,24,17,19.2604,21,1,316
0.191,0.191,24.861,17.861,24,17,19.2604,21,1,316
0.6155,0.6155,20.8625,16.8625,20,16,19.2604,19,1,316
0.396,0.396,23.0765,17.0765,22,16,19.2604,20,1,316
0.6165,0.6165,20.919,16.919,20,16,19.2604,19,1,316
0.28,0.28,24.2875,16.2875,24,16,19.2604,20,1,316
0.8165,0.8165,22.2425,14.2425,22,14,19.2604,18,1,316
0.6665,0.6665,22.1025,16.1025,22,16,19.2604,19,1,316
0.363,0.363,23.831,16.831,23,16,19.2604,20,1,316
0.1665,0.1665,24.6105,17.6105,24,17,19.2604,21,1,316
0.6105,0.6105,20.917,16.917,20,16,19.2604,19,1,316
0.051,0.051,27.789,18.789,27,18,19.2604,23,1,316
0.6015,0.6015,23.0105,15.0105,23,15,19.2604,19,1,316
0.271,0.271,23.445,16.445,22,15,19.2604,20,1,316
0.5155,0.5155,21.546,16.546,21,16,19.2604,19,1,316
0.6785,0.6785,22.254,15.254,22,15,19.2604,19,1,316
0.591,0.591,22.955,15.955,22,15,19.2604,19,1,316
0.668,0.668,21.122,16.122,20,15,19.2604,19,1,316
0.956,0.956,19.916,13.916,19,13,19.2604,17,1,316
0.0865,0.0865,26.655,17.655,26,17,19.2604,22,1,316
0.5025,0.5025,23.4515,15.4515,23,15,19.2604,19,1,316
0.531,0.531,22.5385,15.5385,22,15,19.2604,19,1,316
0.6215,0.6215,20.9295,16.9295,20,16,19.2604,19,1,316
0.5205,0.5205,20.6285,16.6285,20,16,19.2604,19,1,316
0.408,0.408,24.886,15.886,25,16,19.2604,20,1,316
0.0265,0.0265,29.714,18.714,30,19,19.2604,24,1,316
0.182,0.182,24.7295,17.7295,24,17,19.2604,21,1,316
0.8505,0.8505,21.243,15.243,21,15,19.2604,18,1,316
0.0625,0.0625,27.837,18.837,27,18,19.2604,23,1,316
1,1,17.3725,14.3725,17,14,19.2604,16,1,316
0.1925,0.1925,24.011,18.011,23,17,19.2604,21,1,316
0.8965,0.8965,20.406,14.406,20,14,19.2604,17,1,316
0.427,0.427,24.9915,15.9915,24,15,19.2604,20,1,316
0.658,0.658,22.2935,14.2935,22,14,19.2604,18,1,316
0.187,0.187,26.2615,16.2615,26,16,19.2604,21,1,316
0.602,0.602,22.9785,14.9785,23,15,19.2604,19,1,316
0.0695,0.0695,26.397,18.397,26,18,19.2604,22,1,316
0.651,0.651,22.101,16.101,22,16,19.2604,19,1,316
0.553,0.553,21.7065,16.7065,20,15,19.2604,19,1,316
0.1115,0.1115,26.649,17.649,26,17,19.2604,22,1,316
0.148,0.148,24.5895,17.5895,24,17,19.2604,21,1,316
0.65,0.65,22.105,16.105,21,15,19.2604,19,1,316
0.0935,0.0935,22.772,18.772,21,17,19.2604,21,1,316
0.2945,0.2945,24.3685,16.3685,24,16,19.2604,20,1,316
0.9085,0.9085,19.7835,15.7835,19,15,19.2604,18,1,316
0.688,0.688,21.2035,16.2035,20,15,19.2604,19,1,316
0.652,0.652,22.1585,16.1585,22,16,19.2604,19,1,316
0.0435,0.0435,24.791,18.791,23,17,19.2604,22,1,316
0.0735,0.0735,25.624,18.624,25,18,19.2604,22,1,316
0.187,0.187,25.383,16.383,25,16,19.2604,21,1,316
0.1305,0.1305,24.585,17.585,24,17,19.2604,21,1,316
0.292,0.292,22.6785,16.6785,22,16,19.2604,20,1,316
0.874,0.874,21.1475,15.1475,21,15,19.2604,18,1,316
0.6875,0.6875,21.1715,16.1715,20,15,19.2604,19,1,316
0.177,0.177,27.1795,17.1795,27,17,19.2604,22,1,316
0.0735,0.0735,27.812,17.812,27,17,19.2604,23,1,316
0.2385,0.2385,22.682,17.682,21,16,19.2604,20,1,316
0.642,0.642,21.015,16.015,20,15,19.2604,19,1,316
0.087,0.087,27.352,17.352,27,17,19.2604,22,1,316
0.6515,0.6515,22.1705,16.1705,22,16,19.2604,19,1,316
0.6395,0.6395,20.989,16.989,20,16,19.2604,19,1,316
0.7285,0.7285,21.5495,14.5495,21,14,19.2604,18,1,316
1,1,18.211,15.211,18,15,19.2604,17,1,316
0.984,0.984,18.6355,14.6355,18,14,19.2604,17,1,316
0.1905,0.1905,24.1045,18.1045,23,17,19.2604,21,1,316
0.236,0.236,24.2505,17.2505,23,16,19.2604,21,1,316
0.142,0.142,24.574,17.574,24,17,19.2604,21,1,316
0.1735,0.1735,24.66,17.66,24,17,19.2604,21,1,316
1,1,18.5015,14.5015,18,14,19.2604,17,1,316
0.818,0.818,19.4075,16.4075,19,16,19.2604,18,1,316
0.2555,0.2555,22.6775,17.6775,21,16,19.2604,20,1,316
1,1,17.7855,13.7855,17,13,19.2604,16,1,316
1,1,18.7855,14.7855,18,14,19.2604,17,1,316
0.322,0.322,21.9545,16.9545,21,16,19.2604,20,1,316
0.757,0.757,21.686,14.686,21,14,19.2604,18,1,316
0.3595,0.3595,23.7935,16.7935,23,16,19.2604,20,1,316
0.2155,0.2155,25.7835,16.7835,25,16,19.2604,21,1,316
0.112,0.112,24.36,17.36,23,16,19.2604,21,1,316
0.471,0.471,22.3,15.3,22,15,19.2604,19,1,316
0.161,0.161,24.115,18.115,23,17,19.2604,21,1,316
0.3165,0.3165,23.658,16.658,23,16,19.2604,20,1,316
0.6785,0.6785,21.07,16.07,20,15,19.2604,19,1,316
0.378,0.378,23.113,17.113,22,16,19.2604,20,1,316
0.269,0.269,24.232,17.232,23,16,19.2604,21,1,316
0.0375,0.0375,25.31,18.31,24,17,19.2604,22,1,316
0.2985,0.2985,22.728,16.728,22,16,19.2604,20,1,316
1,1,18.3725,15.3725,18,15,19.2604,17,1,316
0.3045,0.3045,26.156,16.156,26,16,19.2604,21,1,316
0.618,0.618,20.908,16.908,20,16,19.2604,19,1,316
0.6505,0.6505,20.984,16.984,20,16,19.2604,19,1,316
0.135,0.135,22.971,17.971,22,17,19.2604,21,1,316
0.1935,0.1935,24.02,18.02,23,17,19.2604,21,1,316
0.85,0.85,20.95,14.95,20,14,19.2604,18,1,316
0.822,0.822,20.874,14.874,20,14,19.2604,18,1,316
0.971,0.971,19.3365,15.3365,19,15,19.2604,17,1,316
0.288,0.288,23.483,16.483,23,16,19.2604,20,1,316
0.654,0.654,22.1595,16.1595,22,16,19.2604,19,1,316
0.1545,0.1545,24.645,17.645,24,17,19.2604,21,1,316
0.209,0.209,25.768,16.768,25,16,19.2604,21,1,316
0.905,0.905,19.768,15.768,19,15,19.2604,18,1,316
0.4875,0.4875,22.3825,16.3825,22,16,19.2604,19,1,316
0.447,0.447,24.1375,16.1375,24,16,19.2604,20,1,316
0.2395,0.2395,22.6795,17.6795,21,16,19.2604,20,1,316
0.08,0.08,23.68,18.68,22,17,19.2604,21,1,316
0.184,0.184,24.028,18.028,23,17,19.2604,21,1,316
1,1,17.411,13.411,17,13,19.2604,16,1,316
1,1,18.8655,14.8655,18,14,19.2604,17,1,316
0.017,0.017,25.9135,19.9135,25,19,19.2604,23,1,316
0.7895,0.7895,20.494,15.494,20,15,19.2604,18,1,316
0.276,0.276,23.446,16.446,23,16,19.2604,20,1,316
0.909,0.909,19.507,14.507,19,14,19.2604,17,1,316
0.1685,0.1685,24.6435,16.6435,24,16,19.2604,21,1,316
0.392,0.392,23.1085,17.1085,22,16,19.2604,20,1,316
0.5215,0.5215,21.571,16.571,21,16,19.2604,19,1,316
0.3555,0.3555,23.773,16.773,23,16,19.2604,20,1,316
0.394,0.394,23.131,17.131,22,16,19.2604,20,1,316
0.035,0.035,25.307,18.307,24,17,19.2604,22,1,316
0.327,0.327,21.9495,17.9495,21,17,19.2604,20,1,316
0.535,0.535,21.6185,16.6185,21,16,19.2604,19,1,316
0.9645,0.9645,19.278,15.278,19,15,19.2604,17,1,316
0.412,0.412,23.1775,17.1775,22,16,19.2604,20,1,316
0.175,0.175,23.961,17.961,22,16,19.2604,21,1,316
0.246,0.246,23.3355,16.3355,22,15,19.2604,20,1,316
0.3955,0.3955,23.0695,17.0695,22,16,19.2604,20,1,316
0.5675,0.5675,21.7755,15.7755,21,15,19.2604,19,1,316
0.916,0.916,19.8465,15.8465,19,15,19.2604,18,1,316
0.203,0.203,25.477,16.477,25,16,19.2604,21,1,316
0.995,0.995,18.237,13.237,18,13,19.2604,16,1,316
0.3035,0.3035,23.463,16.463,23,16,19.2604,20,1,316
0.972,0.972,20.1655,14.1655,20,14,19.2604,17,1,316
0.363,0.363,23.8555,15.8555,23,15,19.2604,20,1,316
1,1,16.204,13.204,16,13,19.2604,15,1,316
0.3835,0.3835,22.1365,17.1365,21,16,19.2604,20,1,316
0.5775,0.5775,21.814,15.814,21,15,19.2604,19,1,316
0.906,0.906,19.7795,15.7795,19,15,19.2604,18,1,316
0.828,0.828,20.877,14.877,20,14,19.2604,18,1,316
0.6225,0.6225,20.994,15.994,20,15,19.2604,19,1,316
0.966,0.966,19.5755,14.5755,19,14,19.2604,17,1,316
0.9845,0.9845,18.998,13.998,18,13,19.2604,17,1,316
0.3885,0.3885,23.0825,17.0825,22,16,19.2604,20,1,316
0.582,0.582,21.7935,15.7935,21,15,19.2604,19,1,316
0.4235,0.4235,23.2495,16.2495,22,15,19.2604,20,1,316
1,1,18.394,15.394,18,15,19.2604,17,1,316
0.648,0.648,23.1945,15.1945,23,15,19.2604,19,1,316
0.287,0.287,22.7345,16.7345,22,16,19.2604,20,1,316
0.3,0.3,22.7055,16.7055,22,16,19.2604,20,1,316
0.655,0.655,21.0345,16.0345,20,15,19.2604,19,1,316
0.949,0.949,19.5465,14.5465,19,14,19.2604,17,1,316
0.579,0.579,21.7775,15.7775,21,15,19.2604,19,1,316
0.9105,0.9105,19.822,15.822,19,15,19.2604,18,1,316
1,1,17.189,14.189,17,14,19.2604,16,1,316
0.6725,0.6725,22.218,16.218,22,16,19.2604,19,1,316
0.057,0.057,26.2685,18.2685,25,17,19.2604,22,1,316
0.3905,0.3905,22.1235,17.1235,21,16,19.2604,20,1,316
0.084,0.084,23.6215,18.6215,22,17,19.2604,21,1,316
0.337,0.337,23.7005,16.7005,23,16,19.2604,20,1,316
0.42,0.42,23.142,17.142,23,17,19.2604,20,1,316
0.528,0.528,21.662,16.662,20,15,19.2604,19,1,316
0.809,0.809,22.2585,14.2585,22,14,19.2604,18,1,316
0.058,0.058,24.8995,18.8995,24,18,19.2604,22,1,316
0.4915,0.4915,21.472,16.472,21,16,19.2604,19,1,316
0.87,0.87,19.767,15.767,19,15,19.2604,18,1,316
0.154,0.154,24.0405,18.0405,23,17,19.2604,21,1,316
0.306,0.306,22.7605,16.7605,22,16,19.2604,20,1,316
0.25,0.25,23.436,16.436,22,15,19.2604,20,1,316
0.888,0.888,19.948,15.948,19,15,19.2604,18,1,316
0.689,0.689,21.261,15.261,21,15,19.2604,18,1,316
0.79,0.79,20.8675,14.8675,20,14,19.2604,18,1,316
0.8835,0.8835,20.2325,15.2325,20,15,19.2604,18,1,316
0.1805,0.1805,24.7345,17.7345,24,17,19.2604,21,1,316
0.825,0.825,19.4765,15.4765,19,15,19.2604,18,1,316
0.3005,0.3005,22.734,16.734,22,16,19.2604,20,1,316
0.5735,0.5735,21.799,15.799,21,15,19.2604,19,1,316
0.5075,0.5075,22.545,15.545,22,15,19.2604,19,1,316
0.0715,0.0715,25.684,18.684,25,18,19.2604,22,1,316
0.655,0.655,22.169,16.169,21,15,19.2604,19,1,316
0.6295,0.6295,23.111,15.111,23,15,19.2604,19,1,316
0.339,0.339,22.0965,17.0965,21,16,19.2604,20,1,316
0.128,0.128,24.6275,17.6275,23,16,19.2604,21,1,316
0.0965,0.0965,26.715,17.715,26,17,19.2604,22,1,316
0.6315,0.6315,20.9665,16.9665,20,16,19.2604,19,1,316
0.1005,0.1005,26.6555,17.6555,26,17,19.2604,22,1,316
0.832,0.832,19.4455,16.4455,19,16,19.2604,18,1,316
0.48,0.48,21.4445,16.4445,21,16,19.2604,19,1,316
0.022,0.022,29.6955,19.6955,29,19,19.2604,24,1,316
0.46,0.46,24.2525,16.2525,24,16,19.2604,20,1,316
1,1,18.356,13.356,18,13,19.2604,16,1,316
0.8275,0.8275,21.1965,15.1965,21,15,19.2604,18,1,316
0.9495,0.9495,19.581,14.581,19,14,19.2604,17,1,316
0.4485,0.4485,24.106,16.106,24,16,19.2604,20,1,316
0.5015,0.5015,21.5285,16.5285,21,16,19.2604,19,1,316
0.9765,0.9765,19.0045,14.0045,18,13,19.2604,17,1,316
0.4485,0.4485,22.293,16.293,22,16,19.2604,19,1,316
0.178,0.178,23.987,17.987,23,17,19.2604,21,1,316
0.7345,0.7345,21.5835,14.5835,21,14,19.2604,18,1,316
0.664,0.664,22.1905,16.1905,21,15,19.2604,19,1,316
0.3245,0.3245,23.6925,16.6925,23,16,19.2604,20,1,316
0.228,0.228,24.24,17.24,23,16,19.2604,21,1,316
0.847,0.847,19.567,15.567,19,15,19.2604,18,1,316
0.6855,0.6855,21.2635,15.2635,21,15,19.2604,18,1,316
0.6815,0.6815,21.142,16.142,20,15,19.2604,19,1,316
0.876,0.876,19.954,15.954,19,15,19.2604,18,1,316
0.378,0.378,22.229,17.229,21,16,19.2604,20,1,316
0.643,0.643,22.1235,16.1235,21,15,19.2604,19,1,316
0.912,0.912,19.493,14.493,19,14,19.2604,17,1,316
0.554,0.554,22.729,15.729,22,15,19.2604,19,1,316
1,1,17.292,14.292,17,14,19.2604,16,1,316
0.67,0.67,22.4285,13.4285,22,13,19.2604,18,1,316
0.993,0.993,18.612,13.612,18,13,19.2604,16,1,316
0.691,0.691,21.3255,14.3255,21,14,19.2604,18,1,316
0.3315,0.3315,21.9625,16.9625,21,16,19.2604,20,1,316
0.6425,0.6425,23.147,15.147,23,15,19.2604,19,1,316
0.5665,0.5665,22.7655,15.7655,22,15,19.2604,19,1,316
0.415,0.415,24.0085,16.0085,24,16,19.2604,20,1,316
0.087,0.087,23.652,18.652,22,17,19.2604,21,1,316
0.489,0.489,21.4885,16.4885,21,16,19.2604,19,1,316
0.66,0.66,22.134,16.134,21,15,19.2604,19,1,316
0.223,0.223,22.54,17.54,22,17,19.2604,20,1,316
1,1,18.781,14.781,18,14,19.2604,17,1,316
0.4635,0.4635,24.249,16.249,24,16,19.2604,20,1,316
0.2675,0.2675,25.9695,16.9695,26,17,19.2604,21,1,316
0.783,0.783,20.5685,15.5685,20,15,19.2604,18,1,316
0.654,0.654,20.976,16.976,20,16,19.2604,19,1,316
0.1505,0.1505,27.919,16.919,28,17,19.2604,22,1,316
0.8395,0.8395,21.1645,15.1645,21,15,19.2604,18,1,316
0.5305,0.5305,21.5935,16.5935,21,16,19.2604,19,1,316
0.4865,0.4865,23.3215,15.3215,23,15,19.2604,19,1,316
0.6145,0.6145,20.958,16.958,20,16,19.2604,19,1,316
0.373,0.373,22.1715,17.1715,21,16,19.2604,20,1,316
0.3615,0.3615,23.809,16.809,23,16,19.2604,20,1,316
0.043,0.043,27.558,18.558,27,18,19.2604,23,1,316
0.911,0.911,19.968,15.968,19,15,19.2604,18,1,316
0.112,0.112,24.4205,17.4205,23,16,19.2604,21,1,316
0.946,0.946,20.2035,14.2035,20,14,19.2604,17,1,316
0.0495,0.0495,25.7045,18.7045,24,17,19.2604,22,1,316
1,1,18.805,14.805,18,14,19.2604,17,1,316
0.784,0.784,20.544,15.544,20,15,19.2604,18,1,316
0.019,0.019,24.5515,19.5515,23,18,19.2604,22,1,316
0.7225,0.7225,21.488,14.488,21,14,19.2604,18,1,316
0.5535,0.5535,20.7045,16.7045,19,15,19.2604,19,1,316
1,1,18.264,15.264,18,15,19.2604,17,1,316
0.8305,0.8305,20.8505,14.8505,20,14,19.2604,18,1,316
0.527,0.527,21.672,16.672,20,15,19.2604,19,1,316
0.774,0.774,20.541,15.541,20,15,19.2604,18,1,316
1,1,18.796,14.796,18,14,19.2604,17,1,316
0.5885,0.5885,21.8395,15.8395,21,15,19.2604,19,1,316
0.801,0.801,20.5675,15.5675,20,15,19.2604,18,1,316
0.4975,0.4975,21.5125,16.5125,21,16,19.2604,19,1,316
0.9265,0.9265,19.5585,14.5585,19,14,19.2604,17,1,316
0.2485,0.2485,23.354,16.354,22,15,19.2604,20,1,316
0.657,0.657,22.257,15.257,22,15,19.2604,19,1,316
0.308,0.308,22.772,16.772,22,16,19.2604,20,1,316
0.9575,0.9575,19.3115,15.3115,19,15,19.2604,17,1,316
1,1,18.3435,15.3435,18,15,19.2604,17,1,316
0.024,0.024,25.887,19.887,24,18,19.2604,23,1,316
0.396,0.396,23.9935,16.9935,24,17,19.2604,20,1,316
0.047,0.047,25.472,18.472,25,18,19.2604,22,1,316
0.3325,0.3325,22.0705,17.0705,21,16,19.2604,20,1,316
0.237,0.237,24.2345,17.2345,23,16,19.2604,21,1,316
0.8835,0.8835,20.374,14.374,20,14,19.2604,17,1,316
0.205,0.205,25.644,16.644,25,16,19.2604,21,1,316
0.544,0.544,22.639,15.639,22,15,19.2604,19,1,316
0.4615,0.4615,21.387,16.387,21,16,19.2604,19,1,316
0.123,0.123,23.786,17.786,22,16,19.2604,21,1,316
0.13,0.13,24.6245,17.6245,23,16,19.2604,21,1,316
0.2735,0.2735,25.1495,17.1495,25,17,19.2604,21,1,316
0.3005,0.3005,22.726,16.726,22,16,19.2604,20,1,316
0.619,0.619,20.927,15.927,20,15,19.2604,19,1,316
0.2435,0.2435,22.542,17.542,22,17,19.2604,20,1,316
0.336,0.336,22.042,18.042,21,17,19.2604,20,1,316
0.176,0.176,24.012,18.012,23,17,19.2604,21,1,316
0.693,0.693,21.4395,14.4395,21,14,19.2604,18,1,316
0.174,0.174,25.4065,16.4065,25,16,19.2604,21,1,316
0.66,0.66,22.1415,16.1415,22,16,19.2604,19,1,316
0.173,0.173,24.746,17.746,23,16,19.2604,21,1,316
0.199,0.199,25.649,16.649,25,16,19.2604,21,1,316
0.8075,0.8075,20.755,14.755,20,14,19.2604,18,1,316
0.6425,0.6425,20.9435,16.9435,20,16,19.2604,19,1,316
0.3715,0.3715,23.0605,17.0605,22,16,19.2604,20,1,316
0.3335,0.3335,21.987,16.987,21,16,19.2604,20,1,316
0.3305,0.3305,21.9475,17.9475,21,17,19.2604,20,1,316
0.916,0.916,19.939,15.939,19,15,19.2604,18,1,316
0.909,0.909,19.8155,15.8155,19,15,19.2604,18,1,316
0.9145,0.9145,19.917,15.917,19,15,19.2604,18,1,316
1,1,18.2885,15.2885,18,15,19.2604,17,1,316
1,1,18.676,15.676,18,15,19.2604,17,1,316
0.3565,0.3565,23.802,15.802,23,15,19.2604,20,1,316
0.232,0.232,24.2045,17.2045,23,16,19.2604,21,1,316
0.109,0.109,23.6705,17.6705,23,17,19.2604,21,1,316
0.3165,0.3165,23.681,16.681,23,16,19.2604,20,1,316
0.133,0.133,26.099,18.099,26,18,19.2604,22,1,316
0.827,0.827,20.8955,14.8955,20,14,19.2604,18,1,316
0.806,0.806,20.383,16.383,20,16,19.2604,18,1,316
0.614,0.614,23.04,15.04,23,15,19.2604,19,1,316
0.634,0.634,20.9615,16.9615,20,16,19.2604,19,1,316
0.8735,0.8735,21.1385,15.1385,21,15,19.2604,18,1,316
0.594,0.594,20.814,16.814,20,16,19.2604,19,1,316
0.3655,0.3655,22.9725,16.9725,22,16,19.2604,20,1,316
0.578,0.578,20.7585,16.7585,20,16,19.2604,19,1,316
0.871,0.871,19.6965,15.6965,19,15,19.2604,18,1,316
0.8805,0.8805,20.0415,15.0415,19,14,19.2604,18,1,316
0.562,0.562,22.7275,15.7275,22,15,19.2604,19,1,316
0.3155,0.3155,24.4155,16.4155,24,16,19.2604,20,1,316
0.2555,0.2555,25.048,17.048,25,17,19.2604,21,1,316
0.5025,0.5025,23.441,15.441,23,15,19.2604,19,1,316
0.0915,0.0915,26.3235,17.3235,26,17,19.2604,22,1,316
0.934,0.934,19.6675,14.6675,19,14,19.2604,17,1,316
0.6455,0.6455,22.0815,16.0815,22,16,19.2604,19,1,316
0.954,0.954,19.4895,14.4895,19,14,19.2604,17,1,316
0.6155,0.6155,20.895,16.895,20,16,19.2604,19,1,316
1,1,18.333,15.333,18,15,19.2604,17,1,316
0.876,0.876,19.973,14.973,19,14,19.2604,18,1,316
0.0425,0.0425,25.4865,18.4865,24,17,19.2604,22,1,316
0.874,0.874,19.922,15.922,19,15,19.2604,18,1,316
0.2455,0.2455,22.5875,17.5875,22,17,19.2604,20,1,316
0.1865,0.1865,24.842,17.842,24,17,19.2604,21,1,316
0.53,0.53,22.693,15.693,22,15,19.2604,19,1,316
0.7375,0.7375,20.399,15.399,20,15,19.2604,18,1,316
0.6505,0.6505,21.0035,17.0035,20,16,19.2604,19,1,316
0.3435,0.3435,23.748,16.748,23,16,19.2604,20,1,316
0.051,0.051,27.684,18.684,27,18,19.2604,23,1,316
0.6335,0.6335,23.061,16.061,23,16,19.2604,19,1,316
0.307,0.307,24.3035,16.3035,24,16,19.2604,20,1,316
0.6445,0.6445,23.2455,15.2455,23,15,19.2604,19,1,316
0.1575,0.1575,24.6235,17.6235,24,17,19.2604,21,1,316
0.3015,0.3015,23.5485,16.5485,23,16,19.2604,20,1,316
1,1,17.223,14.223,17,14,19.2604,16,1,316
0.368,0.368,24.7625,15.7625,24,15,19.2604,20,1,316
0.522,0.522,21.6175,16.6175,21,16,19.2604,19,1,316
0.491,0.491,22.3875,15.3875,22,15,19.2604,19,1,316
0.308,0.308,21.918,16.918,21,16,19.2604,20,1,316
0.1285,0.1285,26.699,17.699,26,17,19.2604,22,1,316
0.4405,0.4405,25.05,16.05,25,16,19.2604,20,1,316
0.6735,0.6735,21.314,14.314,21,14,19.2604,18,1,316
0.595,0.595,20.793,16.793,20,16,19.2604,19,1,316
0.1415,0.1415,24.3195,17.3195,23,16,19.2604,21,1,316
0.624,0.624,20.914,16.914,20,16,19.2604,19,1,316
1,1,17.842,13.842,17,13,19.2604,16,1,316
0.617,0.617,20.876,16.876,20,16,19.2604,19,1,316
0.4975,0.4975,21.489,16.489,21,16,19.2604,19,1,316
0.6425,0.6425,22.1145,16.1145,22,16,19.2604,19,1,316
0.376,0.376,23.889,16.889,23,16,19.2604,20,1,316
1,1,18.3395,13.3395,18,13,19.2604,16,1,316
0.3885,0.3885,23.05,17.05,22,16,19.2604,20,1,316
0.231,0.231,24.93,16.93,24,16,19.2604,21,1,316
0.3785,0.3785,24.786,15.786,24,15,19.2604,20,1,316
0.3255,0.3255,21.913,16.913,21,16,19.2604,20,1,316
0.9095,0.9095,19.7485,15.7485,19,15,19.2604,18,1,316
0.884,0.884,19.98,14.98,19,14,19.2604,18,1,316
0.422,0.422,24.062,16.062,24,16,19.2604,20,1,316
0.5485,0.5485,21.681,15.681,21,15,19.2604,19,1,316
0.4985,0.4985,23.385,15.385,23,15,19.2604,19,1,316
0.775,0.775,22.178,14.178,22,14,19.2604,18,1,316
0.076,0.076,27.883,17.883,28,18,19.2604,23,1,316
0.9105,0.9105,19.8675,15.8675,19,15,19.2604,18,1,316
0.393,0.393,23.1355,17.1355,22,16,19.2604,20,1,316
0.497,0.497,23.4285,15.4285,23,15,19.2604,19,1,316
0.7765,0.7765,20.5325,15.5325,20,15,19.2604,18,1,316
0.8865,0.8865,19.993,14.993,19,14,19.2604,18,1,316
0.8375,0.8375,21.1835,15.1835,21,15,19.2604,18,1,316
0.669,0.669,22.119,16.119,22,16,19.2604,19,1,316
1,1,18.3965,15.3965,18,15,19.2604,17,1,316
0.8435,0.8435,20.854,14.854,20,14,19.2604,18,1,316
0.5455,0.5455,21.6935,16.6935,20,15,19.2604,19,1,316
0.4635,0.4635,23.3055,15.3055,23,15,19.2604,19,1,316
0.9025,0.9025,19.8585,15.8585,19,15,19.2604,18,1,316
0.5395,0.5395,21.649,16.649,20,15,19.2604,19,1,316
0.305,0.305,21.8525,17.8525,20,16,19.2604,20,1,316
0.2375,0.2375,22.583,17.583,22,17,19.2604,20,1,316
0.389,0.389,20.338,17.338,20,17,19.2604,19,1,316
0.536,0.536,22.6585,15.6585,22,15,19.2604,19,1,316
0.522,0.522,22.5735,15.5735,22,15,19.2604,19,1,316
0.338,0.338,23.756,16.756,23,16,19.2604,20,1,316
0.883,0.883,19.9625,15.9625,19,15,19.2604,18,1,316
0.5395,0.5395,21.675,16.675,20,15,19.2604,19,1,316
0.0575,0.0575,24.968,18.968,24,18,19.2604,22,1,316
0.388,0.388,23.1625,17.1625,22,16,19.2604,20,1,316
0.11,0.11,23.629,17.629,23,17,19.2604,21,1,316
0.306,0.306,23.602,16.602,23,16,19.2604,20,1,316
0.066,0.066,24.938,18.938,24,18,19.2604,22,1,316
0.8945,0.8945,20.262,14.262,20,14,19.2604,17,1,316
0.248,0.248,22.7325,17.7325,21,16,19.2604,20,1,316
0.803,0.803,20.5905,15.5905,20,15,19.2604,18,1,316
0.656,0.656,21.051,16.051,20,15,19.2604,19,1,316
0.8455,0.8455,21.186,14.186,21,14,19.2604,18,1,316
0.2365,0.2365,22.4955,17.4955,22,17,19.2604,20,1,316
1,1,16.538,14.538,16,14,19.2604,16,1,316
0.7295,0.7295,21.444,15.444,21,15,19.2604,18,1,316
0.1575,0.1575,24.0825,18.0825,23,17,19.2604,21,1,316
0.3535,0.3535,22.0615,17.0615,21,16,19.2604,20,1,316
0.175,0.175,23.971,17.971,23,17,19.2604,21,1,316
0.3845,0.3845,23.057,17.057,23,17,19.2604,20,1,316
0.153,0.153,23.093,18.093,22,17,19.2604,21,1,316
0.098,0.098,23.606,18.606,22,17,19.2604,21,1,316
0.3955,0.3955,23.0475,17.0475,23,17,19.2604,20,1,316
0.371,0.371,22.9495,16.9495,22,16,19.2604,20,1,316
1,1,17.8015,13.8015,17,13,19.2604,16,1,316
0.0255,0.0255,24.625,18.625,23,17,19.2604,22,1,316
0.7835,0.7835,21.955,14.955,21,14,19.2604,18,1,316
0.414,0.414,24.0275,16.0275,24,16,19.2604,20,1,316
0.2555,0.2555,22.6875,17.6875,21,16,19.2604,20,1,316
0.5285,0.5285,22.585,15.585,22,15,19.2604,19,1,316
0.1635,0.1635,24.0845,18.0845,23,17,19.2604,21,1,316
0.179,0.179,23.9965,17.9965,23,17,19.2604,21,1,316
0.6065,0.6065,23.039,15.039,23,15,19.2604,19,1,316
1,1,18.8925,14.8925,18,14,19.2604,17,1,316
1,1,18.502,14.502,18,14,19.2604,17,1,316
0.954,0.954,19.9255,13.9255,19,13,19.2604,17,1,316
0.9585,0.9585,19.638,14.638,19,14,19.2604,17,1,316
0.7435,0.7435,21.241,16.241,21,16,19.2604,19,1,316
1,1,17.829,13.829,17,13,19.2604,16,1,316
0.6415,0.6415,22.1555,16.1555,22,16,19.2604,19,1,316
0.37,0.37,23.876,16.876,23,16,19.2604,20,1,316
0.405,0.405,23.9785,15.9785,23,15,19.2604,20,1,316
0.8795,0.8795,21.1585,15.1585,21,15,19.2604,18,1,316
0.1585,0.1585,24.067,18.067,23,17,19.2604,21,1,316
0.379,0.379,23.985,16.985,24,17,19.2604,20,1,316
0.2915,0.2915,21.93,17.93,21,17,19.2604,20,1,316
0.2535,0.2535,22.6705,17.6705,21,16,19.2604,20,1,316
1,1,18.6345,16.6345,18,16,19.2604,18,1,316
0.0455,0.0455,27.081,19.081,26,18,19.2604,23,1,316
0.781,0.781,20.5135,15.5135,20,15,19.2604,18,1,316
0.61,0.61,22.0265,16.0265,21,15,19.2604,19,1,316
1,1,15.21,14.21,15,14,19.2604,15,1,316
0.232,0.232,22.5355,17.5355,22,17,19.2604,20,1,316
0.891,0.891,20.524,13.524,20,13,19.2604,17,1,316
0.302,0.302,23.5545,16.5545,23,16,19.2604,20,1,316
0.783,0.783,20.4725,15.4725,20,15,19.2604,18,1,316
0.699,0.699,21.3295,15.3295,21,15,19.2604,18,1,316
0.4965,0.4965,21.4615,16.4615,21,16,19.2604,19,1,316
0.8575,0.8575,21.1495,15.1495,21,15,19.2604,18,1,316
0.545,0.545,21.6815,16.6815,20,15,19.2604,19,1,316
0.832,0.832,20.3485,13.3485,20,13,19.2604,17,1,316
0.0985,0.0985,25.239,18.239,24,17,19.2604,22,1,316
0.7305,0.7305,21.413,15.413,21,15,19.2604,18,1,316
0.455,0.455,24.2385,16.2385,24,16,19.2604,20,1,316
0.5075,0.5075,21.5485,16.5485,21,16,19.2604,19,1,316
0.3235,0.3235,21.9585,16.9585,21,16,19.2604,20,1,316
0.796,0.796,20.6,15.6,20,15,19.2604,18,1,316
0.505,0.505,23.499,14.499,23,14,19.2604,19,1,316
0.685,0.685,22.1515,16.1515,22,16,19.2604,19,1,316
0.943,0.943,19.5255,14.5255,19,14,19.2604,17,1,316
0.2785,0.2785,25.966,16.966,26,17,19.2604,21,1,316
0.632,0.632,20.973,15.973,20,15,19.2604,19,1,316
0.291,0.291,22.7035,17.7035,21,16,19.2604,20,1,316
0.397,0.397,22.1425,17.1425,21,16,19.2604,20,1,316
0.506,0.506,22.531,15.531,22,15,19.2604,19,1,316
0.168,0.168,25.313,17.313,25,17,19.2604,21,1,316
1,1,17.377,14.377,17,14,19.2604,16,1,316
0.0465,0.0465,27.078,19.078,27,19,19.2604,23,1,316
0.3515,0.3515,22.0225,17.0225,21,16,19.2604,20,1,316
0.073,0.073,23.6965,18.6965,22,17,19.2604,21,1,316
0.169,0.169,24.6665,16.6665,24,16,19.2604,21,1,316
0.473,0.473,22.344,15.344,22,15,19.2604,19,1,316
0.3435,0.3435,22.0725,17.0725,21,16,19.2604,20,1,316
0.0995,0.0995,24.3025,17.3025,23,16,19.2604,21,1,316
0.565,0.565,21.7505,15.7505,21,15,19.2604,19,1,316
0.9585,0.9585,19.2735,15.2735,19,15,19.2604,17,1,316
0.6355,0.6355,20.97,15.97,20,15,19.2604,19,1,316
0.078,0.078,26.3,18.3,25,17,19.2604,22,1,316
0.618,0.618,21.941,15.941,21,15,19.2604,19,1,316
0.317,0.317,26.125,16.125,26,16,19.2604,21,1,316
0.835,0.835,20.86,14.86,20,14,19.2604,18,1,316
1,1,18.927,14.927,18,14,19.2604,17,1,316
0.1485,0.1485,24.072,18.072,23,17,19.2604,21,1,316
0.674,0.674,22.2075,16.2075,22,16,19.2604,19,1,316
0.5145,0.5145,19.694,16.694,19,16,19.2604,19,1,316
0.3525,0.3525,25.426,15.426,25,15,19.2604,20,1,316
0.097,0.097,25.976,17.976,26,18,19.2604,22,1,316
0.548,0.548,21.6785,15.6785,21,15,19.2604,19,1,316
0.3025,0.3025,24.3625,16.3625,24,16,19.2604,20,1,316
0.8315,0.8315,20.863,14.863,20,14,19.2604,18,1,316
0.302,0.302,23.5845,16.5845,23,16,19.2604,20,1,316
0.562,0.562,22.6925,15.6925,22,15,19.2604,19,1,316
1,1,18.8645,14.8645,18,14,19.2604,17,1,316
0.498,0.498,21.568,16.568,21,16,19.2604,19,1,316
0.8455,0.8455,20.911,14.911,20,14,19.2604,18,1,316
0.5725,0.5725,21.7795,15.7795,21,15,19.2604,19,1,316
0.873,0.873,20.3455,14.3455,20,14,19.2604,17,1,316
0.6785,0.6785,22.2365,16.2365,22,16,19.2604,19,1,316
0.9055,0.9055,19.825,13.825,19,13,19.2604,17,1,316
0.4255,0.4255,24.0795,16.0795,24,16,19.2604,20,1,316
0.2385,0.2385,22.523,17.523,22,17,19.2604,20,1,316
0.817,0.817,20.808,14.808,20,14,19.2604,18,1,316
0.8755,0.8755,19.9225,14.9225,19,14,19.2604,18,1,316
0.9215,0.9215,19.9605,15.9605,19,15,19.2604,18,1,316
0.796,0.796,20.511,15.511,20,15,19.2604,18,1,316
0.3425,0.3425,24.5245,15.5245,24,15,19.2604,20,1,316
0.3085,0.3085,23.7075,16.7075,22,15,19.2604,20,1,316
0.502,0.502,21.5365,16.5365,21,16,19.2604,19,1,316
0.1505,0.1505,24.041,18.041,23,17,19.2604,21,1,316
0.346,0.346,23.6935,16.6935,23,16,19.2604,20,1,316
0.7365,0.7365,21.557,14.557,21,14,19.2604,18,1,316
0.551,0.551,21.673,16.673,20,15,19.2604,19,1,316
0.467,0.467,22.271,15.271,22,15,19.2604,19,1,316
0.5555,0.5555,21.73,15.73,21,15,19.2604,19,1,316
0.2905,0.2905,22.8425,16.8425,21,15,19.2604,20,1,316
0.901,0.901,19.8115,15.8115,19,15,19.2604,18,1,316
0.4385,0.4385,24.137,16.137,24,16,19.2604,20,1,316
0.9425,0.9425,19.53,14.53,19,14,19.2604,17,1,316
0.801,0.801,20.6615,15.6615,20,15,19.2604,18,1,316
0.5255,0.5255,21.6395,16.6395,20,15,19.2604,19,1,316
0.2545,0.2545,22.671,17.671,21,16,19.2604,20,1,316
0.301,0.301,22.705,16.705,22,16,19.2604,20,1,316
0.71,0.71,21.369,15.369,21,15,19.2604,18,1,316
0.585,0.585,20.7425,16.7425,20,16,19.2604,19,1,316
0.149,0.149,23.745,17.745,23,17,19.2604,21,1,316
0.6905,0.6905,21.285,14.285,21,14,19.2604,18,1,316
0.135,0.135,24.5115,17.5115,24,17,19.2604,21,1,316
0.1965,0.1965,24.083,18.083,23,17,19.2604,21,1,316
0.7735,0.7735,20.5175,15.5175,20,15,19.2604,18,1,316
0.5265,0.5265,21.51,16.51,21,16,19.2604,19,1,316
0.3085,0.3085,22.76,16.76,22,16,19.2604,20,1,316
0.133,0.133,23.7625,17.7625,22,16,19.2604,21,1,316
0.649,0.649,21.038,16.038,20,15,19.2604,19,1,316
0.009,0.009,26.5085,19.5085,24,17,19.2604,23,1,316
0.028,0.028,24.6785,18.6785,23,17,19.2604,22,1,316
1,1,17.2695,14.2695,17,14,19.2604,16,1,316
0.0935,0.0935,22.988,18.988,22,18,19.2604,21,1,316
0.1995,0.1995,24.032,18.032,24,18,19.2604,21,1,316
0.9865,0.9865,18.9595,14.9595,18,14,19.2604,17,1,316
0.956,0.956,19.5935,14.5935,19,14,19.2604,17,1,316
0.4705,0.4705,23.281,14.281,23,14,19.2604,19,1,316
0.845,0.845,21.217,15.217,21,15,19.2604,18,1,316
0.314,0.314,23.683,16.683,23,16,19.2604,20,1,316
0.9115,0.9115,19.776,15.776,19,15,19.2604,18,1,316
0.3565,0.3565,23.725,16.725,23,16,19.2604,20,1,316
0.7735,0.7735,20.521,15.521,20,15,19.2604,18,1,316
0.02,0.02,25.9635,19.9635,25,19,19.2604,23,1,316
0.0035,0.0035,27.5175,20.5175,27,20,19.2604,24,1,316
0.274,0.274,22.7045,17.7045,21,16,19.2604,20,1,316
0.2305,0.2305,22.6215,17.6215,21,16,19.2604,20,1,316
0.494,0.494,23.4225,15.4225,23,15,19.2604,19,1,316
1,1,18.895,14.895,18,14,19.2604,17,1,316
0.0725,0.0725,24.964,18.964,24,18,19.2604,22,1,316
0.8465,0.8465,21.2335,15.2335,21,15,19.2604,18,1,316
0.6475,0.6475,21.0015,16.0015,20,15,19.2604,19,1,316
0.914,0.914,19.9515,15.9515,19,15,19.2604,18,1,316
0.919,0.919,19.883,15.883,19,15,19.2604,18,1,316
0.943,0.943,20.1955,14.1955,20,14,19.2604,17,1,316
1,1,17.8185,14.8185,17,14,19.2604,16,1,316
1,1,17.792,13.792,17,13,19.2604,16,1,316
0.3035,0.3035,23.5805,16.5805,23,16,19.2604,20,1,316
1,1,15.9715,13.9715,15,13,19.2604,15,1,316
0.901,0.901,19.7515,15.7515,19,15,19.2604,18,1,316
0.1395,0.1395,24.578,17.578,24,17,19.2604,21,1,316
0.3275,0.3275,22.7895,16.7895,22,16,19.2604,20,1,316
0.257,0.257,22.6835,17.6835,21,16,19.2604,20,1,316
0.0415,0.0415,25.5955,18.5955,24,17,19.2604,22,1,316
0.8245,0.8245,20.8455,14.8455,20,14,19.2604,18,1,316
0.228,0.228,22.5615,17.5615,21,16,19.2604,20,1,316
0.399,0.399,23.0585,17.0585,22,16,19.2604,20,1,316
0.511,0.511,23.456,14.456,23,14,19.2604,19,1,316
0.957,0.957,20.1505,14.1505,20,14,19.2604,17,1,316
0.3985,0.3985,23.9125,15.9125,23,15,19.2604,20,1,316
0.3795,0.3795,23.1185,17.1185,22,16,19.2604,20,1,316
0.895,0.895,20.099,15.099,19,14,19.2604,18,1,316
0.29,0.29,24.2835,16.2835,24,16,19.2604,20,1,316
1,1,18.681,15.681,18,15,19.2604,17,1,316
0.028,0.028,25.343,18.343,24,17,19.2604,22,1,316
0.7865,0.7865,20.568,15.568,20,15,19.2604,18,1,316
0.5715,0.5715,21.758,15.758,21,15,19.2604,19,1,316
0.503,0.503,21.514,16.514,21,16,19.2604,19,1,316
0.324,0.324,23.6235,16.6235,23,16,19.2604,20,1,316
0.3265,0.3265,23.704,16.704,23,16,19.2604,20,1,316
0.563,0.563,23.8365,14.8365,23,14,19.2604,19,1,316
0.585,0.585,22.9125,15.9125,22,15,19.2604,19,1,316
0.7825,0.7825,20.542,15.542,20,15,19.2604,18,1,316
0.226,0.226,24.97,16.97,25,17,19.2604,21,1,316
0.7435,0.7435,21.6345,14.6345,21,14,19.2604,18,1,316
0.2735,0.2735,25.1165,17.1165,24,16,19.2604,21,1,316
0.8345,0.8345,21.15,15.15,21,15,19.2604,18,1,316
0.8315,0.8315,20.8525,14.8525,20,14,19.2604,18,1,316
1,1,16.1925,13.1925,16,13,19.2604,15,1,316
0.0345,0.0345,26.9515,18.9515,26,18,19.2604,23,1,316
1,1,18.805,14.805,18,14,19.2604,17,1,316
0.787,0.787,20.5385,15.5385,20,15,19.2604,18,1,316
0.9015,0.9015,19.7965,15.7965,19,15,19.2604,18,1,316
0.9755,0.9755,19.2355,14.2355,19,14,19.2604,17,1,316
0.1105,0.1105,26.6685,17.6685,26,17,19.2604,22,1,316
0.329,0.329,21.967,16.967,21,16,19.2604,20,1,316
0.8085,0.8085,22.115,14.115,22,14,19.2604,18,1,316
0.3185,0.3185,22.8295,16.8295,22,16,19.2604,20,1,316
0.519,0.519,21.57,16.57,21,16,19.2604,19,1,316
0.1915,0.1915,26.267,16.267,26,16,19.2604,21,1,316
1,1,14.304,12.304,14,12,19.2604,14,1,316
1,1,16.3645,13.3645,16,13,19.2604,15,1,316
1,1,18.3485,14.3485,18,14,19.2604,16,1,316
0.182,0.182,26.272,16.272,26,16,19.2604,21,1,316
0.65,0.65,20.986,16.986,20,16,19.2604,19,1,316
0.101,0.101,23.6705,17.6705,22,16,19.2604,21,1,316
0.245,0.245,22.646,17.646,21,16,19.2604,20,1,316
0.0665,0.0665,25.61,18.61,25,18,19.2604,22,1,316
0.424,0.424,24.0305,16.0305,24,16,19.2604,20,1,316
0.8855,0.8855,19.9415,15.9415,19,15,19.2604,18,1,316
0.116,0.116,23.7395,17.7395,23,17,19.2604,21,1,316
0.4385,0.4385,24.14,16.14,24,16,19.2604,20,1,316
0.376,0.376,23.066,17.066,22,16,19.2604,20,1,316
0.321,0.321,25.352,15.352,25,15,19.2604,20,1,316
0.113,0.113,24.3335,17.3335,23,16,19.2604,21,1,316
0.2975,0.2975,21.9705,17.9705,21,17,19.2604,20,1,316
0.534,0.534,21.6525,16.6525,20,15,19.2604,19,1,316
0.616,0.616,23.056,15.056,23,15,19.2604,19,1,316
0.5545,0.5545,21.7435,15.7435,21,15,19.2604,19,1,316
0.6435,0.6435,21.005,16.005,20,15,19.2604,19,1,316
0.977,0.977,18.2755,13.2755,18,13,19.2604,16,1,316
0.112,0.112,23.743,17.743,23,17,19.2604,21,1,316
0.4645,0.4645,24.197,16.197,24,16,19.2604,20,1,316
0.6525,0.6525,23.2365,15.2365,23,15,19.2604,19,1,316
0.649,0.649,22.0885,16.0885,21,15,19.2604,19,1,316
0.0385,0.0385,27.6185,18.6185,27,18,19.2604,23,1,316
0.5525,0.5525,22.763,14.763,22,14,19.2604,19,1,316
0.6365,0.6365,20.9505,15.9505,20,15,19.2604,19,1,316
0.8045,0.8045,20.7775,14.7775,20,14,19.2604,18,1,316
0.697,0.697,21.4045,14.4045,21,14,19.2604,18,1,316
0.0595,0.0595,26.301,18.301,25,17,19.2604,22,1,316
0.0725,0.0725,25.6925,17.6925,25,17,19.2604,22,1,316
0.3055,0.3055,24.312,16.312,24,16,19.2604,20,1,316
0.8155,0.8155,20.7855,14.7855,20,14,19.2604,18,1,316
0.6645,0.6645,22.1285,16.1285,21,15,19.2604,19,1,316
0.3105,0.3105,21.9005,17.9005,21,17,19.2604,20,1,316
0.6245,0.6245,23.11,15.11,23,15,19.2604,19,1,316
0.6435,0.6435,23.187,15.187,23,15,19.2604,19,1,316
0.3285,0.3285,23.6805,16.6805,23,16,19.2604,20,1,316
0.2565,0.2565,22.655,17.655,21,16,19.2604,20,1,316
0.6515,0.6515,22.208,16.208,22,16,19.2604,19,1,316
0.6945,0.6945,21.3135,15.3135,21,15,19.2604,18,1,316
0.4535,0.4535,24.178,16.178,24,16,19.2604,20,1,316
0.834,0.834,21.178,15.178,21,15,19.2604,18,1,316
0.62,0.62,20.956,15.956,20,15,19.2604,19,1,316
1,1,16.5085,14.5085,16,14,19.2604,16,1,316
0.6235,0.6235,20.933,16.933,20,16,19.2604,19,1,316
0.906,0.906,19.804,15.804,19,15,19.2604,18,1,316
0.863,0.863,19.9685,14.9685,19,14,19.2604,18,1,316
0.5205,0.5205,22.6215,15.6215,22,15,19.2604,19,1,316
0.1785,0.1785,24.762,17.762,24,17,19.2604,21,1,316
0.8265,0.8265,19.4405,15.4405,19,15,19.2604,18,1,316
0.6495,0.6495,22.1615,16.1615,22,16,19.2604,19,1,316
0.3905,0.3905,23.098,17.098,22,16,19.2604,20,1,316
0.9995,0.9995,17.6395,13.6395,17,13,19.2604,16,1,316
0.395,0.395,22.144,17.144,21,16,19.2604,20,1,316
0.6385,0.6385,23.1745,15.1745,23,15,19.2604,19,1,316
0.7325,0.7325,21.6175,14.6175,21,14,19.2604,18,1,316
0.683,0.683,21.311,14.311,21,14,19.2604,18,1,316
0.63,0.63,20.89,16.89,20,16,19.2604,19,1,316
1,1,19.0575,14.0575,18,13,19.2604,17,1,316
0.4445,0.4445,24.168,16.168,24,16,19.2604,20,1,316
1,1,18.8425,14.8425,18,14,19.2604,17,1,316
0.1265,0.1265,24.444,17.444,24,17,19.2604,21,1,316
0.583,0.583,21.8065,15.8065,21,15,19.2604,19,1,316
0.5865,0.5865,20.87,16.87,20,16,19.2604,19,1,316
1,1,18.2215,15.2215,18,15,19.2604,17,1,316
0.256,0.256,25.0935,17.0935,25,17,19.2604,21,1,316
0.2435,0.2435,23.365,16.365,22,15,19.2604,20,1,316
0.252,0.252,23.4085,17.4085,23,17,19.2604,20,1,316
0.124,0.124,23.6955,17.6955,23,17,19.2604,21,1,316
0.3635,0.3635,23.0515,17.0515,22,16,19.2604,20,1,316
0.1895,0.1895,24.714,16.714,24,16,19.2604,21,1,316
0.481,0.481,23.377,15.377,23,15,19.2604,19,1,316
0.9775,0.9775,19.242,14.242,19,14,19.2604,17,1,316
0.956,0.956,19.8375,13.8375,19,13,19.2604,17,1,316
0.596,0.596,20.782,16.782,20,16,19.2604,19,1,316
0.242,0.242,21.8225,17.8225,21,17,19.2604,20,1,316
0.5175,0.5175,21.571,16.571,21,16,19.2604,19,1,316
0.1255,0.1255,24.627,17.627,23,16,19.2604,21,1,316
0.646,0.646,20.9505,16.9505,20,16,19.2604,19,1,316
0.145,0.145,26.859,17.859,27,18,19.2604,22,1,316
0.8905,0.8905,21.236,15.236,21,15,19.2604,18,1,316
0.5115,0.5115,21.543,16.543,21,16,19.2604,19,1,316
0.462,0.462,23.265,15.265,23,15,19.2604,19,1,316
0.2215,0.2215,24.9335,16.9335,25,17,19.2604,21,1,316
0.8245,0.8245,20.8405,14.8405,20,14,19.2604,18,1,316
0.912,0.912,19.8405,15.8405,19,15,19.2604,18,1,316
0.8335,0.8335,21.2465,15.2465,21,15,19.2604,18,1,316
0.5295,0.5295,21.6085,16.6085,20,15,19.2604,19,1,316
0.588,0.588,21.879,15.879,21,15,19.2604,19,1,316
0.8895,0.8895,19.8175,15.8175,19,15,19.2604,18,1,316
0.8765,0.8765,21.16,15.16,21,15,19.2604,18,1,316
0.368,0.368,23.0055,17.0055,22,16,19.2604,20,1,316
0.747,0.747,20.276,15.276,20,15,19.2604,18,1,316
0.041,0.041,25.4535,18.4535,25,18,19.2604,22,1,316
0.6895,0.6895,21.415,14.415,21,14,19.2604,18,1,316
0.3125,0.3125,23.6375,16.6375,23,16,19.2604,20,1,316
1,1,18.8065,14.8065,18,14,19.2604,17,1,316
0.225,0.225,24.931,16.931,25,17,19.2604,21,1,316
0.857,0.857,19.686,15.686,19,15,19.2604,18,1,316
0.8625,0.8625,21.106,15.106,21,15,19.2604,18,1,316
1,1,16.7335,12.7335,16,12,19.2604,15,1,316
0.2115,0.2115,25.6445,16.6445,25,16,19.2604,21,1,316
0.0175,0.0175,24.588,19.588,23,18,19.2604,22,1,316
0.9695,0.9695,20.1525,14.1525,20,14,19.2604,17,1,316
0.346,0.346,23.674,16.674,23,16,19.2604,20,1,316
0.5415,0.5415,20.6845,16.6845,19,15,19.2604,19,1,316
0.4585,0.4585,22.2925,16.2925,22,16,19.2604,19,1,316
0.322,0.322,22.8155,16.8155,22,16,19.2604,20,1,316
0.8745,0.8745,20.3755,14.3755,20,14,19.2604,17,1,316
0.8515,0.8515,19.582,15.582,19,15,19.2604,18,1,316
0.181,0.181,24.746,17.746,24,17,19.2604,21,1,316
1,1,16.848,14.848,16,14,19.2604,16,1,316
0.6235,0.6235,24.177,14.177,24,14,19.2604,19,1,316
0.6115,0.6115,23.0875,15.0875,23,15,19.2604,19,1,316
1,1,17.449,13.449,17,13,19.2604,16,1,316
0.118,0.118,23.648,17.648,23,17,19.2604,21,1,316
0.6475,0.6475,22.126,16.126,22,16,19.2604,19,1,316
0.909,0.909,19.947,15.947,19,15,19.2604,18,1,316
0.672,0.672,22.2325,16.2325,22,16,19.2604,19,1,316
1,1,18.407,14.407,18,14,19.2604,17,1,316
0.2565,0.2565,24.219,17.219,24,17,19.2604,21,1,316
0.1755,0.1755,24.0375,18.0375,23,17,19.2604,21,1,316
0.8655,0.8655,19.627,15.627,19,15,19.2604,18,1,316
0.2615,0.2615,21.827,17.827,21,17,19.2604,20,1,316
1,1,18.8595,14.8595,18,14,19.2604,17,1,316
0.952,0.952,19.8665,13.8665,19,13,19.2604,17,1,316
0.124,0.124,23.783,17.783,23,17,19.2604,21,1,316
0.9395,0.9395,19.9665,13.9665,19,13,19.2604,17,1,316
0.5365,0.5365,22.6065,15.6065,22,15,19.2604,19,1,316
0.92,0.92,19.8645,15.8645,19,15,19.2604,18,1,316
0.3845,0.3845,23.109,17.109,22,16,19.2604,20,1,316
0.506,0.506,22.469,15.469,22,15,19.2604,19,1,316
0.758,0.758,20.4975,15.4975,20,15,19.2604,18,1,316
0.407,0.407,23.1275,17.1275,22,16,19.2604,20,1,316
0.5705,0.5705,22.789,15.789,22,15,19.2604,19,1,316
0.3945,0.3945,23.028,17.028,22,16,19.2604,20,1,316
0.1635,0.1635,24.047,18.047,23,17,19.2604,21,1,316
1,1,17.627,14.627,17,14,19.2604,16,1,316
0.3045,0.3045,23.586,16.586,23,16,19.2604,20,1,316
0.4565,0.4565,24.2155,16.2155,24,16,19.2604,20,1,316
0.8125,0.8125,20.8135,14.8135,20,14,19.2604,18,1,316
0.8545,0.8545,21.251,15.251,21,15,19.2604,18,1,316
0.301,0.301,24.3105,15.3105,24,15,19.2604,20,1,316
1,1,18.772,14.772,18,14,19.2604,17,1,316
0.6355,0.6355,20.998,15.998,20,15,19.2604,19,1,316
0.414,0.414,23.931,15.931,24,16,19.2604,20,1,316
0.668,0.668,22.184,16.184,22,16,19.2604,19,1,316
0.626,0.626,23.1935,15.1935,23,15,19.2604,19,1,316
0.102,0.102,23.652,17.652,22,16,19.2604,21,1,316
0.6465,0.6465,23.2075,15.2075,23,15,19.2604,19,1,316
1,1,18.8925,14.8925,18,14,19.2604,17,1,316
0.501,0.501,22.4955,15.4955,22,15,19.2604,19,1,316
0.5545,0.5545,21.7155,16.7155,20,15,19.2604,19,1,316
0.644,0.644,20.999,15.999,20,15,19.2604,19,1,316
0.816,0.816,19.3455,16.3455,19,16,19.2604,18,1,316
0.461,0.461,25.1245,16.1245,25,16,19.2604,20,1,316
0.9625,0.9625,19.3625,15.3625,19,15,19.2604,17,1,316
0.772,0.772,20.304,16.304,20,16,19.2604,18,1,316
1,1,18.3845,15.3845,18,15,19.2604,17,1,316
0.14,0.14,24.554,17.554,24,17,19.2604,21,1,316
0.668,0.668,22.172,16.172,22,16,19.2604,19,1,316
0.9525,0.9525,19.82,13.82,19,13,19.2604,17,1,316
0.2405,0.2405,22.5845,17.5845,22,17,19.2604,20,1,316
0.0865,0.0865,23.638,18.638,22,17,19.2604,21,1,316
0.8035,0.8035,19.349,16.349,19,16,19.2604,18,1,316
0.892,0.892,20.0535,15.0535,19,14,19.2604,18,1,316
0.8435,0.8435,19.5565,15.5565,19,15,19.2604,18,1,316
0.325,0.325,23.6535,16.6535,23,16,19.2604,20,1,316
0.435,0.435,25.1085,15.1085,25,15,19.2604,20,1,316
0.125,0.125,26.9645,17.9645,27,18,19.2604,22,1,316
0.2605,0.2605,23.379,16.379,22,15,19.2604,20,1,316
0.1025,0.1025,23.7085,17.7085,22,16,19.2604,21,1,316
1,1,17.4615,13.4615,17,13,19.2604,16,1,316
1,1,17.366,14.366,17,14,19.2604,16,1,316
0.804,0.804,20.6535,15.6535,20,15,19.2604,18,1,316
0.3075,0.3075,22.7455,16.7455,22,16,19.2604,20,1,316
0.0985,0.0985,23.768,18.768,22,17,19.2604,21,1,316
0.5855,0.5855,21.804,15.804,21,15,19.2604,19,1,316
0.4535,0.4535,24.2075,16.2075,24,16,19.2604,20,1,316
0.605,0.605,21.8595,15.8595,21,15,19.2604,19,1,316
0.488,0.488,23.349,14.349,23,14,19.2604,19,1,316
0.38,0.38,23.017,17.017,22,16,19.2604,20,1,316
0.232,0.232,21.7765,17.7765,21,17,19.2604,20,1,316
0.3445,0.3445,21.998,16.998,21,16,19.2604,20,1,316
0.585,0.585,21.81,15.81,21,15,19.2604,19,1,316
0.292,0.292,24.3925,16.3925,24,16,19.2604,20,1,316
0.3225,0.3225,23.536,16.536,23,16,19.2604,20,1,316
0.213,0.213,25.103,18.103,25,18,19.2604,21,1,316
0.1155,0.1155,26.158,18.158,25,17,19.2604,22,1,316
0.4045,0.4045,23.9355,15.9355,24,16,19.2604,20,1,316
0.83,0.83,21.1545,15.1545,21,15,19.2604,18,1,316
0.658,0.658,21.0875,16.0875,20,15,19.2604,19,1,316
0.2405,0.2405,21.812,17.812,21,17,19.2604,20,1,316
0.5195,0.5195,21.5905,16.5905,21,16,19.2604,19,1,316
0.095,0.095,25.2265,19.2265,24,18,19.2604,22,1,316
1,1,17.1955,14.1955,17,14,19.2604,16,1,316
0.495,0.495,21.521,16.521,21,16,19.2604,19,1,316
0.0105,0.0105,28.352,19.352,27,18,19.2604,24,1,316
0.3775,0.3775,23.8725,16.8725,23,16,19.2604,20,1,316
0.6565,0.6565,21.0975,16.0975,20,15,19.2604,19,1,316
0.315,0.315,22.7615,17.7615,22,17,19.2604,20,1,316
0.631,0.631,22.0395,16.0395,22,16,19.2604,19,1,316
0.653,0.653,21.134,16.134,20,15,19.2604,19,1,316
0.296,0.296,24.3415,16.3415,24,16,19.2604,20,1,316
0.494,0.494,21.504,16.504,21,16,19.2604,19,1,316
0.3485,0.3485,22.0175,17.0175,21,16,19.2604,20,1,316
1,1,16.307,13.307,16,13,19.2604,15,1,316
0.9495,0.9495,19.452,14.452,19,14,19.2604,17,1,316
0.315,0.315,22.049,18.049,21,17,19.2604,20,1,316
0.5525,0.5525,22.7375,15.7375,22,15,19.2604,19,1,316
0.671,0.671,21.175,16.175,20,15,19.2604,19,1,316
0.6685,0.6685,22.26,16.26,22,16,19.2604,19,1,316
0.3235,0.3235,23.6625,16.6625,23,16,19.2604,20,1,316
0.883,0.883,20.523,13.523,20,13,19.2604,17,1,316
0.0865,0.0865,23.6305,18.6305,22,17,19.2604,21,1,316
0.649,0.649,22.074,16.074,22,16,19.2604,19,1,316
1,1,18.841,14.841,18,14,19.2604,17,1,316
0.8395,0.8395,20.9085,14.9085,20,14,19.2604,18,1,316
0.102,0.102,23.641,18.641,22,17,19.2604,21,1,316
0.5075,0.5075,20.616,16.616,20,16,19.2604,19,1,316
0.9705,0.9705,20.2095,14.2095,20,14,19.2604,17,1,316
0.936,0.936,19.6545,14.6545,19,14,19.2604,17,1,316
0.655,0.655,21.034,17.034,20,16,19.2604,19,1,316
0.5375,0.5375,21.7185,15.7185,21,15,19.2604,19,1,316
0.6365,0.6365,20.982,15.982,20,15,19.2604,19,1,316
0.469,0.469,22.2885,15.2885,22,15,19.2604,19,1,316
0.611,0.611,20.8425,16.8425,20,16,19.2604,19,1,316
0.488,0.488,22.438,15.438,22,15,19.2604,19,1,316
0.6485,0.6485,22.1535,16.1535,22,16,19.2604,19,1,316
0.2075,0.2075,24.055,18.055,24,18,19.2604,21,1,316
0.7955,0.7955,20.5735,15.5735,20,15,19.2604,18,1,316
1,1,17.5465,15.5465,17,15,19.2604,17,1,316
1,1,17.2165,14.2165,17,14,19.2604,16,1,316
0.483,0.483,23.375,15.375,23,15,19.2604,19,1,316
0.308,0.308,22.919,16.919,22,16,19.2604,20,1,316
0.6405,0.6405,22.088,16.088,22,16,19.2604,19,1,316
1,1,16.52,14.52,16,14,19.2604,16,1,316
1,1,18.7655,14.7655,18,14,19.2604,17,1,316
0.209,0.209,24.092,18.092,23,17,19.2604,21,1,316
0.352,0.352,23.7985,16.7985,23,16,19.2604,20,1,316
1,1,17.3895,15.3895,17,15,19.2604,17,1,316
0.3075,0.3075,22.7735,16.7735,22,16,19.2604,20,1,316
0.3125,0.3125,22.765,16.765,22,16,19.2604,20,1,316
0.5595,0.5595,21.7855,15.7855,21,15,19.2604,19,1,316
0.681,0.681,21.355,14.355,21,14,19.2604,18,1,316
0.816,0.816,20.8335,14.8335,20,14,19.2604,18,1,316
0.815,0.815,20.6185,15.6185,20,15,19.2604,18,1,316
0.1655,0.1655,27.2085,17.2085,27,17,19.2604,22,1,316
0.5,0.5,20.5815,16.5815,20,16,19.2604,19,1,316
0.3295,0.3295,21.9355,16.9355,21,16,19.2604,20,1,316
0.2485,0.2485,21.69,17.69,20,16,19.2604,20,1,316
0.231,0.231,22.479,17.479,22,17,19.2604,20,1,316
0.826,0.826,20.885,14.885,20,14,19.2604,18,1,316
0.197,0.197,24.1075,18.1075,23,17,19.2604,21,1,316
0.2215,0.2215,22.4835,17.4835,22,17,19.2604,20,1,316
0.5705,0.5705,21.7865,15.7865,21,15,19.2604,19,1,316
1,1,17.3915,13.3915,17,13,19.2604,15,1,316
0.0255,0.0255,24.707,18.707,23,17,19.2604,22,1,316
0.195,0.195,24.056,18.056,23,17,19.2604,21,1,316
0.83,0.83,21.143,15.143,21,15,19.2604,18,1,316
0.9585,0.9585,19.307,15.307,19,15,19.2604,17,1,316
0.784,0.784,20.5115,15.5115,20,15,19.2604,18,1,316
0.562,0.562,21.7515,16.7515,20,15,19.2604,19,1,316
0.243,0.243,25.9145,16.9145,25,16,19.2604,21,1,316
0.123,0.123,22.989,17.989,22,17,19.2604,21,1,316
0.6235,0.6235,22.0235,16.0235,21,15,19.2604,19,1,316
0.921,0.921,19.9865,15.9865,19,15,19.2604,18,1,316
0.606,0.606,21.8815,15.8815,21,15,19.2604,19,1,316
0.672,0.672,21.3165,14.3165,21,14,19.2604,18,1,316
0.194,0.194,25.6155,16.6155,25,16,19.2604,21,1,316
0.341,0.341,22.0015,18.0015,21,17,19.2604,20,1,316
0.4015,0.4015,23.1415,17.1415,22,16,19.2604,20,1,316
0.9105,0.9105,19.792,15.792,19,15,19.2604,18,1,316
0.8715,0.8715,21.094,15.094,21,15,19.2604,18,1,316
0.072,0.072,27.884,17.884,28,18,19.2604,23,1,316
0.387,0.387,23.053,17.053,22,16,19.2604,20,1,316
0.8425,0.8425,21.155,15.155,21,15,19.2604,18,1,316
0.4515,0.4515,24.1915,16.1915,24,16,19.2604,20,1,316
0.835,0.835,19.5705,15.5705,19,15,19.2604,18,1,316
0.587,0.587,20.7715,16.7715,20,16,19.2604,19,1,316
0.143,0.143,24.588,17.588,24,17,19.2604,21,1,316
0.4415,0.4415,24.149,16.149,24,16,19.2604,20,1,316
1,1,18.4635,14.4635,18,14,19.2604,17,1,316
0.275,0.275,22.693,16.693,21,15,19.2604,20,1,316
0.1445,0.1445,23.03,18.03,22,17,19.2604,21,1,316
0.8945,0.8945,19.9425,15.9425,19,15,19.2604,18,1,316
0.076,0.076,24.9855,18.9855,24,18,19.2604,22,1,316
0.9945,0.9945,18.8835,13.8835,18,13,19.2604,16,1,316
0.8945,0.8945,19.9725,15.9725,19,15,19.2604,18,1,316
0.4705,0.4705,24.223,16.223,24,16,19.2604,20,1,316
0.3185,0.3185,23.541,16.541,23,16,19.2604,20,1,316
0.5775,0.5775,22.7935,15.7935,22,15,19.2604,19,1,316
0.501,0.501,21.542,16.542,21,16,19.2604,19,1,316
0.5615,0.5615,21.751,15.751,21,15,19.2604,19,1,316
0.3955,0.3955,23.9305,15.9305,24,16,19.2604,20,1,316
0.6355,0.6355,23.1345,15.1345,23,15,19.2604,19,1,316
0.832,0.832,21.125,15.125,21,15,19.2604,18,1,316
0.501,0.501,21.5415,16.5415,21,16,19.2604,19,1,316
0.627,0.627,23.132,15.132,23,15,19.2604,19,1,316
0.16,0.16,27.1185,17.1185,27,17,19.2604,22,1,316
1,1,18.621,15.621,18,15,19.2604,17,1,316
0.068,0.068,25.6125,18.6125,25,18,19.2604,22,1,316
0.0045,0.0045,27.4995,20.4995,26,19,19.2604,24,1,316
0.912,0.912,19.354,14.354,19,14,19.2604,17,1,316
0.309,0.309,22.747,16.747,22,16,19.2604,20,1,316
1,1,18.359,15.359,18,15,19.2604,17,1,316
0.3075,0.3075,24.3605,16.3605,24,16,19.2604,20,1,316
0.5995,0.5995,22.955,14.955,22,14,19.2604,19,1,316
0.6355,0.6355,22.091,16.091,21,15,19.2604,19,1,316
0.195,0.195,25.645,16.645,25,16,19.2604,21,1,316
0.6605,0.6605,22.074,16.074,22,16,19.2604,19,1,316
0.187,0.187,24.01,18.01,23,17,19.2604,21,1,316
0.922,0.922,19.8655,13.8655,19,13,19.2604,17,1,316
0.0265,0.0265,25.347,18.347,24,17,19.2604,22,1,316
0.093,0.093,24.3935,18.3935,23,17,19.2604,21,1,316
0.6475,0.6475,20.988,16.988,20,16,19.2604,19,1,316
0.6145,0.6145,23.0975,15.0975,23,15,19.2604,19,1,316
0.638,0.638,20.973,15.973,20,15,19.2604,19,1,316
0.5415,0.5415,23.6105,15.6105,23,15,19.2604,19,1,316
0.6225,0.6225,23.085,15.085,23,15,19.2604,19,1,316
0.968,0.968,19.3195,14.3195,19,14,19.2604,17,1,316
0.1125,0.1125,26.0655,18.0655,25,17,19.2604,22,1,316
0.309,0.309,22.7235,16.7235,22,16,19.2604,20,1,316
0.6595,0.6595,22.155,16.155,22,16,19.2604,19,1,316
0.6255,0.6255,20.9615,15.9615,20,15,19.2604,19,1,316
0.417,0.417,24.047,16.047,24,16,19.2604,20,1,316
0.086,0.086,24.355,18.355,23,17,19.2604,21,1,316
0.1325,0.1325,24.5345,17.5345,24,17,19.2604,21,1,316
0.554,0.554,21.7385,15.7385,21,15,19.2604,19,1,316
0.918,0.918,19.8355,15.8355,19,15,19.2604,18,1,316
0.4575,0.4575,24.174,16.174,24,16,19.2604,20,1,316
0.8185,0.8185,20.6735,15.6735,20,15,19.2604,18,1,316
1,1,16.5565,14.5565,16,14,19.2604,16,1,316
0.253,0.253,23.322,16.322,23,16,19.2604,20,1,316
0.156,0.156,24.127,18.127,23,17,19.2604,21,1,316
0.3995,0.3995,23.033,16.033,23,16,19.2604,20,1,316
0.6805,0.6805,22.185,16.185,22,16,19.2604,19,1,316
0.9485,0.9485,20.22,14.22,20,14,19.2604,17,1,316
0.23,0.23,25.858,16.858,26,17,19.2604,21,1,316
0.157,0.157,24.623,17.623,24,17,19.2604,21,1,316
0.253,0.253,22.625,17.625,21,16,19.2604,20,1,316
0.674,0.674,21.0895,16.0895,20,15,19.2604,19,1,316
0.569,0.569,21.8175,15.8175,21,15,19.2604,19,1,316
0.0375,0.0375,25.0475,19.0475,24,18,19.2604,22,1,316
0.624,0.624,23.1015,15.1015,23,15,19.2604,19,1,316
0.6105,0.6105,23.004,15.004,22,14,19.2604,19,1,316
0.958,0.958,19.587,14.587,19,14,19.2604,17,1,316
0.663,0.663,22.116,16.116,22,16,19.2604,19,1,316
0.5735,0.5735,21.756,15.756,21,15,19.2604,19,1,316
0.263,0.263,21.8545,17.8545,21,17,19.2604,20,1,316
0.081,0.081,26.388,17.388,26,17,19.2604,22,1,316
0.1055,0.1055,23.841,18.841,22,17,19.2604,21,1,316
0.902,0.902,19.4695,14.4695,19,14,19.2604,17,1,316
0.9715,0.9715,19.3355,14.3355,19,14,19.2604,17,1,316
0.305,0.305,21.9725,17.9725,21,17,19.2604,20,1,316
0.088,0.088,23.747,18.747,22,17,19.2604,21,1,316
0.232,0.232,22.5735,17.5735,21,16,19.2604,20,1,316
0.8735,0.8735,20.0245,15.0245,19,14,19.2604,18,1,316
1,1,18.412,15.412,18,15,19.2604,17,1,316
0.958,0.958,19.598,14.598,19,14,19.2604,17,1,316
0.312,0.312,23.627,16.627,23,16,19.2604,20,1,316
0.1415,0.1415,24.541,17.541,24,17,19.2604,21,1,316
0.877,0.877,19.9685,15.9685,19,15,19.2604,18,1,316
1,1,18.797,14.797,18,14,19.2604,17,1,316
0.7855,0.7855,21.816,14.816,21,14,19.2604,18,1,316
0.406,0.406,23.117,17.117,22,16,19.2604,20,1,316
0.888,0.888,21.1435,15.1435,20,14,19.2604,18,1,316
0.472,0.472,24.2475,16.2475,24,16,19.2604,20,1,316
0.747,0.747,20.452,15.452,20,15,19.2604,18,1,316
0.4925,0.4925,23.409,15.409,23,15,19.2604,19,1,316
0.641,0.641,22.1295,16.1295,22,16,19.2604,19,1,316
0.347,0.347,22.036,17.036,21,16,19.2604,20,1,316
0.2815,0.2815,22.691,16.691,22,16,19.2604,20,1,316
0.8855,0.8855,21.188,15.188,21,15,19.2604,18,1,316
0.5825,0.5825,22.839,15.839,22,15,19.2604,19,1,316
0.643,0.643,19.9585,16.9585,19,16,19.2604,19,1,316
0.8945,0.8945,20.0475,15.0475,19,14,19.2604,18,1,316
0.914,0.914,19.866,15.866,19,15,19.2604,18,1,316
0.313,0.313,23.635,16.635,23,16,19.2604,20,1,316
0.912,0.912,19.7705,15.7705,19,15,19.2604,18,1,316
0.104,0.104,24.3395,17.3395,23,16,19.2604,21,1,316
0.52,0.52,22.6025,15.6025,22,15,19.2604,19,1,316
1,1,18.2875,14.2875,18,14,19.2604,16,1,316
0.838,0.838,19.5125,15.5125,19,15,19.2604,18,1,316
0.808,0.808,22.2465,14.2465,22,14,19.2604,18,1,316
0.5215,0.5215,21.5785,16.5785,21,16,19.2604,19,1,316
0.3235,0.3235,23.653,16.653,23,16,19.2604,20,1,316
0.4895,0.4895,21.5235,16.5235,21,16,19.2604,19,1,316
0.5175,0.5175,21.5715,16.5715,21,16,19.2604,19,1,316
0.1615,0.1615,24.105,18.105,23,17,19.2604,21,1,316
0.4825,0.4825,21.479,16.479,21,16,19.2604,19,1,316
0.1825,0.1825,23.9875,17.9875,23,17,19.2604,21,1,316
0.3805,0.3805,23.095,17.095,22,16,19.2604,20,1,316
0.636,0.636,22.136,16.136,22,16,19.2604,19,1,316
0.683,0.683,22.2,16.2,21,15,19.2604,19,1,316
0.18,0.18,24.721,17.721,24,17,19.2604,21,1,316
0.237,0.237,22.586,17.586,21,16,19.2604,20,1,316
0.9635,0.9635,19.295,15.295,19,15,19.2604,17,1,316
0.892,0.892,20.0205,15.0205,19,14,19.2604,18,1,316
0.133,0.133,24.584,17.584,24,17,19.2604,21,1,316
0.221,0.221,22.4775,17.4775,22,17,19.2604,20,1,316
0.284,0.284,22.792,17.792,21,16,19.2604,20,1,316
0.303,0.303,22.7215,16.7215,22,16,19.2604,20,1,316
0.998,0.998,18.583,13.583,18,13,19.2604,16,1,316
0.468,0.468,23.3155,15.3155,23,15,19.2604,19,1,316
0.6165,0.6165,20.882,16.882,20,16,19.2604,19,1,316
0.5735,0.5735,21.782,15.782,21,15,19.2604,19,1,316
0.3205,0.3205,21.9325,16.9325,21,16,19.2604,20,1,316
0.328,0.328,23.694,16.694,23,16,19.2604,20,1,316
0.4995,0.4995,21.536,16.536,21,16,19.2604,19,1,316
0.8345,0.8345,21.172,15.172,21,15,19.2604,18,1,316
0.6325,0.6325,20.9695,16.9695,20,16,19.2604,19,1,316
0.091,0.091,23.634,18.634,22,17,19.2604,21,1,316
0.8795,0.8795,21.1995,15.1995,21,15,19.2604,18,1,316
0.3845,0.3845,23.9425,15.9425,23,15,19.2604,20,1,316
0.1145,0.1145,22.906,17.906,22,17,19.2604,21,1,316
0.236,0.236,24.9945,16.9945,25,17,19.2604,21,1,316
0.953,0.953,19.5985,14.5985,19,14,19.2604,17,1,316
0.4605,0.4605,24.2045,16.2045,24,16,19.2604,20,1,316
0.3205,0.3205,23.6945,16.6945,23,16,19.2604,20,1,316
0.074,0.074,25.6555,18.6555,25,18,19.2604,22,1,316
0.163,0.163,26.119,18.119,26,18,19.2604,22,1,316
0.5355,0.5355,21.6095,16.6095,21,16,19.2604,19,1,316
0.264,0.264,25.253,17.253,24,16,19.2604,21,1,316
0.7285,0.7285,20.453,15.453,20,15,19.2604,18,1,316
0.1,0.1,23.728,17.728,22,16,19.2604,21,1,316
0.09,0.09,29.039,18.039,29,18,19.2604,23,1,316
0.943,0.943,19.5915,14.5915,19,14,19.2604,17,1,316
0.882,0.882,21.1365,15.1365,20,14,19.2604,18,1,316
0.6535,0.6535,22.054,16.054,21,15,19.2604,19,1,316
0.2625,0.2625,22.7345,17.7345,21,16,19.2604,20,1,316
0.934,0.934,20.1865,14.1865,20,14,19.2604,17,1,316
0.334,0.334,21.977,16.977,21,16,19.2604,20,1,316
0.254,0.254,25.998,16.998,26,17,19.2604,21,1,316
0.1965,0.1965,24.77,16.77,24,16,19.2604,21,1,316
0.3955,0.3955,23.141,17.141,22,16,19.2604,20,1,316
0.2085,0.2085,28.2425,17.2425,28,17,19.2604,22,1,316
0.653,0.653,22.161,16.161,22,16,19.2604,19,1,316
0.659,0.659,22.143,16.143,21,15,19.2604,19,1,316
0.0605,0.0605,25.0125,19.0125,24,18,19.2604,22,1,316
0.391,0.391,23.1555,17.1555,22,16,19.2604,20,1,316
0.7975,0.7975,20.747,14.747,20,14,19.2604,18,1,316
0.244,0.244,22.642,17.642,21,16,19.2604,20,1,316
0.491,0.491,23.4045,15.4045,23,15,19.2604,19,1,316
0.959,0.959,19.31,14.31,19,14,19.2604,17,1,316
0.6305,0.6305,20.9595,16.9595,20,16,19.2604,19,1,316
0.3305,0.3305,23.594,16.594,23,16,19.2604,20,1,316
0.17,0.17,24.621,16.621,24,16,19.2604,21,1,316
0.3015,0.3015,23.5915,16.5915,23,16,19.2604,20,1,316
0.8635,0.8635,21.1455,15.1455,21,15,19.2604,18,1,316
0.31,0.31,23.6295,16.6295,23,16,19.2604,20,1,316
0.6465,0.6465,23.176,15.176,23,15,19.2604,19,1,316
0.4375,0.4375,23.166,17.166,23,17,19.2604,20,1,316
0.318,0.318,24.376,15.376,24,15,19.2604,20,1,316
0.4705,0.4705,22.383,15.383,21,14,19.2604,19,1,316
0.834,0.834,20.8495,14.8495,20,14,19.2604,18,1,316
0.9005,0.9005,19.861,15.861,19,15,19.2604,18,1,316
0.656,0.656,22.204,16.204,22,16,19.2604,19,1,316
0.5055,0.5055,23.4255,15.4255,23,15,19.2604,19,1,316
1,1,18.5225,14.5225,18,14,19.2604,17,1,316
0.4955,0.4955,22.524,15.524,21,14,19.2604,19,1,316
0.4835,0.4835,21.472,16.472,21,16,19.2604,19,1,316
0.7875,0.7875,20.634,15.634,20,15,19.2604,18,1,316
0.6035,0.6035,21.8485,15.8485,21,15,19.2604,19,1,316
0.644,0.644,22.0405,16.0405,22,16,19.2604,19,1,316
1,1,18.846,14.846,18,14,19.2604,17,1,316
0.6355,0.6355,23.1185,15.1185,23,15,19.2604,19,1,316
0.1965,0.1965,24.7485,16.7485,24,16,19.2604,21,1,316
0.102,0.102,24.2695,17.2695,23,16,19.2604,21,1,316
0.4395,0.4395,24.0805,16.0805,24,16,19.2604,20,1,316
1,1,18.658,14.658,18,14,19.2604,17,1,316
0.653,0.653,22.15,16.15,22,16,19.2604,19,1,316
0.6635,0.6635,21.1295,16.1295,20,15,19.2604,19,1,316
0.8905,0.8905,19.2815,14.2815,19,14,19.2604,17,1,316
0.0035,0.0035,25.692,20.692,24,19,19.2604,23,1,316
0.632,0.632,23.119,15.119,23,15,19.2604,19,1,316
0.6655,0.6655,22.063,16.063,21,15,19.2604,19,1,316
0.181,0.181,24.743,16.743,24,16,19.2604,21,1,316
0.932,0.932,19.985,15.985,19,15,19.2604,18,1,316
0.156,0.156,27.0945,18.0945,27,18,19.2604,22,1,316
0.0975,0.0975,25.7005,17.7005,25,17,19.2604,22,1,316
0.8495,0.8495,21.087,15.087,21,15,19.2604,18,1,316
0.96,0.96,19.9165,13.9165,19,13,19.2604,17,1,316
0.629,0.629,20.937,16.937,20,16,19.2604,19,1,316
0.645,0.645,22.1245,16.1245,22,16,19.2604,19,1,316
0.18,0.18,25.359,16.359,25,16,19.2604,21,1,316
0.8385,0.8385,21.201,15.201,21,15,19.2604,18,1,316
0.798,0.798,20.652,15.652,20,15,19.2604,18,1,316
0.1575,0.1575,24.026,18.026,23,17,19.2604,21,1,316
0.7845,0.7845,20.564,15.564,20,15,19.2604,18,1,316
0.3075,0.3075,22.724,16.724,22,16,19.2604,20,1,316
0.3835,0.3835,23.017,17.017,22,16,19.2604,20,1,316
0.128,0.128,24.424,17.424,23,16,19.2604,21,1,316
0.1145,0.1145,22.9555,17.9555,22,17,19.2604,21,1,316
0.054,0.054,25.559,18.559,25,18,19.2604,22,1,316
0.7605,0.7605,20.475,15.475,20,15,19.2604,18,1,316
0.575,0.575,21.7805,16.7805,21,16,19.2604,19,1,316
0.5185,0.5185,21.6045,16.6045,21,16,19.2604,19,1,316
0.084,0.084,23.658,18.658,22,17,19.2604,21,1,316
0.389,0.389,23.126,17.126,22,16,19.2604,20,1,316
0.1895,0.1895,25.646,16.646,25,16,19.2604,21,1,316
0.421,0.421,24.053,16.053,24,16,19.2604,20,1,316
0.1435,0.1435,24.5345,17.5345,24,17,19.2604,21,1,316
0.885,0.885,19.961,15.961,19,15,19.2604,18,1,316
0.6865,0.6865,21.066,17.066,20,16,19.2604,19,1,316
0.8815,0.8815,20.144,15.144,19,14,19.2604,18,1,316
0.9645,0.9645,19.3725,15.3725,19,15,19.2604,17,1,316
0.6665,0.6665,22.1245,16.1245,21,15,19.2604,19,1,316
0.97,0.97,20.236,14.236,20,14,19.2604,17,1,316
0.487,0.487,22.3705,15.3705,22,15,19.2604,19,1,316
0.626,0.626,20.896,16.896,20,16,19.2604,19,1,316
0.115,0.115,23.759,17.759,22,16,19.2604,21,1,316
1,1,18.4285,15.4285,18,15,19.2604,17,1,316
0.825,0.825,20.8675,14.8675,20,14,19.2604,18,1,316
0.4675,0.4675,22.3155,16.3155,22,16,19.2604,19,1,316
0.884,0.884,21.1785,15.1785,21,15,19.2604,18,1,316
0.9665,0.9665,20.202,14.202,20,14,19.2604,17,1,316
0.25,0.25,22.6835,17.6835,21,16,19.2604,20,1,316
0.974,0.974,20.2135,14.2135,20,14,19.2604,17,1,316
0.093,0.093,25.1725,18.1725,24,17,19.2604,22,1,316
1,1,18.2255,15.2255,18,15,19.2604,17,1,316
0.1435,0.1435,24.5805,17.5805,24,17,19.2604,21,1,316
0.9645,0.9645,20.136,14.136,20,14,19.2604,17,1,316
0.382,0.382,23.848,16.848,23,16,19.2604,20,1,316
1,1,18.4365,14.4365,18,14,19.2604,17,1,316
0.555,0.555,21.7115,15.7115,21,15,19.2604,19,1,316
0.8745,0.8745,21.153,15.153,21,15,19.2604,18,1,316
0.0475,0.0475,24.0705,19.0705,23,18,19.2604,22,1,316
0.1605,0.1605,24.061,18.061,23,17,19.2604,21,1,316
0.498,0.498,21.5275,16.5275,21,16,19.2604,19,1,316
0.798,0.798,19.273,16.273,19,16,19.2604,18,1,316
0.174,0.174,24.716,17.716,24,17,19.2604,21,1,316
0.8215,0.8215,21.0355,15.0355,21,15,19.2604,18,1,316
0.264,0.264,25.9335,16.9335,26,17,19.2604,21,1,316
0.1795,0.1795,26.2675,16.2675,26,16,19.2604,21,1,316
0.0235,0.0235,22.4125,19.4125,22,19,19.2604,21,1,316
0.3995,0.3995,23.089,17.089,23,17,19.2604,20,1,316
0.5865,0.5865,21.856,16.856,21,16,19.2604,19,1,316
0.707,0.707,21.353,15.353,21,15,19.2604,18,1,316
0.8235,0.8235,19.477,16.477,19,16,19.2604,18,1,316
0.3135,0.3135,21.944,17.944,21,17,19.2604,20,1,316
0.635,0.635,20.983,15.983,20,15,19.2604,19,1,316
0.147,0.147,24.006,18.006,23,17,19.2604,21,1,316
0.3665,0.3665,23.094,17.094,22,16,19.2604,20,1,316
0.3175,0.3175,23.67,16.67,23,16,19.2604,20,1,316
0.4605,0.4605,22.331,16.331,22,16,19.2604,19,1,316
0.2265,0.2265,22.364,17.364,21,16,19.2604,20,1,316
0.3115,0.3115,21.921,16.921,21,16,19.2604,20,1,316
1,1,18.528,16.528,18,16,19.2604,18,1,316
0.282,0.282,25.988,15.988,26,16,19.2604,21,1,316
1,1,17.1765,14.1765,17,14,19.2604,16,1,316
0.0105,0.0105,27.0925,20.0925,25,18,19.2604,24,1,316
1,1,18.778,14.778,18,14,19.2604,17,1,316
0.667,0.667,22.272,14.272,22,14,19.2604,18,1,316
0.794,0.794,19.3195,16.3195,19,16,19.2604,18,1,316
0.3525,0.3525,24.606,15.606,24,15,19.2604,20,1,316
0.2615,0.2615,22.6585,17.6585,21,16,19.2604,20,1,316
0.8145,0.8145,22.082,15.082,22,15,19.2604,18,1,316
0.277,0.277,22.654,16.654,21,15,19.2604,20,1,316
0.285,0.285,22.6795,16.6795,22,16,19.2604,20,1,316
0.7775,0.7775,21.7535,14.7535,21,14,19.2604,18,1,316
0.291,0.291,24.3565,16.3565,24,16,19.2604,20,1,316
1,1,17.384,13.384,17,13,19.2604,15,1,316
0.4995,0.4995,21.5425,16.5425,21,16,19.2604,19,1,316
0.8855,0.8855,19.973,14.973,19,14,19.2604,18,1,316
0.022,0.022,24.5775,19.5775,23,18,19.2604,22,1,316
0.817,0.817,20.78,14.78,20,14,19.2604,18,1,316
1,1,18.321,14.321,18,14,19.2604,16,1,316
0.666,0.666,22.1775,16.1775,22,16,19.2604,19,1,316
0.4895,0.4895,21.491,16.491,21,16,19.2604,19,1,316
0.312,0.312,21.999,17.999,21,17,19.2604,20,1,316
0.908,0.908,19.8005,15.8005,19,15,19.2604,18,1,316
1,1,18.7625,14.7625,18,14,19.2604,17,1,316
0.863,0.863,21.1155,15.1155,21,15,19.2604,18,1,316
0.2485,0.2485,22.622,17.622,21,16,19.2604,20,1,316
0.8705,0.8705,19.9225,15.9225,19,15,19.2604,18,1,316
0.136,0.136,26.8575,17.8575,27,18,19.2604,22,1,316
0.64,0.64,21.065,16.065,20,15,19.2604,19,1,316
0.5945,0.5945,20.796,16.796,20,16,19.2604,19,1,316
0.5525,0.5525,21.7395,15.7395,21,15,19.2604,19,1,316
0.911,0.911,19.9365,15.9365,19,15,19.2604,18,1,316
0.24,0.24,22.5625,17.5625,21,16,19.2604,20,1,316
0.942,0.942,19.763,14.763,19,14,19.2604,17,1,316
1,1,16.4845,14.4845,16,14,19.2604,16,1,316
0.659,0.659,21.0475,16.0475,20,15,19.2604,19,1,316
0.084,0.084,23.7015,18.7015,22,17,19.2604,21,1,316
0.1515,0.1515,24.047,18.047,23,17,19.2604,21,1,316
0.664,0.664,23.2235,15.2235,23,15,19.2604,19,1,316
0.6335,0.6335,23.1255,15.1255,23,15,19.2604,19,1,316
0.514,0.514,21.596,16.596,21,16,19.2604,19,1,316
0.951,0.951,19.6075,14.6075,19,14,19.2604,17,1,316
0.0095,0.0095,26.5505,19.5505,25,18,19.2604,23,1,316
0.539,0.539,21.699,16.699,20,15,19.2604,19,1,316
0.116,0.116,23.7545,17.7545,22,16,19.2604,21,1,316
0.3965,0.3965,23.1215,16.1215,22,15,19.2604,20,1,316
0.6385,0.6385,22.0975,16.0975,21,15,19.2604,19,1,316
0.088,0.088,23.588,18.588,22,17,19.2604,21,1,316
0.335,0.335,22.7845,16.7845,22,16,19.2604,20,1,316
0.8175,0.8175,19.355,16.355,19,16,19.2604,18,1,316
1,1,18.3405,15.3405,18,15,19.2604,17,1,316
0.0515,0.0515,25.0745,19.0745,24,18,19.2604,22,1,316
0.6755,0.6755,21.265,15.265,21,15,19.2604,18,1,316
0.972,0.972,20.2555,14.2555,20,14,19.2604,17,1,316
1,1,17.6285,14.6285,17,14,19.2604,16,1,316
0.2995,0.2995,23.589,16.589,23,16,19.2604,20,1,316
1,1,18.4165,15.4165,18,15,19.2604,17,1,316
0.681,0.681,22.2275,16.2275,22,16,19.2604,19,1,316
0.6205,0.6205,22.024,16.024,22,16,19.2604,19,1,316
0.8665,0.8665,20.3645,14.3645,20,14,19.2604,17,1,316
0.917,0.917,20.0445,16.0445,19,15,19.2604,18,1,316
0.046,0.046,25.5835,18.5835,24,17,19.2604,22,1,316
0.5805,0.5805,20.784,16.784,20,16,19.2604,19,1,316
1,1,18.8315,14.8315,18,14,19.2604,17,1,316
0.7975,0.7975,20.4905,15.4905,20,15,19.2604,18,1,316
0.034,0.034,24.7035,18.7035,24,18,19.2604,22,1,316
0.513,0.513,23.449,15.449,23,15,19.2604,19,1,316
0.8385,0.8385,21.1905,15.1905,21,15,19.2604,18,1,316
0.517,0.517,21.6275,15.6275,21,15,19.2604,19,1,316
0.304,0.304,22.781,16.781,22,16,19.2604,20,1,316
0.532,0.532,21.671,15.671,21,15,19.2604,19,1,316
0.46,0.46,22.3095,16.3095,22,16,19.2604,19,1,316
0.6625,0.6625,22.155,16.155,22,16,19.2604,19,1,316
0.963,0.963,19.363,15.363,19,15,19.2604,17,1,316
0.6085,0.6085,20.9135,15.9135,20,15,19.2604,19,1,316
0.0725,0.0725,25.588,18.588,25,18,19.2604,22,1,316
0.493,0.493,24.346,14.346,24,14,19.2604,19,1,316
0.353,0.353,23.8015,16.8015,23,16,19.2604,20,1,316
0.71,0.71,22.665,13.665,22,13,19.2604,18,1,316
0.32,0.32,23.686,16.686,23,16,19.2604,20,1,316
0.6175,0.6175,20.902,15.902,20,15,19.2604,19,1,316
1,1,17.361,14.361,17,14,19.2604,16,1,316
0.9045,0.9045,19.8425,15.8425,19,15,19.2604,18,1,316
0.8925,0.8925,20.0305,15.0305,19,14,19.2604,18,1,316
0.7765,0.7765,20.529,15.529,20,15,19.2604,18,1,316
0.5615,0.5615,21.7455,15.7455,21,15,19.2604,19,1,316
0.654,0.654,23.167,15.167,23,15,19.2604,19,1,316
0.446,0.446,25.116,15.116,25,15,19.2604,20,1,316
0.9645,0.9645,20.1335,14.1335,20,14,19.2604,17,1,316
0.961,0.961,19.9185,13.9185,19,13,19.2604,17,1,316
0.121,0.121,26.091,18.091,25,17,19.2604,22,1,316
0.8275,0.8275,20.8565,14.8565,20,14,19.2604,18,1,316
0.996,0.996,18.6505,13.6505,18,13,19.2604,16,1,316
0.981,0.981,18.6955,14.6955,18,14,19.2604,17,1,316
0.67,0.67,22.126,16.126,22,16,19.2604,19,1,316
0.8115,0.8115,20.8225,14.8225,20,14,19.2604,18,1,316
0.4655,0.4655,22.356,16.356,22,16,19.2604,19,1,316
0.9955,0.9955,18.5845,13.5845,18,13,19.2604,16,1,316
0.96,0.96,19.344,15.344,19,15,19.2604,17,1,316
0.6455,0.6455,21.022,16.022,20,15,19.2604,19,1,316
0.1275,0.1275,24.576,17.576,24,17,19.2604,21,1,316
0.6285,0.6285,20.8995,16.8995,20,16,19.2604,19,1,316
0.865,0.865,21.1265,15.1265,21,15,19.2604,18,1,316
0.78,0.78,20.5505,15.5505,20,15,19.2604,18,1,316
0.1025,0.1025,23.6645,17.6645,22,16,19.2604,21,1,316
0.6935,0.6935,21.3315,15.3315,21,15,19.2604,18,1,316
0.4985,0.4985,21.538,16.538,21,16,19.2604,19,1,316
0.8795,0.8795,19.9565,14.9565,19,14,19.2604,18,1,316
0.6675,0.6675,22.104,16.104,21,15,19.2604,19,1,316
0.045,0.045,25.4595,18.4595,24,17,19.2604,22,1,316
0.12,0.12,26.203,18.203,25,17,19.2604,22,1,316
0.9075,0.9075,19.873,15.873,19,15,19.2604,18,1,316
0.15,0.15,24.0215,18.0215,23,17,19.2604,21,1,316
0.882,0.882,21.256,15.256,21,15,19.2604,18,1,316
0.6435,0.6435,20.9865,16.9865,20,16,19.2604,19,1,316
0.908,0.908,19.772,15.772,19,15,19.2604,18,1,316
0.5635,0.5635,22.7495,15.7495,22,15,19.2604,19,1,316
0.9255,0.9255,19.8025,15.8025,19,15,19.2604,18,1,316
0.9055,0.9055,19.598,16.598,19,16,19.2604,18,1,316
1,1,17.189,16.189,17,16,19.2604,17,1,316
1,1,18.291,15.291,18,15,19.2604,17,1,316
0.082,0.082,28.217,18.217,28,18,19.2604,23,1,316
0.6155,0.6155,23.0735,15.0735,23,15,19.2604,19,1,316
1,1,18.39,15.39,18,15,19.2604,17,1,316
0.8945,0.8945,20.238,15.238,19,14,19.2604,18,1,316
0.882,0.882,21.22,15.22,21,15,19.2604,18,1,316
0.0915,0.0915,28.167,18.167,28,18,19.2604,23,1,316
0.832,0.832,21.117,15.117,21,15,19.2604,18,1,316
0.6575,0.6575,22.105,16.105,21,15,19.2604,19,1,316
0.764,0.764,20.328,15.328,20,15,19.2604,18,1,316
0.929,0.929,19.981,15.981,19,15,19.2604,18,1,316
0.477,0.477,21.4225,16.4225,21,16,19.2604,19,1,316
0.261,0.261,22.6355,17.6355,21,16,19.2604,20,1,316
0.956,0.956,19.2735,15.2735,19,15,19.2604,17,1,316
0.6575,0.6575,22.1485,16.1485,21,15,19.2604,19,1,316
0.2895,0.2895,23.461,16.461,23,16,19.2604,20,1,316
0.666,0.666,22.159,16.159,21,15,19.2604,19,1,316
0.501,0.501,21.5305,16.5305,21,16,19.2604,19,1,316
0.6825,0.6825,22.231,16.231,22,16,19.2604,19,1,316
0.2515,0.2515,23.3555,16.3555,22,15,19.2604,20,1,316
0.1315,0.1315,25.29,17.29,25,17,19.2604,21,1,316
0.189,0.189,23.96,17.96,23,17,19.2604,21,1,316
0.261,0.261,21.878,17.878,21,17,19.2604,20,1,316
1,1,18.934,14.934,18,14,19.2604,17,1,316
0.0515,0.0515,27.758,18.758,27,18,19.2604,23,1,316
0.261,0.261,22.702,17.702,21,16,19.2604,20,1,316
0.874,0.874,19.97,14.97,19,14,19.2604,18,1,316
0.109,0.109,23.8705,17.8705,22,16,19.2604,21,1,316
0.9505,0.9505,19.8625,13.8625,19,13,19.2604,17,1,316
0.9105,0.9105,19.603,16.603,19,16,19.2604,18,1,316
0.681,0.681,22.24,16.24,22,16,19.2604,19,1,316
0.587,0.587,21.8285,15.8285,21,15,19.2604,19,1,316
0.477,0.477,20.531,16.531,20,16,19.2604,19,1,316
0.6265,0.6265,20.998,15.998,20,15,19.2604,19,1,316
0.6495,0.6495,23.24,15.24,23,15,19.2604,19,1,316
0.0435,0.0435,25.0375,19.0375,23,17,19.2604,22,1,316
0.732,0.732,21.4435,15.4435,21,15,19.2604,18,1,316
0.4025,0.4025,24.0115,17.0115,24,17,19.2604,20,1,316
0.62,0.62,20.9235,16.9235,20,16,19.2604,19,1,316
0.999,0.999,17.632,13.632,17,13,19.2604,16,1,316
0.8785,0.8785,21.164,15.164,21,15,19.2604,18,1,316
0.318,0.318,21.922,17.922,21,17,19.2604,20,1,316
0.999,0.999,18.6425,13.6425,18,13,19.2604,16,1,316
0.259,0.259,22.623,16.623,21,15,19.2604,20,1,316
0.623,0.623,20.903,16.903,20,16,19.2604,19,1,316
0.5875,0.5875,21.842,15.842,21,15,19.2604,19,1,316
0.9465,0.9465,19.604,14.604,19,14,19.2604,17,1,316
0.4895,0.4895,21.5325,16.5325,21,16,19.2604,19,1,316
0.3535,0.3535,23.798,15.798,23,15,19.2604,20,1,316
0.9115,0.9115,19.7795,15.7795,19,15,19.2604,18,1,316
0.266,0.266,23.3845,16.3845,23,16,19.2604,20,1,316
0.5775,0.5775,21.8235,15.8235,21,15,19.2604,19,1,316
0.3955,0.3955,22.158,17.158,21,16,19.2604,20,1,316
0.0725,0.0725,26.3085,18.3085,25,17,19.2604,22,1,316
0.5065,0.5065,23.4175,15.4175,23,15,19.2604,19,1,316
0.091,0.091,25.6905,17.6905,25,17,19.2604,22,1,316
0.833,0.833,20.9005,14.9005,20,14,19.2604,18,1,316
0.3795,0.3795,23.0095,17.0095,22,16,19.2604,20,1,316
1,1,19.218,16.218,19,16,19.2604,18,1,316
0.4675,0.4675,22.3595,16.3595,22,16,19.2604,19,1,316
0.237,0.237,23.3525,16.3525,22,15,19.2604,20,1,316
0.5955,0.5955,20.821,16.821,20,16,19.2604,19,1,316
0.2525,0.2525,23.392,16.392,22,15,19.2604,20,1,316
0.6375,0.6375,20.9335,16.9335,20,16,19.2604,19,1,316
0.7075,0.7075,20.2665,15.2665,20,15,19.2604,18,1,316
0.504,0.504,21.565,16.565,21,16,19.2604,19,1,316
1,1,18.8805,14.8805,18,14,19.2604,17,1,316
0.157,0.157,24.612,17.612,24,17,19.2604,21,1,316
0.8025,0.8025,20.7815,14.7815,20,14,19.2604,18,1,316
0.619,0.619,23.089,15.089,23,15,19.2604,19,1,316
0.1835,0.1835,24.0365,18.0365,23,17,19.2604,21,1,316
1,1,17.788,13.788,17,13,19.2604,16,1,316
0.5235,0.5235,21.604,16.604,21,16,19.2604,19,1,316
0.622,0.622,20.8595,16.8595,20,16,19.2604,19,1,316
0.3875,0.3875,23.122,17.122,22,16,19.2604,20,1,316
0.0805,0.0805,25.631,17.631,25,17,19.2604,22,1,316
0.147,0.147,23.0425,18.0425,22,17,19.2604,21,1,316
0.4015,0.4015,22.181,17.181,21,16,19.2604,20,1,316
0.2865,0.2865,22.6625,16.6625,22,16,19.2604,20,1,316
0.567,0.567,22.787,15.787,22,15,19.2604,19,1,316
0.7885,0.7885,20.567,15.567,20,15,19.2604,18,1,316
0.895,0.895,20.206,15.206,19,14,19.2604,18,1,316
1,1,17.228,14.228,17,14,19.2604,16,1,316
0.7315,0.7315,21.406,15.406,21,15,19.2604,18,1,316
0.4415,0.4415,24.117,16.117,24,16,19.2604,20,1,316
0.689,0.689,21.283,15.283,21,15,19.2604,18,1,316
0.2,0.2,25.687,16.687,25,16,19.2604,21,1,316
0.543,0.543,21.6845,16.6845,20,15,19.2604,19,1,316
0.505,0.505,21.5365,16.5365,21,16,19.2604,19,1,316
0.0905,0.0905,23.6405,18.6405,22,17,19.2604,21,1,316
0.631,0.631,20.9245,16.9245,20,16,19.2604,19,1,316
0.7805,0.7805,20.5515,15.5515,20,15,19.2604,18,1,316
0.6395,0.6395,20.971,16.971,20,16,19.2604,19,1,316
0.5495,0.5495,20.7125,16.7125,19,15,19.2604,19,1,316
0.946,0.946,19.5885,14.5885,19,14,19.2604,17,1,316
0.98,0.98,18.343,13.343,18,13,19.2604,16,1,316
0.1865,0.1865,24.692,17.692,24,17,19.2604,21,1,316
0.57,0.57,21.8,15.8,21,15,19.2604,19,1,316
0.619,0.619,23.181,15.181,23,15,19.2604,19,1,316
0.5665,0.5665,22.812,14.812,22,14,19.2604,19,1,316
0.319,0.319,24.369,16.369,24,16,19.2604,20,1,316
1,1,18.352,15.352,18,15,19.2604,17,1,316
0.5875,0.5875,20.774,16.774,20,16,19.2604,19,1,316
0.6015,0.6015,20.8965,16.8965,20,16,19.2604,19,1,316
0.882,0.882,20.161,15.161,19,14,19.2604,18,1,316
0.7965,0.7965,20.6115,15.6115,20,15,19.2604,18,1,316
0.1485,0.1485,24.641,17.641,24,17,19.2604,21,1,316
0.8025,0.8025,20.609,15.609,20,15,19.2604,18,1,316
0.7985,0.7985,20.574,15.574,20,15,19.2604,18,1,316
0.1,0.1,25.2135,18.2135,24,17,19.2604,22,1,316
0.1005,0.1005,24.2735,17.2735,23,16,19.2604,21,1,316
0.618,0.618,20.9335,16.9335,20,16,19.2604,19,1,316
0.3355,0.3355,23.724,16.724,23,16,19.2604,20,1,316
0.598,0.598,20.7845,16.7845,20,16,19.2604,19,1,316
0.3995,0.3995,23.126,17.126,22,16,19.2604,20,1,316
0.558,0.558,21.7185,15.7185,21,15,19.2604,19,1,316
1,1,17.7095,14.7095,17,14,19.2604,16,1,316
0.1745,0.1745,23.9255,17.9255,23,17,19.2604,21,1,316
0.837,0.837,21.1985,15.1985,21,15,19.2604,18,1,316
0.9675,0.9675,20.215,14.215,20,14,19.2604,17,1,316
0.2445,0.2445,25.1595,17.1595,24,16,19.2604,21,1,316
0.4185,0.4185,23.14,17.14,23,17,19.2604,20,1,316
0.263,0.263,22.6585,17.6585,21,16,19.2604,20,1,316
0.2475,0.2475,23.4015,16.4015,22,15,19.2604,20,1,316
0.9365,0.9365,19.621,14.621,19,14,19.2604,17,1,316
0.8645,0.8645,20.3715,13.3715,20,13,19.2604,17,1,316
0.6935,0.6935,22.1985,16.1985,22,16,19.2604,19,1,316
1,1,17.6795,14.6795,17,14,19.2604,16,1,316
0.183,0.183,24.7845,17.7845,24,17,19.2604,21,1,316
0.408,0.408,23.1535,17.1535,22,16,19.2604,20,1,316
0.7755,0.7755,20.3585,15.3585,20,15,19.2604,18,1,316
0.9445,0.9445,19.8185,13.8185,19,13,19.2604,17,1,316
0.643,0.643,22.09,16.09,21,15,19.2604,19,1,316
0.173,0.173,24.664,17.664,24,17,19.2604,21,1,316
0.533,0.533,23.617,14.617,23,14,19.2604,19,1,316
0.5885,0.5885,22.9125,15.9125,22,15,19.2604,19,1,316
0.111,0.111,26.688,17.688,26,17,19.2604,22,1,316
0.1345,0.1345,24.667,17.667,23,16,19.2604,21,1,316
0.558,0.558,22.7115,15.7115,22,15,19.2604,19,1,316
0.627,0.627,24.229,14.229,24,14,19.2604,19,1,316
0.148,0.148,23.218,18.218,22,17,19.2604,21,1,316
0.9985,0.9985,18.59,13.59,18,13,19.2604,16,1,316
0.6845,0.6845,21.1705,16.1705,20,15,19.2604,19,1,316
0.9105,0.9105,19.958,15.958,19,15,19.2604,18,1,316
0.8915,0.8915,20.215,15.215,19,14,19.2604,18,1,316
0.0855,0.0855,24.278,18.278,23,17,19.2604,21,1,316
0.8205,0.8205,21.259,14.259,21,14,19.2604,18,1,316
0.058,0.058,30.138,18.138,30,18,19.2604,24,1,316
0.7845,0.7845,22.047,14.047,22,14,19.2604,18,1,316
0.2685,0.2685,25.9585,16.9585,26,17,19.2604,21,1,316
0.0885,0.0885,24.2985,18.2985,23,17,19.2604,21,1,316
0.0415,0.0415,27.1005,19.1005,26,18,19.2604,23,1,316
0.719,0.719,21.5205,14.5205,21,14,19.2604,18,1,316
0.902,0.902,19.8515,15.8515,19,15,19.2604,18,1,316
0.1375,0.1375,24.5645,17.5645,24,17,19.2604,21,1,316
0.7925,0.7925,20.48,15.48,20,15,19.2604,18,1,316
1,1,17.832,13.832,17,13,19.2604,16,1,316
0.4155,0.4155,23.9865,15.9865,24,16,19.2604,20,1,316
0.3095,0.3095,22.7165,16.7165,22,16,19.2604,20,1,316
1,1,18.7705,14.7705,18,14,19.2604,17,1,316
0.5325,0.5325,22.6185,15.6185,22,15,19.2604,19,1,316
0.7975,0.7975,20.5965,15.5965,20,15,19.2604,18,1,316
0.182,0.182,24.807,17.807,24,17,19.2604,21,1,316
0.878,0.878,21.164,15.164,21,15,19.2604,18,1,316
0.024,0.024,24.1215,20.1215,23,19,19.2604,22,1,316
0.6425,0.6425,20.972,16.972,20,16,19.2604,19,1,316
1,1,18.3465,14.3465,18,14,19.2604,16,1,316
0.662,0.662,21.291,14.291,21,14,19.2604,18,1,316
0.3365,0.3365,21.973,16.973,21,16,19.2604,20,1,316
1,1,16.7515,13.7515,16,13,19.2604,15,1,316
0.199,0.199,25.6455,17.6455,25,17,19.2604,21,1,316
1,1,18.785,14.785,18,14,19.2604,17,1,316
0.08,0.08,27.7585,17.7585,28,18,19.2604,23,1,316
0.411,0.411,23.164,17.164,23,17,19.2604,20,1,316
0.7875,0.7875,20.505,15.505,20,15,19.2604,18,1,316
0.899,0.899,20.0535,15.0535,19,14,19.2604,18,1,316
0.0045,0.0045,26.286,19.286,25,18,19.2604,23,1,316
0.478,0.478,21.448,16.448,21,16,19.2604,19,1,316
0.8985,0.8985,19.846,15.846,19,15,19.2604,18,1,316
0.9115,0.9115,19.909,15.909,19,15,19.2604,18,1,316
0.86,0.86,21.126,15.126,21,15,19.2604,18,1,316
0.1765,0.1765,27.0805,17.0805,27,17,19.2604,22,1,316
0.2405,0.2405,25.9045,16.9045,26,17,19.2604,21,1,316
0.059,0.059,24.9295,18.9295,24,18,19.2604,22,1,316
0.0015,0.0015,26.737,20.737,25,19,19.2604,24,1,316
0.1445,0.1445,23.0585,18.0585,22,17,19.2604,21,1,316
0.972,0.972,20.1755,14.1755,20,14,19.2604,17,1,316
0.0475,0.0475,25.665,18.665,24,17,19.2604,22,1,316
0.646,0.646,22.0815,16.0815,22,16,19.2604,19,1,316
0.7545,0.7545,20.4965,15.4965,20,15,19.2604,18,1,316
0.232,0.232,22.508,17.508,22,17,19.2604,20,1,316
0.5295,0.5295,23.5475,15.5475,23,15,19.2604,19,1,316
0.9695,0.9695,19.5625,14.5625,19,14,19.2604,17,1,316
1,1,16.3285,14.3285,16,14,19.2604,16,1,316
0.2175,0.2175,24.8095,16.8095,24,16,19.2604,21,1,316
0.87,0.87,21.1105,15.1105,21,15,19.2604,18,1,316
0.094,0.094,26.5675,17.5675,26,17,19.2604,22,1,316
0.117,0.117,23.674,17.674,23,17,19.2604,21,1,316
0.2935,0.2935,24.408,16.408,24,16,19.2604,20,1,316
0.2845,0.2845,25.19,17.19,25,17,19.2604,21,1,316
0.8235,0.8235,20.8525,14.8525,20,14,19.2604,18,1,316
0.1385,0.1385,26.7735,17.7735,26,17,19.2604,22,1,316
0.1285,0.1285,24.596,17.596,24,17,19.2604,21,1,316
0.957,0.957,19.6325,14.6325,19,14,19.2604,17,1,316
0.3775,0.3775,23.0705,17.0705,22,16,19.2604,20,1,316
0.3335,0.3335,22.0025,17.0025,21,16,19.2604,20,1,316
0.0655,0.0655,28.4685,17.4685,28,17,19.2604,23,1,316
0.306,0.306,22.7795,16.7795,22,16,19.2604,20,1,316
0.3075,0.3075,24.432,16.432,24,16,19.2604,20,1,316
0.785,0.785,20.572,15.572,20,15,19.2604,18,1,316
0.623,0.623,20.918,16.918,20,16,19.2604,19,1,316
0.1075,0.1075,22.92,17.92,22,17,19.2604,21,1,316
0.582,0.582,21.815,15.815,21,15,19.2604,19,1,316
0.813,0.813,20.806,14.806,20,14,19.2604,18,1,316
0.8055,0.8055,20.79,14.79,20,14,19.2604,18,1,316
1,1,18.6905,15.6905,18,15,19.2604,17,1,316
0.3135,0.3135,26.2525,16.2525,26,16,19.2604,21,1,316
0.7815,0.7815,20.5565,15.5565,20,15,19.2604,18,1,316
1,1,16.54,14.54,16,14,19.2604,16,1,316
0.818,0.818,20.829,14.829,20,14,19.2604,18,1,316
0.3975,0.3975,23.1575,17.1575,22,16,19.2604,20,1,316
0.1595,0.1595,24.0945,18.0945,23,17,19.2604,21,1,316
0.965,0.965,19.332,15.332,19,15,19.2604,17,1,316
1,1,18.8475,14.8475,18,14,19.2604,17,1,316
0.597,0.597,21.855,15.855,21,15,19.2604,19,1,316
0.5305,0.5305,21.6665,15.6665,21,15,19.2604,19,1,316
0.771,0.771,20.536,15.536,20,15,19.2604,18,1,316
0.0685,0.0685,25.695,18.695,25,18,19.2604,22,1,316
0.577,0.577,21.77,15.77,21,15,19.2604,19,1,316
0.2555,0.2555,25.9975,16.9975,26,17,19.2604,21,1,316
0.1815,0.1815,23.951,17.951,23,17,19.2604,21,1,316
0.756,0.756,20.514,15.514,20,15,19.2604,18,1,316
0.949,0.949,19.8315,13.8315,19,13,19.2604,17,1,316
0.8465,0.8465,21.198,15.198,21,15,19.2604,18,1,316
0.4805,0.4805,23.3375,15.3375,23,15,19.2604,19,1,316
0.25,0.25,22.622,17.622,21,16,19.2604,20,1,316
0.0655,0.0655,24.8835,18.8835,24,18,19.2604,22,1,316
0.571,0.571,21.7785,15.7785,21,15,19.2604,19,1,316
1,1,18.3495,15.3495,18,15,19.2604,17,1,316
0.302,0.302,22.7345,16.7345,22,16,19.2604,20,1,316
0.6845,0.6845,21.1625,16.1625,20,15,19.2604,19,1,316
0.777,0.777,21.762,14.762,21,14,19.2604,18,1,316
0.6445,0.6445,22.0785,16.0785,22,16,19.2604,19,1,316
0.308,0.308,22.7735,16.7735,22,16,19.2604,20,1,316
0.843,0.843,19.571,15.571,19,15,19.2604,18,1,316
0.9575,0.9575,19.3205,14.3205,19,14,19.2604,17,1,316
1,1,18.86,14.86,18,14,19.2604,17,1,316
0.8405,0.8405,21.1165,15.1165,20,14,19.2604,18,1,316
0.02,0.02,25.9435,19.9435,24,18,19.2604,23,1,316
0.298,0.298,22.73,16.73,22,16,19.2604,20,1,316
0.078,0.078,23.594,18.594,22,17,19.2604,21,1,316
0.249,0.249,24.2515,17.2515,23,16,19.2604,21,1,316
0.8475,0.8475,19.549,15.549,19,15,19.2604,18,1,316
0.7995,0.7995,20.863,14.863,20,14,19.2604,18,1,316
0.889,0.889,19.9875,14.9875,19,14,19.2604,18,1,316
0.5055,0.5055,21.5375,16.5375,21,16,19.2604,19,1,316
0.5765,0.5765,21.802,15.802,21,15,19.2604,19,1,316
0.2305,0.2305,23.3015,16.3015,22,15,19.2604,20,1,316
0.813,0.813,19.434,16.434,19,16,19.2604,18,1,316
0.846,0.846,21.1695,15.1695,21,15,19.2604,18,1,316
0.91,0.91,19.84,15.84,19,15,19.2604,18,1,316
0.3085,0.3085,21.908,16.908,21,16,19.2604,20,1,316
0.4275,0.4275,24.1,16.1,24,16,19.2604,20,1,316
0.909,0.909,19.8455,15.8455,19,15,19.2604,18,1,316
0.0305,0.0305,26.1065,19.1065,25,18,19.2604,23,1,316
0.581,0.581,21.8,15.8,21,15,19.2604,19,1,316
0.3255,0.3255,26.2435,16.2435,26,16,19.2604,21,1,316
0.315,0.315,23.62,16.62,23,16,19.2604,20,1,316
0.863,0.863,20.335,14.335,20,14,19.2604,17,1,316
0.812,0.812,20.7755,14.7755,20,14,19.2604,18,1,316
1,1,18.3295,14.3295,18,14,19.2604,16,1,316
0.4915,0.4915,21.537,16.537,21,16,19.2604,19,1,316
0.2595,0.2595,22.62,17.62,21,16,19.2604,20,1,316
0.2095,0.2095,24.2465,18.2465,23,17,19.2604,21,1,316
0.119,0.119,23.0775,18.0775,22,17,19.2604,21,1,316
0.921,0.921,19.9245,15.9245,19,15,19.2604,18,1,316
0.0985,0.0985,24.408,17.408,23,16,19.2604,21,1,316
0.33,0.33,23.736,16.736,23,16,19.2604,20,1,316
0.39,0.39,23.06,17.06,22,16,19.2604,20,1,316
0.969,0.969,20.2125,14.2125,20,14,19.2604,17,1,316
0.4625,0.4625,25.1785,16.1785,25,16,19.2604,20,1,316
0.6375,0.6375,22.0895,16.0895,21,15,19.2604,19,1,316
0.664,0.664,21.284,14.284,21,14,19.2604,18,1,316
0.717,0.717,20.306,15.306,20,15,19.2604,18,1,316
0.3035,0.3035,22.6825,16.6825,22,16,19.2604,20,1,316
0.168,0.168,24.693,17.693,24,17,19.2604,21,1,316
1,1,18.408,15.408,18,15,19.2604,17,1,316
0.066,0.066,24.9785,18.9785,24,18,19.2604,22,1,316
0.4955,0.4955,22.4455,15.4455,22,15,19.2604,19,1,316
0.267,0.267,21.8735,17.8735,21,17,19.2604,20,1,316
1,1,18.804,14.804,18,14,19.2604,17,1,316
0.6455,0.6455,23.1975,15.1975,23,15,19.2604,19,1,316
1,1,18.402,15.402,18,15,19.2604,17,1,316
0.2415,0.2415,22.613,17.613,21,16,19.2604,20,1,316
0.183,0.183,25.4815,17.4815,25,17,19.2604,21,1,316
0.152,0.152,26.9785,17.9785,27,18,19.2604,22,1,316
0.0465,0.0465,27.6085,18.6085,27,18,19.2604,23,1,316
0.5755,0.5755,21.809,15.809,21,15,19.2604,19,1,316
0.2765,0.2765,23.4025,16.4025,22,15,19.2604,20,1,316
1,1,17.28,14.28,17,14,19.2604,16,1,316
0.0435,0.0435,27.0865,19.0865,26,18,19.2604,23,1,316
0.3225,0.3225,21.9755,16.9755,21,16,19.2604,20,1,316
0.513,0.513,21.5485,16.5485,21,16,19.2604,19,1,316
0.8125,0.8125,20.7855,14.7855,20,14,19.2604,18,1,316
0.6345,0.6345,20.938,15.938,20,15,19.2604,19,1,316
0.248,0.248,22.65,17.65,21,16,19.2604,20,1,316
0.641,0.641,22.091,15.091,22,15,19.2604,19,1,316
0.4205,0.4205,24.066,16.066,24,16,19.2604,20,1,316
0.3445,0.3445,22.024,17.024,21,16,19.2604,20,1,316
0.237,0.237,22.571,17.571,22,17,19.2604,20,1,316
0.117,0.117,22.99,17.99,22,17,19.2604,21,1,316
0.4995,0.4995,21.5125,16.5125,21,16,19.2604,19,1,316
0.3095,0.3095,21.937,16.937,21,16,19.2604,20,1,316
0.4165,0.4165,20.391,17.391,20,17,19.2604,19,1,316
0.7895,0.7895,20.5705,15.5705,20,15,19.2604,18,1,316
1,1,17.3645,14.3645,17,14,19.2604,16,1,316
0.3195,0.3195,22.841,16.841,22,16,19.2604,20,1,316
1,1,18.4255,15.4255,18,15,19.2604,17,1,316
0.4075,0.4075,23.1125,17.1125,23,17,19.2604,20,1,316
0.63,0.63,23.178,15.178,23,15,19.2604,19,1,316
0.144,0.144,24.597,17.597,24,17,19.2604,21,1,316
0.1945,0.1945,25.6475,16.6475,25,16,19.2604,21,1,316
0.6865,0.6865,22.19,16.19,22,16,19.2604,19,1,316
0.3045,0.3045,22.7705,16.7705,22,16,19.2604,20,1,316
0.6195,0.6195,20.9195,16.9195,20,16,19.2604,19,1,316
0.9105,0.9105,19.8785,15.8785,19,15,19.2604,18,1,316
1,1,18.8035,14.8035,18,14,19.2604,17,1,316
0.67,0.67,22.2545,16.2545,22,16,19.2604,19,1,316
0.181,0.181,24.7435,17.7435,24,17,19.2604,21,1,316
0.084,0.084,23.6485,18.6485,22,17,19.2604,21,1,316
0.3975,0.3975,23.11,17.11,22,16,19.2604,20,1,316
0.6165,0.6165,20.9495,15.9495,20,15,19.2604,19,1,316
0.961,0.961,19.331,14.331,19,14,19.2604,17,1,316
0.3755,0.3755,23.1015,17.1015,22,16,19.2604,20,1,316
0.9475,0.9475,19.614,14.614,19,14,19.2604,17,1,316
0.2635,0.2635,25.169,17.169,25,17,19.2604,21,1,316
0.8355,0.8355,21.1865,15.1865,21,15,19.2604,18,1,316
0.3075,0.3075,24.378,16.378,24,16,19.2604,20,1,316
0.2835,0.2835,26.116,16.116,26,16,19.2604,21,1,316
0.5795,0.5795,21.788,15.788,21,15,19.2604,19,1,316
0.0785,0.0785,26.289,18.289,26,18,19.2604,22,1,316
0.618,0.618,20.9185,15.9185,20,15,19.2604,19,1,316
0.253,0.253,23.2925,16.2925,23,16,19.2604,20,1,316
0.496,0.496,22.3605,15.3605,22,15,19.2604,19,1,316
0.0265,0.0265,24.6005,18.6005,23,17,19.2604,22,1,316
0.303,0.303,22.7015,16.7015,22,16,19.2604,20,1,316
0.2965,0.2965,23.5645,16.5645,23,16,19.2604,20,1,316
0.63,0.63,23.154,15.154,23,15,19.2604,19,1,316
0.5975,0.5975,20.773,16.773,20,16,19.2604,19,1,316
0.764,0.764,20.5085,15.5085,20,15,19.2604,18,1,316
0.956,0.956,19.6305,14.6305,19,14,19.2604,17,1,316
0.493,0.493,21.495,16.495,21,16,19.2604,19,1,316
0.296,0.296,23.5835,16.5835,23,16,19.2604,20,1,316
0.552,0.552,22.704,15.704,22,15,19.2604,19,1,316
0.1965,0.1965,24.889,16.889,24,16,19.2604,21,1,316
0.0675,0.0675,23.7075,18.7075,22,17,19.2604,21,1,316
0.8125,0.8125,19.4065,15.4065,19,15,19.2604,18,1,316
0.469,0.469,24.2505,16.2505,24,16,19.2604,20,1,316
0.634,0.634,23.0975,16.0975,23,16,19.2604,19,1,316
0.781,0.781,20.603,15.603,20,15,19.2604,18,1,316
0.3895,0.3895,23.112,17.112,23,17,19.2604,20,1,316
0.0775,0.0775,25.0255,19.0255,24,18,19.2604,22,1,316
0.641,0.641,23.1635,15.1635,23,15,19.2604,19,1,316
0.165,0.165,24.649,17.649,24,17,19.2604,21,1,316
0.1815,0.1815,24.0665,18.0665,23,17,19.2604,21,1,316
0.271,0.271,26.0465,17.0465,26,17,19.2604,21,1,316
1,1,17.1935,14.1935,17,14,19.2604,16,1,316
0.0865,0.0865,25.844,17.844,25,17,19.2604,22,1,316
0.293,0.293,22.6885,16.6885,22,16,19.2604,20,1,316
1,1,17.726,14.726,17,14,19.2604,16,1,316
0.544,0.544,21.6985,15.6985,21,15,19.2604,19,1,316
0.375,0.375,23.0305,17.0305,22,16,19.2604,20,1,316
1,1,17.769,13.769,17,13,19.2604,16,1,316
0.654,0.654,22.11,16.11,22,16,19.2604,19,1,316
0.4105,0.4105,23.0905,17.0905,23,17,19.2604,20,1,316
0.94,0.94,19.4175,14.4175,19,14,19.2604,17,1,316
0.5915,0.5915,21.823,15.823,21,15,19.2604,19,1,316
0.784,0.784,20.5275,15.5275,20,15,19.2604,18,1,316
0.387,0.387,20.2985,17.2985,20,17,19.2604,19,1,316
0.1035,0.1035,23.771,17.771,22,16,19.2604,21,1,316
0.022,0.022,24.6745,19.6745,23,18,19.2604,22,1,316
0.497,0.497,21.514,16.514,21,16,19.2604,19,1,316
0.3395,0.3395,22.02,17.02,21,16,19.2604,20,1,316
0.6585,0.6585,21.0735,16.0735,20,15,19.2604,19,1,316
0.429,0.429,20.377,17.377,20,17,19.2604,19,1,316
0.8415,0.8415,19.523,15.523,19,15,19.2604,18,1,316
0.5995,0.5995,20.822,16.822,20,16,19.2604,19,1,316
0.2425,0.2425,22.5245,17.5245,22,17,19.2604,20,1,316
0.4895,0.4895,21.532,16.532,21,16,19.2604,19,1,316
1,1,16.265,15.265,16,15,19.2604,16,1,316
0.923,0.923,19.9995,15.9995,19,15,19.2604,18,1,316
0.178,0.178,24.668,17.668,24,17,19.2604,21,1,316
0.773,0.773,20.321,16.321,20,16,19.2604,18,1,316
1,1,17.3495,12.3495,17,12,19.2604,15,1,316
0.1605,0.1605,24.074,18.074,23,17,19.2604,21,1,316
1,1,18.524,14.524,18,14,19.2604,17,1,316
0.0935,0.0935,24.2955,17.2955,23,16,19.2604,21,1,316
0.4035,0.4035,24.0395,17.0395,24,17,19.2604,20,1,316
0.6055,0.6055,20.88,16.88,20,16,19.2604,19,1,316
0.0465,0.0465,25.53,18.53,25,18,19.2604,22,1,316
0.5465,0.5465,22.707,15.707,22,15,19.2604,19,1,316
0.3175,0.3175,21.9475,17.9475,21,17,19.2604,20,1,316
0.563,0.563,21.76,15.76,21,15,19.2604,19,1,316
0.0835,0.0835,23.627,18.627,22,17,19.2604,21,1,316
0.0795,0.0795,25.908,18.908,25,18,19.2604,22,1,316
0.752,0.752,20.2925,15.2925,20,15,19.2604,18,1,316
1,1,17.38,15.38,17,15,19.2604,17,1,316
1,1,17.861,13.861,17,13,19.2604,16,1,316
0.1715,0.1715,24.093,18.093,23,17,19.2604,21,1,316
0.8505,0.8505,19.6065,15.6065,19,15,19.2604,18,1,316
1,1,17.8295,13.8295,17,13,19.2604,16,1,316
1,1,18.441,15.441,18,15,19.2604,17,1,316
0.6375,0.6375,20.9615,16.9615,20,16,19.2604,19,1,316
1,1,17.1605,14.1605,17,14,19.2604,16,1,316
0.6445,0.6445,23.139,15.139,23,15,19.2604,19,1,316
0.3665,0.3665,22.9875,16.9875,22,16,19.2604,20,1,316
0.402,0.402,23.9465,15.9465,24,16,19.2604,20,1,316
0.658,0.658,22.0905,16.0905,22,16,19.2604,19,1,316
0.6205,0.6205,20.8885,16.8885,20,16,19.2604,19,1,316
0.255,0.255,25.988,16.988,26,17,19.2604,21,1,316
0.692,0.692,21.1885,16.1885,20,15,19.2604,19,1,316
0.318,0.318,23.6345,16.6345,23,16,19.2604,20,1,316
0.917,0.917,19.8355,15.8355,19,15,19.2604,18,1,316
0.1675,0.1675,24.0845,18.0845,23,17,19.2604,21,1,316
1,1,18.365,15.365,18,15,19.2604,17,1,316
0.663,0.663,22.1355,16.1355,22,16,19.2604,19,1,316
0.9535,0.9535,19.6145,14.6145,19,14,19.2604,17,1,316
0.828,0.828,20.866,14.866,20,14,19.2604,18,1,316
0.08,0.08,23.623,18.623,22,17,19.2604,21,1,316
0.4535,0.4535,22.264,16.264,22,16,19.2604,19,1,316
0.112,0.112,22.9765,17.9765,22,17,19.2604,21,1,316
0.825,0.825,19.423,16.423,19,16,19.2604,18,1,316
0.4745,0.4745,22.3195,16.3195,22,16,19.2604,19,1,316
0.303,0.303,22.725,16.725,22,16,19.2604,20,1,316
0.229,0.229,24.2035,17.2035,23,16,19.2604,21,1,316
0.295,0.295,24.3845,16.3845,24,16,19.2604,20,1,316
0.237,0.237,23.3665,17.3665,23,17,19.2604,20,1,316
0.309,0.309,21.9075,17.9075,21,17,19.2604,20,1,316
0.1155,0.1155,23.686,17.686,23,17,19.2604,21,1,316
0.113,0.113,24.4065,17.4065,23,16,19.2604,21,1,316
0.767,0.767,20.3855,15.3855,20,15,19.2604,18,1,316
0.6155,0.6155,20.831,16.831,20,16,19.2604,19,1,316
0.6945,0.6945,21.302,15.302,21,15,19.2604,18,1,316
0.3845,0.3845,23.0845,17.0845,22,16,19.2604,20,1,316
0.2065,0.2065,26.4215,16.4215,26,16,19.2604,21,1,316
0.7935,0.7935,20.518,15.518,20,15,19.2604,18,1,316
0.963,0.963,19.56,14.56,19,14,19.2604,17,1,316
0.1175,0.1175,24.431,17.431,24,17,19.2604,21,1,316
0.6155,0.6155,24.0995,15.0995,24,15,19.2604,19,1,316
0.3875,0.3875,23.8855,15.8855,24,16,19.2604,20,1,316
0.025,0.025,26.1645,19.1645,25,18,19.2604,23,1,316
0.6845,0.6845,22.2325,16.2325,22,16,19.2604,19,1,316
0.581,0.581,21.8295,15.8295,21,15,19.2604,19,1,316
0.2715,0.2715,25.2575,17.2575,25,17,19.2604,21,1,316
0.6195,0.6195,23.12,15.12,23,15,19.2604,19,1,316
0.9425,0.9425,19.5955,14.5955,19,14,19.2604,17,1,316
0.508,0.508,21.5265,16.5265,21,16,19.2604,19,1,316
0.2845,0.2845,23.5115,16.5115,23,16,19.2604,20,1,316
0.1865,0.1865,24.817,16.817,24,16,19.2604,21,1,316
0.584,0.584,21.8155,15.8155,21,15,19.2604,19,1,316
0.572,0.572,22.7715,15.7715,22,15,19.2604,19,1,316
0.1205,0.1205,23.7585,17.7585,23,17,19.2604,21,1,316
0.3085,0.3085,22.8115,16.8115,22,16,19.2604,20,1,316
0.146,0.146,24.636,17.636,24,17,19.2604,21,1,316
0.8745,0.8745,21.1835,15.1835,21,15,19.2604,18,1,316
0.114,0.114,26.775,17.775,26,17,19.2604,22,1,316
0.392,0.392,23.0625,17.0625,22,16,19.2604,20,1,316
0.9045,0.9045,19.7685,15.7685,19,15,19.2604,18,1,316
0.9505,0.9505,19.602,14.602,19,14,19.2604,17,1,316
0.599,0.599,21.8685,15.8685,21,15,19.2604,19,1,316
0.5995,0.5995,20.8445,16.8445,20,16,19.2604,19,1,316
0.408,0.408,22.186,17.186,21,16,19.2604,20,1,316
0.1605,0.1605,24.5845,17.5845,24,17,19.2604,21,1,316
0.2665,0.2665,22.6965,17.6965,21,16,19.2604,20,1,316
0.116,0.116,23.721,17.721,23,17,19.2604,21,1,316
0.961,0.961,20.2115,14.2115,20,14,19.2604,17,1,316
0.959,0.959,19.4985,14.4985,19,14,19.2604,17,1,316
0.6,0.6,20.829,16.829,20,16,19.2604,19,1,316
0.346,0.346,22.1045,17.1045,21,16,19.2604,20,1,316
0.0745,0.0745,26.539,18.539,26,18,19.2604,22,1,316
0.4975,0.4975,21.4775,16.4775,21,16,19.2604,19,1,316
0.2185,0.2185,24.82,16.82,24,16,19.2604,21,1,316
0.3245,0.3245,21.9535,16.9535,21,16,19.2604,20,1,316
1,1,16.399,14.399,16,14,19.2604,16,1,316
0.6455,0.6455,22.06,16.06,21,15,19.2604,19,1,316
0.5605,0.5605,21.7605,15.7605,21,15,19.2604,19,1,316
0.6235,0.6235,20.877,16.877,20,16,19.2604,19,1,316
0.668,0.668,23.23,15.23,23,15,19.2604,19,1,316
0.3565,0.3565,25.458,15.458,25,15,19.2604,20,1,316
0.6735,0.6735,21.147,16.147,20,15,19.2604,19,1,316
0.3815,0.3815,22.1035,17.1035,21,16,19.2604,20,1,316
0.1075,0.1075,24.3355,17.3355,23,16,19.2604,21,1,316
0.283,0.283,22.6785,16.6785,22,16,19.2604,20,1,316
0.943,0.943,19.581,14.581,19,14,19.2604,17,1,316
0.643,0.643,23.193,15.193,23,15,19.2604,19,1,316
0.1435,0.1435,24.608,17.608,24,17,19.2604,21,1,316
0.3025,0.3025,22.7365,16.7365,22,16,19.2604,20,1,316
0.866,0.866,19.9395,15.9395,19,15,19.2604,18,1,316
0.4065,0.4065,24.009,16.009,24,16,19.2604,20,1,316
0.8955,0.8955,20.262,14.262,20,14,19.2604,17,1,316
0.5545,0.5545,21.756,15.756,21,15,19.2604,19,1,316
0.0665,0.0665,25.603,18.603,25,18,19.2604,22,1,316
0.3655,0.3655,22.0635,17.0635,21,16,19.2604,20,1,316
0.244,0.244,22.687,17.687,21,16,19.2604,20,1,316
0.577,0.577,21.7855,15.7855,21,15,19.2604,19,1,316
0.8375,0.8375,19.519,15.519,19,15,19.2604,18,1,316
0.1205,0.1205,23.6875,17.6875,23,17,19.2604,21,1,316
1,1,17.8865,13.8865,17,13,19.2604,16,1,316
0.659,0.659,22.09,16.09,21,15,19.2604,19,1,316
0.586,0.586,21.833,15.833,21,15,19.2604,19,1,316
1,1,18.8735,14.8735,18,14,19.2604,17,1,316
1,1,16.1815,13.1815,16,13,19.2604,15,1,316
0.061,0.061,25.6145,18.6145,25,18,19.2604,22,1,316
0.017,0.017,26.558,19.558,25,18,19.2604,23,1,316
0.709,0.709,21.231,16.231,20,15,19.2604,19,1,316
0.204,0.204,25.689,16.689,25,16,19.2604,21,1,316
0.879,0.879,19.934,15.934,19,15,19.2604,18,1,316
0.442,0.442,24.14,16.14,24,16,19.2604,20,1,316
0.494,0.494,20.5675,16.5675,20,16,19.2604,19,1,316
0.3215,0.3215,23.656,16.656,23,16,19.2604,20,1,316
0.811,0.811,20.825,14.825,20,14,19.2604,18,1,316
0.7605,0.7605,20.3145,15.3145,20,15,19.2604,18,1,316
0.654,0.654,23.245,15.245,23,15,19.2604,19,1,316
0.567,0.567,21.794,15.794,21,15,19.2604,19,1,316
0.1,0.1,26.723,17.723,26,17,19.2604,22,1,316
0.1005,0.1005,23.697,17.697,22,16,19.2604,21,1,316
1,1,18.562,14.562,18,14,19.2604,17,1,316
0.9405,0.9405,20.225,14.225,20,14,19.2604,17,1,316
1,1,17.9735,13.9735,17,13,19.2604,16,1,316
0.2705,0.2705,25.1665,16.1665,25,16,19.2604,21,1,316
0.889,0.889,21.2465,15.2465,21,15,19.2604,18,1,316
0.3625,0.3625,23.0765,17.0765,22,16,19.2604,20,1,316
0.0505,0.0505,25.5605,18.5605,24,17,19.2604,22,1,316
0.786,0.786,20.566,15.566,20,15,19.2604,18,1,316
0.8085,0.8085,20.6035,15.6035,20,15,19.2604,18,1,316
0.8325,0.8325,20.862,14.862,20,14,19.2604,18,1,316
0.0385,0.0385,24.978,18.978,24,18,19.2604,22,1,316
0.0525,0.0525,25.5945,18.5945,25,18,19.2604,22,1,316
0.79,0.79,20.5685,15.5685,20,15,19.2604,18,1,316
0.9125,0.9125,19.8535,15.8535,19,15,19.2604,18,1,316
0.964,0.964,20.1275,14.1275,20,14,19.2604,17,1,316
0.096,0.096,24.3935,17.3935,23,16,19.2604,21,1,316
0.6645,0.6645,22.1945,16.1945,21,15,19.2604,19,1,316
0.0865,0.0865,23.646,18.646,22,17,19.2604,21,1,316
0.073,0.073,23.5385,18.5385,22,17,19.2604,21,1,316
0.8905,0.8905,20.2495,15.2495,20,15,19.2604,18,1,316
0.35,0.35,22.0255,17.0255,21,16,19.2604,20,1,316
0.2455,0.2455,22.5265,17.5265,22,17,19.2604,20,1,316
0.557,0.557,20.6965,16.6965,19,15,19.2604,19,1,316
0.242,0.242,22.5345,17.5345,22,17,19.2604,20,1,316
0.105,0.105,24.305,17.305,24,17,19.2604,21,1,316
0.4005,0.4005,23.9835,15.9835,24,16,19.2604,20,1,316
0.823,0.823,20.544,15.544,20,15,19.2604,18,1,316
0.3875,0.3875,23.0025,17.0025,23,17,19.2604,20,1,316
0.9075,0.9075,19.773,15.773,19,15,19.2604,18,1,316
0.8445,0.8445,21.2255,15.2255,21,15,19.2604,18,1,316
1,1,18.363,15.363,18,15,19.2604,17,1,316
0.662,0.662,21.0865,16.0865,20,15,19.2604,19,1,316
0.473,0.473,22.3805,16.3805,22,16,19.2604,19,1,316
0.206,0.206,26.4415,16.4415,26,16,19.2604,21,1,316
0.049,0.049,25.5755,18.5755,24,17,19.2604,22,1,316
0.6635,0.6635,22.1225,16.1225,22,16,19.2604,19,1,316
0.2545,0.2545,22.697,17.697,21,16,19.2604,20,1,316
0.007,0.007,26.285,19.285,25,18,19.2604,23,1,316
0.0205,0.0205,25.944,19.944,24,18,19.2604,23,1,316
0.4185,0.4185,21.319,16.319,21,16,19.2604,19,1,316
0.6215,0.6215,20.8215,16.8215,20,16,19.2604,19,1,316
0.11,0.11,23.699,17.699,23,17,19.2604,21,1,316
0.4135,0.4135,21.2955,16.2955,21,16,19.2604,19,1,316
0.8765,0.8765,20.5865,13.5865,20,13,19.2604,17,1,316
0.647,0.647,23.1825,15.1825,23,15,19.2604,19,1,316
0.956,0.956,19.3875,13.3875,19,13,19.2604,16,1,316
0.858,0.858,21.077,15.077,21,15,19.2604,18,1,316
0.29,0.29,23.54,16.54,23,16,19.2604,20,1,316
0.0375,0.0375,25.352,18.352,24,17,19.2604,22,1,316
0.0285,0.0285,26.707,18.707,25,17,19.2604,23,1,316
0.087,0.087,26.62,17.62,26,17,19.2604,22,1,316
0.3455,0.3455,22.018,17.018,21,16,19.2604,20,1,316
0.13,0.13,24.5545,17.5545,24,17,19.2604,21,1,316
0.425,0.425,23.122,17.122,23,17,19.2604,20,1,316
0.9055,0.9055,19.7875,15.7875,19,15,19.2604,18,1,316
0.3225,0.3225,21.951,16.951,21,16,19.2604,20,1,316
0.619,0.619,20.869,16.869,20,16,19.2604,19,1,316
0.5035,0.5035,21.5725,16.5725,21,16,19.2604,19,1,316
0.1805,0.1805,24.8445,17.8445,24,17,19.2604,21,1,316
0.913,0.913,19.798,15.798,19,15,19.2604,18,1,316
0.0835,0.0835,23.6725,18.6725,22,17,19.2604,21,1,316
0.6195,0.6195,20.956,15.956,20,15,19.2604,19,1,316
0.628,0.628,23.128,15.128,23,15,19.2604,19,1,316
0.63,0.63,23.105,15.105,23,15,19.2604,19,1,316
0.203,0.203,26.3575,16.3575,26,16,19.2604,21,1,316
0.786,0.786,20.5265,15.5265,20,15,19.2604,18,1,316
0.0435,0.0435,26.8145,18.8145,25,17,19.2604,23,1,316
0.32,0.32,23.612,16.612,23,16,19.2604,20,1,316
1,1,18.8125,14.8125,18,14,19.2604,17,1,316
0.7695,0.7695,20.54,15.54,20,15,19.2604,18,1,316
0.0945,0.0945,23.682,18.682,22,17,19.2604,21,1,316
0.661,0.661,22.0755,16.0755,21,15,19.2604,19,1,316
0.6445,0.6445,23.1825,15.1825,23,15,19.2604,19,1,316
0.0505,0.0505,25.06,19.06,24,18,19.2604,22,1,316
0.7835,0.7835,20.5605,15.5605,20,15,19.2604,18,1,316
0.6005,0.6005,22.9345,14.9345,22,14,19.2604,19,1,316
0.314,0.314,21.9355,16.9355,21,16,19.2604,20,1,316
0.671,0.671,21.12,16.12,20,15,19.2604,19,1,316
0.558,0.558,21.712,15.712,20,14,19.2604,19,1,316
0.4735,0.4735,23.2615,15.2615,23,15,19.2604,19,1,316
0.7495,0.7495,20.27,16.27,20,16,19.2604,18,1,316
0.0865,0.0865,23.606,17.606,22,16,19.2604,21,1,316
0.2195,0.2195,24.175,18.175,24,18,19.2604,21,1,316
0.777,0.777,20.5745,15.5745,20,15,19.2604,18,1,316
0.6495,0.6495,22.197,15.197,22,15,19.2604,19,1,316
0.895,0.895,20.102,15.102,19,14,19.2604,18,1,316
0.259,0.259,25.1175,17.1175,25,17,19.2604,21,1,316
0.842,0.842,21.179,15.179,21,15,19.2604,18,1,316
0.412,0.412,24.8495,15.8495,24,15,19.2604,20,1,316
0.761,0.761,21.7675,14.7675,21,14,19.2604,18,1,316
0.9985,0.9985,17.3805,12.3805,17,12,19.2604,15,1,316
1,1,18.444,15.444,18,15,19.2604,17,1,316
0.92,0.92,19.8975,15.8975,19,15,19.2604,18,1,316
0.192,0.192,25.66,16.66,25,16,19.2604,21,1,316
0.8415,0.8415,20.9285,14.9285,20,14,19.2604,18,1,316
0.1745,0.1745,23.9175,17.9175,23,17,19.2604,21,1,316
0.183,0.183,24.0175,18.0175,23,17,19.2604,21,1,316
0.4285,0.4285,24.0565,16.0565,24,16,19.2604,20,1,316
0.817,0.817,21.086,15.086,21,15,19.2604,18,1,316
0.654,0.654,21.014,16.014,20,15,19.2604,19,1,316
0.629,0.629,22.051,16.051,22,16,19.2604,19,1,316
0.475,0.475,23.276,15.276,23,15,19.2604,19,1,316
0.5225,0.5225,21.585,16.585,21,16,19.2604,19,1,316
0.502,0.502,21.496,16.496,21,16,19.2604,19,1,316
0.6445,0.6445,23.1415,15.1415,23,15,19.2604,19,1,316
0.955,0.955,19.504,14.504,19,14,19.2604,17,1,316
0.085,0.085,23.7085,18.7085,22,17,19.2604,21,1,316
0.243,0.243,22.557,17.557,22,17,19.2604,20,1,316
0.916,0.916,19.8475,15.8475,19,15,19.2604,18,1,316
0.565,0.565,21.792,15.792,21,15,19.2604,19,1,316
0.8825,0.8825,20.1405,15.1405,19,14,19.2604,18,1,316
0.3325,0.3325,23.656,16.656,23,16,19.2604,20,1,316
0.4395,0.4395,24.1455,16.1455,24,16,19.2604,20,1,316
0.1295,0.1295,22.268,18.268,22,18,19.2604,20,1,316
0.2935,0.2935,23.573,16.573,23,16,19.2604,20,1,316
0.54,0.54,22.6855,15.6855,22,15,19.2604,19,1,316
0.789,0.789,20.557,15.557,20,15,19.2604,18,1,316
0.835,0.835,20.8675,14.8675,20,14,19.2604,18,1,316
1,1,18.7905,14.7905,18,14,19.2604,17,1,316
0.091,0.091,23.6485,18.6485,22,17,19.2604,21,1,316
0.8095,0.8095,20.641,15.641,20,15,19.2604,18,1,316
0.636,0.636,20.95,16.95,20,16,19.2604,19,1,316
0.6705,0.6705,22.217,16.217,22,16,19.2604,19,1,316
0.5405,0.5405,22.65,15.65,22,15,19.2604,19,1,316
0.9585,0.9585,19.922,13.922,19,13,19.2604,17,1,316
0.653,0.653,22.0965,16.0965,21,15,19.2604,19,1,316
0.628,0.628,23.08,15.08,23,15,19.2604,19,1,316
0.4575,0.4575,24.1665,16.1665,24,16,19.2604,20,1,316
0.912,0.912,19.8805,15.8805,19,15,19.2604,18,1,316
0.549,0.549,22.6075,15.6075,22,15,19.2604,19,1,316
0.8615,0.8615,21.07,15.07,21,15,19.2604,18,1,316
1,1,18.6615,15.6615,18,15,19.2604,17,1,316
0.4595,0.4595,24.197,16.197,24,16,19.2604,20,1,316
0.6345,0.6345,20.8875,16.8875,20,16,19.2604,19,1,316
1,1,18.6605,15.6605,18,15,19.2604,17,1,316
0.392,0.392,23.0635,17.0635,22,16,19.2604,20,1,316
0.049,0.049,27.708,18.708,27,18,19.2604,23,1,316
0.313,0.313,23.631,16.631,23,16,19.2604,20,1,316
0.3175,0.3175,21.931,16.931,21,16,19.2604,20,1,316
0.611,0.611,24.0435,15.0435,24,15,19.2604,19,1,316
0.0465,0.0465,24.8245,18.8245,23,17,19.2604,22,1,316
1,1,18.299,15.299,18,15,19.2604,17,1,316
0.774,0.774,20.509,15.509,20,15,19.2604,18,1,316
0.878,0.878,21.167,15.167,21,15,19.2604,18,1,316
0.255,0.255,25.006,17.006,25,17,19.2604,21,1,316
0.611,0.611,20.837,16.837,20,16,19.2604,19,1,316
0.55,0.55,22.658,15.658,22,15,19.2604,19,1,316
0.862,0.862,20.2885,14.2885,20,14,19.2604,17,1,316
0.66,0.66,22.2315,15.2315,22,15,19.2604,19,1,316
0.629,0.629,20.916,16.916,20,16,19.2604,19,1,316
1,1,18.826,14.826,18,14,19.2604,17,1,316
0.6545,0.6545,20.9805,16.9805,20,16,19.2604,19,1,316
0.926,0.926,19.5755,14.5755,19,14,19.2604,17,1,316
0.4215,0.4215,24.0255,16.0255,24,16,19.2604,20,1,316
0.8325,0.8325,20.831,14.831,20,14,19.2604,18,1,316
0.596,0.596,21.845,15.845,21,15,19.2604,19,1,316
0.219,0.219,24.976,16.976,25,17,19.2604,21,1,316
1,1,16.3855,14.3855,16,14,19.2604,16,1,316
0.6655,0.6655,22.191,16.191,22,16,19.2604,19,1,316
0.286,0.286,21.927,17.927,21,17,19.2604,20,1,316
0.305,0.305,23.57,16.57,23,16,19.2604,20,1,316
1,1,18.777,14.777,18,14,19.2604,17,1,316
1,1,18.4365,15.4365,18,15,19.2604,17,1,316
0.5505,0.5505,21.684,16.684,20,15,19.2604,19,1,316
0.3195,0.3195,24.348,15.348,24,15,19.2604,20,1,316
0.552,0.552,21.6665,16.6665,20,15,19.2604,19,1,316
0.2705,0.2705,25.1525,17.1525,25,17,19.2604,21,1,316
0.2905,0.2905,23.534,16.534,23,16,19.2604,20,1,316
0.7375,0.7375,21.618,14.618,21,14,19.2604,18,1,316
0.9185,0.9185,19.9545,15.9545,19,15,19.2604,18,1,316
0.3585,0.3585,23.75,16.75,23,16,19.2604,20,1,316
0.8305,0.8305,20.878,14.878,20,14,19.2604,18,1,316
0.254,0.254,22.7135,17.7135,21,16,19.2604,20,1,316
0.54,0.54,23.6505,14.6505,23,14,19.2604,19,1,316
0.329,0.329,21.955,16.955,21,16,19.2604,20,1,316
0.4735,0.4735,25.2265,15.2265,25,15,19.2604,20,1,316
0.04,0.04,26.989,18.989,26,18,19.2604,23,1,316
0.1705,0.1705,24.6635,17.6635,24,17,19.2604,21,1,316
0.688,0.688,21.1695,16.1695,20,15,19.2604,19,1,316
0.6375,0.6375,23.133,15.133,23,15,19.2604,19,1,316
0.175,0.175,25.2645,16.2645,25,16,19.2604,21,1,316
0.6585,0.6585,22.1025,16.1025,22,16,19.2604,19,1,316
0.7585,0.7585,21.67,14.67,21,14,19.2604,18,1,316
0.139,0.139,24.6455,17.6455,24,17,19.2604,21,1,316
0.067,0.067,24.984,18.984,23,17,19.2604,22,1,316
0.3,0.3,24.288,16.288,24,16,19.2604,20,1,316
0.154,0.154,24.5945,17.5945,24,17,19.2604,21,1,316
0.6815,0.6815,21.1895,16.1895,20,15,19.2604,19,1,316
0.5295,0.5295,22.568,15.568,22,15,19.2604,19,1,316
0.348,0.348,22.03,17.03,21,16,19.2604,20,1,316
0.6125,0.6125,23.022,15.022,23,15,19.2604,19,1,316
0.646,0.646,22.0795,16.0795,21,15,19.2604,19,1,316
0.956,0.956,19.655,14.655,19,14,19.2604,17,1,316
1,1,18.8655,14.8655,18,14,19.2604,17,1,316
0.3225,0.3225,22.728,16.728,21,15,19.2604,20,1,316
0.544,0.544,21.7055,15.7055,21,15,19.2604,19,1,316
0.045,0.045,24.853,18.853,23,17,19.2604,22,1,316
0.123,0.123,24.452,17.452,24,17,19.2604,21,1,316
0.6085,0.6085,22.0005,16.0005,21,15,19.2604,19,1,316
0.1545,0.1545,24.0905,18.0905,23,17,19.2604,21,1,316
0.5925,0.5925,19.8325,16.8325,19,16,19.2604,19,1,316
0.1045,0.1045,23.6735,17.6735,22,16,19.2604,21,1,316
0.287,0.287,23.488,16.488,22,15,19.2604,20,1,316
0.949,0.949,19.5335,14.5335,19,14,19.2604,17,1,316
0.5925,0.5925,20.8225,16.8225,20,16,19.2604,19,1,316
0.335,0.335,23.6755,16.6755,23,16,19.2604,20,1,316
0.377,0.377,23.061,17.061,22,16,19.2604,20,1,316
0.6735,0.6735,22.2175,16.2175,22,16,19.2604,19,1,316
0.78,0.78,20.532,15.532,20,15,19.2604,18,1,316
0.649,0.649,22.1425,16.1425,22,16,19.2604,19,1,316
0.1715,0.1715,23.9105,17.9105,23,17,19.2604,21,1,316
0.663,0.663,22.1345,16.1345,22,16,19.2604,19,1,316
0.242,0.242,22.569,17.569,22,17,19.2604,20,1,316
1,1,16.5075,14.5075,16,14,19.2604,16,1,316
0.1475,0.1475,24.6665,17.6665,24,17,19.2604,21,1,316
0.097,0.097,24.366,18.366,23,17,19.2604,21,1,316
0.8695,0.8695,19.921,15.921,19,15,19.2604,18,1,316
0.875,0.875,19.9545,14.9545,19,14,19.2604,18,1,316
0.0075,0.0075,26.03,20.03,25,19,19.2604,23,1,316
0.0245,0.0245,28.7165,19.7165,28,19,19.2604,24,1,316
0.751,0.751,20.4995,15.4995,20,15,19.2604,18,1,316
0.325,0.325,23.7145,16.7145,23,16,19.2604,20,1,316
0.349,0.349,22.009,17.009,21,16,19.2604,20,1,316
0.137,0.137,24.638,17.638,24,17,19.2604,21,1,316
0.9545,0.9545,19.6085,14.6085,19,14,19.2604,17,1,316
0.893,0.893,19.7535,15.7535,19,15,19.2604,18,1,316
0.443,0.443,24.1225,16.1225,24,16,19.2604,20,1,316
0.3495,0.3495,22.039,17.039,21,16,19.2604,20,1,316
0.687,0.687,21.135,16.135,20,15,19.2604,19,1,316
0.1565,0.1565,24.09,18.09,23,17,19.2604,21,1,316
0.3505,0.3505,23.761,15.761,23,15,19.2604,20,1,316
0.7865,0.7865,20.5505,15.5505,20,15,19.2604,18,1,316
0.1335,0.1335,23.813,17.813,22,16,19.2604,21,1,316
0.64,0.64,20.992,15.992,20,15,19.2604,19,1,316
0.788,0.788,19.2645,16.2645,19,16,19.2604,18,1,316
0.0725,0.0725,26.51,18.51,26,18,19.2604,22,1,316
0.7785,0.7785,20.432,15.432,20,15,19.2604,18,1,316
0.7375,0.7375,20.4255,15.4255,20,15,19.2604,18,1,316
1,1,18.811,14.811,18,14,19.2604,17,1,316
0.033,0.033,26.683,18.683,26,18,19.2604,23,1,316
0.345,0.345,21.998,16.998,21,16,19.2604,20,1,316
0.596,0.596,22.907,14.907,22,14,19.2604,19,1,316
0.9505,0.9505,19.848,13.848,19,13,19.2604,17,1,316
0.5815,0.5815,21.8505,15.8505,21,15,19.2604,19,1,316
0.1325,0.1325,24.552,17.552,24,17,19.2604,21,1,316
0.0965,0.0965,24.328,17.328,23,16,19.2604,21,1,316
0.528,0.528,22.633,15.633,22,15,19.2604,19,1,316
0.9425,0.9425,20.15,14.15,20,14,19.2604,17,1,316
0.66,0.66,22.1745,16.1745,22,16,19.2604,19,1,316
0.0395,0.0395,26.1845,19.1845,24,17,19.2604,23,1,316
1,1,18.183,15.183,18,15,19.2604,17,1,316
0.3235,0.3235,21.942,16.942,21,16,19.2604,20,1,316
0.7015,0.7015,21.493,14.493,21,14,19.2604,18,1,316
0.465,0.465,20.4785,16.4785,20,16,19.2604,19,1,316
0.5835,0.5835,21.833,15.833,21,15,19.2604,19,1,316
0.6535,0.6535,23.156,15.156,23,15,19.2604,19,1,316
0.987,0.987,18.9515,14.9515,18,14,19.2604,17,1,316
0.194,0.194,25.453,16.453,25,16,19.2604,21,1,316
0.58,0.58,21.8215,15.8215,21,15,19.2604,19,1,316
0.5125,0.5125,21.5625,16.5625,21,16,19.2604,19,1,316
0.8845,0.8845,19.9775,15.9775,19,15,19.2604,18,1,316
0.8865,0.8865,20,15,19,14,19.2604,18,1,316
0.3425,0.3425,22.0255,17.0255,21,16,19.2604,20,1,316
0.4745,0.4745,23.298,15.298,23,15,19.2604,19,1,316
0.644,0.644,22.1265,16.1265,22,16,19.2604,19,1,316
1,1,17.301,14.301,17,14,19.2604,16,1,316
0.3865,0.3865,23.1235,17.1235,22,16,19.2604,20,1,316
0.844,0.844,21.1845,15.1845,21,15,19.2604,18,1,316
0.377,0.377,22.0835,17.0835,21,16,19.2604,20,1,316
0.038,0.038,27.6475,18.6475,27,18,19.2604,23,1,316
0.32,0.32,23.7125,16.7125,23,16,19.2604,20,1,316
0.92,0.92,19.9615,15.9615,19,15,19.2604,18,1,316
0.2195,0.2195,25.86,16.86,26,17,19.2604,21,1,316
0.18,0.18,25.283,16.283,25,16,19.2604,21,1,316
0.238,0.238,25.7605,16.7605,25,16,19.2604,21,1,316
0.277,0.277,24.2965,16.2965,24,16,19.2604,20,1,316
0.043,0.043,25.4775,18.4775,25,18,19.2604,22,1,316
1,1,18.6365,15.6365,18,15,19.2604,17,1,316
0.667,0.667,22.1545,16.1545,22,16,19.2604,19,1,316
0.881,0.881,19.937,15.937,19,15,19.2604,18,1,316
0.41,0.41,24.074,16.074,24,16,19.2604,20,1,316
0.19,0.19,24.7535,16.7535,24,16,19.2604,21,1,316
0.883,0.883,19.976,14.976,19,14,19.2604,18,1,316
0.8515,0.8515,21.25,15.25,21,15,19.2604,18,1,316
0.367,0.367,23.0535,17.0535,22,16,19.2604,20,1,316
0.8825,0.8825,19.9515,14.9515,19,14,19.2604,18,1,316
0.385,0.385,23.8855,15.8855,23,15,19.2604,20,1,316
0.903,0.903,20.927,13.927,20,13,19.2604,17,1,316
0.4815,0.4815,21.419,16.419,21,16,19.2604,19,1,316
0.154,0.154,24.0845,18.0845,23,17,19.2604,21,1,316
0.104,0.104,23.6295,17.6295,23,17,19.2604,21,1,316
0.79,0.79,20.571,15.571,20,15,19.2604,18,1,316
0.121,0.121,26.606,17.606,26,17,19.2604,22,1,316
0.317,0.317,22.8135,16.8135,22,16,19.2604,20,1,316
0.4135,0.4135,23.9625,15.9625,24,16,19.2604,20,1,316
0.6595,0.6595,22.231,15.231,22,15,19.2604,19,1,316
0.396,0.396,23.9445,15.9445,24,16,19.2604,20,1,316
0.6305,0.6305,20.942,16.942,20,16,19.2604,19,1,316
0.921,0.921,19.6385,16.6385,19,16,19.2604,18,1,316
0.238,0.238,22.5995,17.5995,21,16,19.2604,20,1,316
0.8425,0.8425,21.198,15.198,21,15,19.2604,18,1,316
0.976,0.976,19.2475,14.2475,19,14,19.2604,17,1,316
0.969,0.969,19.3455,15.3455,19,15,19.2604,17,1,316
0.1015,0.1015,29.0975,18.0975,29,18,19.2604,23,1,316
0.975,0.975,19.3475,13.3475,19,13,19.2604,16,1,316
0.5655,0.5655,21.744,15.744,21,15,19.2604,19,1,316
0.1085,0.1085,22.8875,18.8875,22,18,19.2604,21,1,316
0.309,0.309,23.606,16.606,23,16,19.2604,20,1,316
0.1105,0.1105,23.0735,18.0735,22,17,19.2604,21,1,316
0.397,0.397,23.1125,17.1125,22,16,19.2604,20,1,316
1,1,17.315,14.315,17,14,19.2604,16,1,316
0.6585,0.6585,22.1205,16.1205,22,16,19.2604,19,1,316
0.0855,0.0855,24.36,18.36,23,17,19.2604,21,1,316
0.8285,0.8285,20.5495,15.5495,20,15,19.2604,18,1,316
0.49,0.49,21.4175,16.4175,21,16,19.2604,19,1,316
0.9185,0.9185,19.7955,15.7955,19,15,19.2604,18,1,316
0.3305,0.3305,21.965,16.965,21,16,19.2604,20,1,316
1,1,14.277,12.277,14,12,19.2604,14,1,316
0.6165,0.6165,23.067,15.067,23,15,19.2604,19,1,316
0.587,0.587,21.8285,15.8285,21,15,19.2604,19,1,316
0.3745,0.3745,23.057,17.057,22,16,19.2604,20,1,316
0.3735,0.3735,23.118,17.118,22,16,19.2604,20,1,316
0.7795,0.7795,20.344,15.344,20,15,19.2604,18,1,316
0.569,0.569,21.7525,15.7525,21,15,19.2604,19,1,316
0.001,0.001,28.369,21.369,27,20,19.2604,25,1,316
0.0965,0.0965,23.651,18.651,22,17,19.2604,21,1,316
0.261,0.261,23.418,16.418,22,15,19.2604,20,1,316
0.5985,0.5985,21.85,15.85,21,15,19.2604,19,1,316
0.642,0.642,23.172,15.172,23,15,19.2604,19,1,316
0.291,0.291,25.206,17.206,25,17,19.2604,21,1,316
0.3035,0.3035,21.901,16.901,21,16,19.2604,20,1,316
0.561,0.561,21.7215,15.7215,21,15,19.2604,19,1,316
0.648,0.648,23.188,15.188,23,15,19.2604,19,1,316
1,1,17.6775,13.6775,17,13,19.2604,16,1,316
0.5,0.5,21.5335,16.5335,21,16,19.2604,19,1,316
0.282,0.282,25.943,16.943,26,17,19.2604,21,1,316
0.8115,0.8115,20.6065,15.6065,20,15,19.2604,18,1,316
0.9115,0.9115,19.609,16.609,19,16,19.2604,18,1,316
0.4275,0.4275,20.3935,17.3935,20,17,19.2604,19,1,316
0.5385,0.5385,22.6915,14.6915,22,14,19.2604,19,1,316
0.596,0.596,21.8475,15.8475,21,15,19.2604,19,1,316
0.4405,0.4405,24.1485,16.1485,24,16,19.2604,20,1,316
0.5605,0.5605,22.734,15.734,22,15,19.2604,19,1,316
0.8425,0.8425,22.1295,15.1295,22,15,19.2604,18,1,316
0.1115,0.1115,25.7525,17.7525,25,17,19.2604,22,1,316
0.079,0.079,22.831,18.831,22,18,19.2604,21,1,316
0.779,0.779,22.019,14.019,22,14,19.2604,18,1,316
0.5655,0.5655,21.7695,15.7695,21,15,19.2604,19,1,316
0.806,0.806,20.4995,15.4995,20,15,19.2604,18,1,316
0.1865,0.1865,23.9965,17.9965,23,17,19.2604,21,1,316
0.065,0.065,25.0515,19.0515,24,18,19.2604,22,1,316
0.4295,0.4295,23.124,17.124,23,17,19.2604,20,1,316
0.4,0.4,22.1925,17.1925,21,16,19.2604,20,1,316
0.7775,0.7775,20.5205,15.5205,20,15,19.2604,18,1,316
0.4035,0.4035,23.1375,17.1375,22,16,19.2604,20,1,316
0.677,0.677,22.2515,16.2515,22,16,19.2604,19,1,316
0.6555,0.6555,22.1075,16.1075,22,16,19.2604,19,1,316
0.3215,0.3215,26.1525,16.1525,26,16,19.2604,21,1,316
0.0975,0.0975,23.7,18.7,22,17,19.2604,21,1,316
0.3045,0.3045,23.6485,16.6485,23,16,19.2604,20,1,316
0.306,0.306,21.905,16.905,21,16,19.2604,20,1,316
0.2185,0.2185,24.8965,16.8965,24,16,19.2604,21,1,316
0.2605,0.2605,25.221,17.221,24,16,19.2604,21,1,316
0.681,0.681,22.142,16.142,21,15,19.2604,19,1,316
0.225,0.225,24.978,16.978,25,17,19.2604,21,1,316
0.0395,0.0395,27.811,18.811,28,19,19.2604,23,1,316
1,1,18.7035,15.7035,18,15,19.2604,17,1,316
0.651,0.651,22.21,15.21,22,15,19.2604,19,1,316
0.458,0.458,24.1775,16.1775,24,16,19.2604,20,1,316
0.673,0.673,21.0745,17.0745,20,16,19.2604,19,1,316
0.065,0.065,24.9175,18.9175,24,18,19.2604,22,1,316
0.335,0.335,23.68,16.68,23,16,19.2604,20,1,316
0.1425,0.1425,21.479,17.479,21,17,19.2604,20,1,316
0.9265,0.9265,20.076,16.076,19,15,19.2604,18,1,316
1,1,19.2545,16.2545,19,16,19.2604,18,1,316
0.802,0.802,20.775,14.775,20,14,19.2604,18,1,316
1,1,18.6015,14.6015,18,14,19.2604,17,1,316
1,1,17.4365,15.4365,17,15,19.2604,17,1,316
0.222,0.222,23.336,17.336,22,16,19.2604,20,1,316
1,1,19.246,15.246,19,15,19.2604,17,1,316
0.45,0.45,24.14,16.14,24,16,19.2604,20,1,316
0.8485,0.8485,21.237,15.237,21,15,19.2604,18,1,316
0.694,0.694,22.2565,16.2565,22,16,19.2604,19,1,316
0.2345,0.2345,23.307,16.307,22,15,19.2604,20,1,316
0.1965,0.1965,24.938,17.938,25,18,19.2604,21,1,316
0.6625,0.6625,22.1235,16.1235,21,15,19.2604,19,1,316
0.324,0.324,21.9635,16.9635,21,16,19.2604,20,1,316
0.3045,0.3045,22.778,16.778,22,16,19.2604,20,1,316
0.598,0.598,20.7855,16.7855,20,16,19.2604,19,1,316
0.9105,0.9105,21.174,13.174,21,13,19.2604,17,1,316
0.308,0.308,22.818,16.818,22,16,19.2604,20,1,316
0.45,0.45,24.056,16.056,24,16,19.2604,20,1,316
0.386,0.386,24.8195,15.8195,24,15,19.2604,20,1,316
0.8105,0.8105,22.2215,14.2215,22,14,19.2604,18,1,316
0.1635,0.1635,24.082,18.082,23,17,19.2604,21,1,316
0.65,0.65,23.1935,15.1935,23,15,19.2604,19,1,316
1,1,18.9255,14.9255,18,14,19.2604,17,1,316
0.958,0.958,19.6125,14.6125,19,14,19.2604,17,1,316
0.6605,0.6605,22.168,16.168,22,16,19.2604,19,1,316
0.6035,0.6035,20.891,16.891,20,16,19.2604,19,1,316
0.887,0.887,19.9685,15.9685,19,15,19.2604,18,1,316
0.499,0.499,21.4825,16.4825,21,16,19.2604,19,1,316
0.8365,0.8365,19.499,15.499,19,15,19.2604,18,1,316
0.0465,0.0465,24.8115,18.8115,23,17,19.2604,22,1,316
0.8785,0.8785,21.182,15.182,21,15,19.2604,18,1,316
0.9815,0.9815,18.563,13.563,18,13,19.2604,16,1,316
0.8145,0.8145,20.621,15.621,20,15,19.2604,18,1,316
0.1805,0.1805,25.633,16.633,25,16,19.2604,21,1,316
0.4015,0.4015,23.9295,15.9295,24,16,19.2604,20,1,316
0.772,0.772,20.444,15.444,20,15,19.2604,18,1,316
0.6475,0.6475,21.01,16.01,20,15,19.2604,19,1,316
0.6475,0.6475,21.0205,16.0205,20,15,19.2604,19,1,316
0.1175,0.1175,27.4645,16.4645,27,16,19.2604,22,1,316
0.8025,0.8025,20.6,15.6,20,15,19.2604,18,1,316
0.8895,0.8895,20.4355,13.4355,20,13,19.2604,17,1,316
0.7635,0.7635,20.355,15.355,20,15,19.2604,18,1,316
0.919,0.919,19.5225,14.5225,19,14,19.2604,17,1,316
0.1755,0.1755,24.5855,17.5855,24,17,19.2604,21,1,316
0.8265,0.8265,21.1615,15.1615,21,15,19.2604,18,1,316
0.2885,0.2885,26.0065,16.0065,26,16,19.2604,21,1,316
0.613,0.613,20.923,15.923,20,15,19.2604,19,1,316
0.506,0.506,23.4455,15.4455,23,15,19.2604,19,1,316
1,1,17.2985,14.2985,17,14,19.2604,16,1,316
0.96,0.96,19.485,14.485,19,14,19.2604,17,1,316
0.3355,0.3355,21.9935,16.9935,21,16,19.2604,20,1,316
0.9575,0.9575,19.325,14.325,19,14,19.2604,17,1,316
0.834,0.834,21.1945,15.1945,21,15,19.2604,18,1,316
1,1,16.292,13.292,16,13,19.2604,15,1,316
0.0865,0.0865,24.346,18.346,23,17,19.2604,21,1,316
0.129,0.129,23.7955,17.7955,23,17,19.2604,21,1,316
0.901,0.901,19.413,14.413,19,14,19.2604,17,1,316
0.655,0.655,22.1335,16.1335,22,16,19.2604,19,1,316
0.0725,0.0725,24.96,18.96,24,18,19.2604,22,1,316
0.648,0.648,22.1325,16.1325,22,16,19.2604,19,1,316
0.8445,0.8445,21.209,15.209,21,15,19.2604,18,1,316
0.833,0.833,19.46,15.46,19,15,19.2604,18,1,316
0.5845,0.5845,21.8125,15.8125,21,15,19.2604,19,1,316
0.192,0.192,24.068,18.068,23,17,19.2604,21,1,316
0.6795,0.6795,21.073,17.073,20,16,19.2604,19,1,316
0.467,0.467,25.168,15.168,25,15,19.2604,20,1,316
0.3395,0.3395,22.114,17.114,21,16,19.2604,20,1,316
0.993,0.993,19.2045,13.2045,19,13,19.2604,16,1,316
0.5025,0.5025,22.465,15.465,22,15,19.2604,19,1,316
0.3715,0.3715,23.088,17.088,22,16,19.2604,20,1,316
0.649,0.649,21.03,16.03,20,15,19.2604,19,1,316
0.4285,0.4285,23.1325,17.1325,23,17,19.2604,20,1,316
0.109,0.109,23.6905,17.6905,23,17,19.2604,21,1,316
0.4195,0.4195,20.395,17.395,20,17,19.2604,19,1,316
0.2855,0.2855,25.2315,17.2315,25,17,19.2604,21,1,316
0.052,0.052,27.803,18.803,27,18,19.2604,23,1,316
0.773,0.773,20.552,15.552,20,15,19.2604,18,1,316
0.095,0.095,25.7135,17.7135,25,17,19.2604,22,1,316
0.3095,0.3095,23.588,16.588,23,16,19.2604,20,1,316
0.318,0.318,23.664,16.664,23,16,19.2604,20,1,316
0.309,0.309,23.61,16.61,23,16,19.2604,20,1,316
0.3445,0.3445,23.741,16.741,23,16,19.2604,20,1,316
0.64,0.64,20.966,16.966,20,16,19.2604,19,1,316
0.4635,0.4635,22.343,16.343,22,16,19.2604,19,1,316
0.4275,0.4275,24.991,15.991,25,16,19.2604,20,1,316
0.9005,0.9005,19.9945,15.9945,19,15,19.2604,18,1,316
0.0905,0.0905,26.59,17.59,26,17,19.2604,22,1,316
0.109,0.109,26.492,17.492,26,17,19.2604,22,1,316
0.157,0.157,24.039,18.039,23,17,19.2604,21,1,316
0.301,0.301,23.5675,16.5675,23,16,19.2604,20,1,316
0.7125,0.7125,21.242,16.242,20,15,19.2604,19,1,316
0.105,0.105,23.027,19.027,22,18,19.2604,21,1,316
0.4945,0.4945,21.521,16.521,21,16,19.2604,19,1,316
0.1015,0.1015,24.272,17.272,24,17,19.2604,21,1,316
0.3095,0.3095,23.6315,16.6315,23,16,19.2604,20,1,316
0.859,0.859,21.12,15.12,21,15,19.2604,18,1,316
0.621,0.621,20.933,16.933,20,16,19.2604,19,1,316
1,1,18.849,14.849,18,14,19.2604,17,1,316
1,1,17.1785,14.1785,17,14,19.2604,16,1,316
0.1725,0.1725,22.465,17.465,22,17,19.2604,20,1,316
0.625,0.625,20.9555,16.9555,20,16,19.2604,19,1,316
0.321,0.321,23.632,16.632,23,16,19.2604,20,1,316
0.232,0.232,25.049,17.049,25,17,19.2604,21,1,316
0.916,0.916,19.802,15.802,19,15,19.2604,18,1,316
0.361,0.361,23.765,16.765,23,16,19.2604,20,1,316
1,1,17.809,13.809,17,13,19.2604,16,1,316
0.962,0.962,19.317,15.317,19,15,19.2604,17,1,316
1,1,17.492,15.492,17,15,19.2604,17,1,316
0.3065,0.3065,21.893,16.893,21,16,19.2604,20,1,316
0.9065,0.9065,19.9075,15.9075,19,15,19.2604,18,1,316
0.1515,0.1515,24.047,18.047,23,17,19.2604,21,1,316
0.8425,0.8425,20.6335,15.6335,20,15,19.2604,18,1,316
0.9695,0.9695,19.3305,15.3305,19,15,19.2604,17,1,316
0.3385,0.3385,24.46,15.46,24,15,19.2604,20,1,316
0.075,0.075,25.2245,19.2245,24,18,19.2604,22,1,316
1,1,18.743,14.743,18,14,19.2604,17,1,316
0.321,0.321,21.938,17.938,21,17,19.2604,20,1,316
0.8055,0.8055,20.7935,14.7935,20,14,19.2604,18,1,316
0.628,0.628,23.2005,15.2005,23,15,19.2604,19,1,316
0.5195,0.5195,21.59,16.59,21,16,19.2604,19,1,316
0.906,0.906,19.879,15.879,19,15,19.2604,18,1,316
0.3025,0.3025,22.719,16.719,22,16,19.2604,20,1,316
0.123,0.123,23.646,17.646,23,17,19.2604,21,1,316
0.154,0.154,24.0515,18.0515,23,17,19.2604,21,1,316
0.304,0.304,22.8885,16.8885,22,16,19.2604,20,1,316
0.314,0.314,24.421,15.421,24,15,19.2604,20,1,316
0.951,0.951,20.238,14.238,20,14,19.2604,17,1,316
0.392,0.392,23.9975,16.9975,23,16,19.2604,20,1,316
0.392,0.392,23.0825,17.0825,22,16,19.2604,20,1,316
