"p","truediv","chaoest","obsD","upper","lower","l","inds","reps"
0.3755,200,200,200,202.13484848125,199.13504848125,1,10000,50
0.072,200,200,200,200.5042484875,199.0042984875,1,10000,50
0.5925,200,200,200,202.7652484175,197.7655484175,1,10000,50
0.6655,200,200,200,201.94302033125,198.94322033125,1,10000,50
0.954,200,199,199,200.93363363625,197.93383363625,1,10000,50
0.7185,200,200,200,201.88180346875,198.88200346875,1,10000,50
0.493,200,200.49995,200,207.403542859286,197.404342859286,1,10000,50
0.979,200,199,199,199.95364164375,197.95374164375,1,10000,50
0.675,200,200,200,201.99197821875,197.99217821875,1,10000,50
0.654,200,200,200,201.83706204375,198.83726204375,1,10000,50
0.7955,200,200,200,200.96197644375,198.96207644375,1,10000,50
0.72,200,200,200,201.9715630425,198.9717630425,1,10000,50
0.398,200,200,200,202.079822485,198.080022485,1,10000,50
0.4325,200,200,200,202.170582375,198.170782375,1,10000,50
0.621,200,200,200,201.88883213375,198.88903213375,1,10000,50
0.152,200,202.9997,200,212.212466805893,198.213466805893,1,10000,50
0.6345,200,200,200,201.9423395,197.9425395,1,10000,50
0.674,200,200,200,201.94223487625,198.94243487625,1,10000,50
0.7065,200,200,200,201.97405369375,198.97425369375,1,10000,50
0.588,200,200,200,204.41979209875,197.92024209875,1,10000,50
0.6395,200,200,200,202.1306874125,198.8809124125,1,10000,50
0.41,200,200,200,202.2298212,199.2300212,1,10000,50
0.6555,200,200,200,201.91042912375,198.91062912375,1,10000,50
0.6315,200,200,200,202.81755926875,198.31780926875,1,10000,50
0.513,200,200.49995,200,206.489060925,197.489660925,1,10000,50
0.6075,200,200,200,202.8148644725,197.8151644725,1,10000,50
0.166,200,200,200,201.07122261875,199.07132261875,1,10000,50
0.5925,200,200,200,204.29363063125,197.79408063125,1,10000,50
0.8365,200,200,200,200.95691115,198.95701115,1,10000,50
0.9135,200,199,199,200.0047958125,198.0048958125,1,10000,50
0.17,200,200,200,201.00302195625,199.00312195625,1,10000,50
0.6055,200,200,200,202.11112133625,198.86134633625,1,10000,50
0.4215,200,200,200,202.091823385,198.092023385,1,10000,50
0.381,200,200.9999,200,206.2160214025,198.7164714025,1,10000,50
0.6095,200,200,200,201.8979696375,197.8981696375,1,10000,50
0.8965,200,200,200,200.476707025,198.976757025,1,10000,50
0.647,200,200,200,201.91497886875,198.91517886875,1,10000,50
0.694,200,200,200,201.8624873675,198.8626873675,1,10000,50
0.718,200,200,200,201.88684423125,198.88704423125,1,10000,50
0.1585,200,200,200,201.0182898625,199.0183898625,1,10000,50
0.6335,200,200,200,201.88402428125,198.88422428125,1,10000,50
0.3575,200,200.9999,200,206.53299090875,198.53359090875,1,10000,50
0.8465,200,200,200,200.971827975,198.971927975,1,10000,50
0.5845,200,200,200,203.2940577725,197.7945077725,1,10000,50
0.604,200,200,200,202.16024164125,197.91046664125,1,10000,50
0.64,200,200,200,201.88480728625,198.88500728625,1,10000,50
0.0575,200,200,200,200.538201975,199.038251975,1,10000,50
0.1735,200,200,200,201.016833275,199.016933275,1,10000,50
0.4465,200,200.49995,200,205.305340225,197.805790225,1,10000,50
0.726,200,200,200,201.99015585,198.99035585,1,10000,50
