"p","truediv","chaoest","obsD","upper","lower","l","inds","reps"
0.308,15.85,16.2417896858946,15.9979522621105,17.6947391721723,14.7024930814295,-1,1000,50
0.863,15.85,14.9847003059939,14.7780339303659,16.6346615300367,13.4381105457012,-1,1000,50
0.7475,15.85,15.3390246898416,15.1221872731672,16.9543227851754,13.841998348251,-1,1000,50
0.635,15.85,15.6083994750329,15.3836686973109,17.0210390224555,14.2220920710602,-1,1000,50
0.7855,15.85,15.2050165900582,14.992054211268,16.8208230815277,13.7008190073701,-1,1000,50
0.2765,15.85,16.3368765331153,16.0901045856798,17.9988869025595,14.7703190479713,-1,1000,50
0.0885,15.85,16.7690603283312,16.5087331198204,18.1059585518155,15.4101374961497,-1,1000,50
0.0625,15.85,16.9465648854962,16.6805671392827,18.4086235385538,15.5514064634234,-1,1000,50
0.456,15.85,15.933522600402,15.69908003391,17.4727097764888,14.4340030974385,-1,1000,50
0.083,15.85,16.865883306321,16.6024704476026,18.2952744317414,15.462084223162,-1,1000,50
0.066,15.85,17.1460936427297,16.8736501079914,18.8734303099214,15.4872605587004,-1,1000,50
0.8815,15.85,14.9613610495418,14.7553561942985,16.5148025353938,13.4772883833713,-1,1000,50
0.1385,15.85,16.7068031306442,16.4484505559576,18.2317816169799,15.1775639496815,-1,1000,50
0.741,15.85,15.3796416035471,15.1616229001152,16.9631614882654,13.9525139892025,-1,1000,50
0.9035,15.85,14.8886703031387,14.684719081324,16.3268914279018,13.550526219225,-1,1000,50
0.5885,15.85,15.7174323473884,15.4894671623296,17.1468493727346,14.3307812646099,-1,1000,50
0.247,15.85,16.4120256283884,16.1629222563439,18.0674253104393,14.8204823925313,-1,1000,50
0.9455,15.85,14.6202253768477,14.4237703735757,16.1586712909291,13.2102480984869,-1,1000,50
0.9005,15.85,14.9627055687027,14.7566626331789,16.3237186204698,13.6269228957812,-1,1000,50
0.646,15.85,15.5418650238029,15.3190967860535,17.1958067898207,13.9931534645961,-1,1000,50
0.1275,15.85,16.7398371259091,16.4804377204259,18.2613965896507,15.2880547749992,-1,1000,50
0.7445,15.85,15.38390464751,15.165761776214,16.761605966266,14.0397431251288,-1,1000,50
0.3665,15.85,16.0994005028042,15.8599251411533,17.588208151333,14.5932705419331,-1,1000,50
0.388,15.85,16.0802240607798,15.8413332066027,17.6603314916609,14.6029690810581,-1,1000,50
0.0495,15.85,17.1891668674078,16.9153218985757,18.8394933370502,15.5728382168751,-1,1000,50
0.4,15.85,16.0497397339503,15.81177661122,17.5701983245587,14.606913429047,-1,1000,50
0.3585,15.85,16.1337209302326,15.8931977113795,17.6716210672544,14.7376363249671,-1,1000,50
0.614,15.85,15.6416358739901,15.4159215637911,17.2206914571884,14.092181610955,-1,1000,50
0.3695,15.85,16.1129032258065,15.8730158730159,17.6024182240456,14.5541068504275,-1,1000,50
0.973,15.85,14.5376757181525,14.3434980923148,15.8747200420717,13.2395977521485,-1,1000,50
0.6245,15.85,15.6245112452689,15.3993039514614,17.0749654626651,14.2675506873392,-1,1000,50
0.7265,15.85,15.4005056422273,15.1818789093338,16.8521082557946,13.9630834319367,-1,1000,50
0.142,15.85,16.6677789642286,16.4106603649731,18.1973464444472,15.1903438330858,-1,1000,50
0.1805,15.85,16.623955802576,16.3682194650866,18.2748268267657,15.0393096408523,-1,1000,50
0.7095,15.85,15.4190461490971,15.1998784009728,16.9033207585017,13.9535060382284,-1,1000,50
0.6735,15.85,15.5370307007995,15.3144047290882,17.1053683233942,14.0889383522253,-1,1000,50
0.151,15.85,16.6488900739951,16.3923677135926,18.2397389371441,15.1706271115766,-1,1000,50
0.3415,15.85,16.2138475021911,15.9708691346983,17.8557414689288,14.7537898776353,-1,1000,50
0.2915,15.85,16.2481295946914,16.0040970488445,17.6905689472992,14.8256344110864,-1,1000,50
0.3485,15.85,16.1321577366535,15.8916822934876,17.6747830987942,14.6971748769984,-1,1000,50
0.5795,15.85,15.7223796033995,15.4942671211652,17.1850180056292,14.2652642476189,-1,1000,50
0.1415,15.85,16.6561072393211,16.3993571451999,18.1730692627616,15.1220483720782,-1,1000,50
0.1385,15.85,16.7095975646473,16.4511565163031,18.3565371947111,15.2002606811029,-1,1000,50
0.353,15.85,16.1498916874132,15.9088739699004,17.6989602024573,14.6037856200488,-1,1000,50
0.8365,15.85,15.1285701305389,14.917802905988,16.5399732757801,13.7961790054084,-1,1000,50
0.552,15.85,15.763562344179,15.5342218908255,17.3297612727382,14.2143385478257,-1,1000,50
0.8155,15.85,15.1985394796897,14.9857635246516,16.6251576310314,13.9197576094939,-1,1000,50
0.3515,15.85,16.1603416480637,15.9190041071031,17.7984006017199,14.600593334042,-1,1000,50
0.745,15.85,15.4100080212254,15.1911040894452,16.7915248322074,14.1044560013697,-1,1000,50
0.2885,15.85,16.2974322163856,16.05187967511,17.8613156973517,14.8686607118977,-1,1000,50
