"p","truediv","chaoest","obsD","upper","lower","l","inds","reps"
1,200,61.249375,55,87.3380912525893,51.5910662525893,1,10000,50
1,200,62.9994,57,88.733369274375,53.636479274375,1,10000,50
1,200,65.9992,58,97.6784216008928,54.7823116008929,1,10000,50
1,200,57.89991,57,71.2745825763393,52.4428325763393,1,10000,50
1,200,64.38875,63,81.9702634942857,57.2221384942857,1,10000,50
1,200,65.9991,57,98.3931474599107,54.7971074599107,1,10000,50
1,200,73.9984,58,120.763552223036,56.9360022230357,1,10000,50
1,200,64.9991,56,97.9214071504464,53.5087821504464,1,10000,50
0.9975,200,83.9975,59,147.263384249821,60.2715842498214,1,10000,50
0.9995,200,74.9984,59,121.489594033214,57.9954440332143,1,10000,50
1,200,54.9999,54,65.1501543591964,50.9013793591964,1,10000,50
1,200,62.6664,60,78.2946960859821,56.1964060859821,1,10000,50
1,200,56.89991,56,71.1003501764286,51.2269376764286,1,10000,50
1,200,60.249375,54,82.5081513600893,50.5105513600893,1,10000,50
1,200,63.89951,59,89.8342505869643,54.3374005869643,1,10000,50
1,200,62.49955,58,87.018016730625,53.521066730625,1,10000,50
1,200,66.749325,60,99.4652658580357,55.5691558580357,1,10000,50
1,200,65.999,56,93.3649254815178,55.0349254815179,1,10000,50
1,200,74.9982,57,113.221419612321,58.2262196123214,1,10000,50
1,200,66.9992,59,99.18500495,55.28889495,1,10000,50
1,200,62.16625,58,83.8752253695536,53.8777253695536,1,10000,50
1,200,72.09919,64,103.111433859643,60.2150238596429,1,10000,50
0.9995,200,70.999,61,104.954442585,57.708467585,1,10000,50
1,200,69.749325,63,98.0583711815179,58.2619511815179,1,10000,50
1,200,58.49985,57,73.0307717642857,53.1325617642857,1,10000,50
1,200,72.9984,57,118.09260441625,55.59845441625,1,10000,50
1,200,66.39936,60,97.5208360797321,55.1497735797321,1,10000,50
1,200,67.09919,59,106.038507160982,54.0433071609821,1,10000,50
1,200,65.1243875,59,95.6985607319643,54.4520857319643,1,10000,50
1,200,58.49985,57,72.8783026640179,52.9634276640179,1,10000,50
0.957,200,108.9951,60,224.314171669554,63.4962216695536,1,10000,50
0.988,200,98.49595,58,171.520407840536,67.6548953405357,1,10000,50
1,200,63.49975,61,80.1737594119643,56.5755194119643,1,10000,50
1,200,67.9992,60,99.7399825392857,56.5772325392857,1,10000,50
1,200,66.16585,58,98.7665851678571,53.9372351678572,1,10000,50
1,200,61.9997,59,82.4833718135714,54.1108093135714,1,10000,50
1,200,63.9991,55,91.3991810183929,52.4026810183929,1,10000,50
1,200,71.09879,59,117.091555107857,54.6327158221429,1,10000,50
1,200,68.16585,60,100.493302751071,55.8972627510714,1,10000,50
0.9795,200,108.995,59,196.672894387143,73.6840943871429,1,10000,50
1,200,63.89951,59,88.848708441875,54.351758441875,1,10000,50
0.996,200,89.9968,58,154.071555928304,66.7046934283036,1,10000,50
1,200,61.083125,59,80.0726486138393,53.7000861138393,1,10000,50
1,200,71.6656,61,110.455937328304,57.5858248283036,1,10000,50
0.9995,200,79.247975,59,131.207971579107,60.1031715791071,1,10000,50
1,200,63.9994,58,89.3066328464286,54.4347203464286,1,10000,50
1,200,59.49975,57,76.8644379673214,52.4917754673214,1,10000,50
1,200,60.49975,58,77.6674673116964,53.5444798116964,1,10000,50
1,200,60.59964,57,82.3676302825,52.3702302825,1,10000,50
0.999,200,84.9975,60,147.33990629625,60.34810629625,1,10000,50
