"p","truediv","chaoest","obsD","upper","lower","l","inds","reps"
0.0095,200,200,200,200.0075002,200.0075002,1,10000,50
0.504855938255787,200,200,200,200,200,1,10000,50
0.0015,200,200,200,200.00100005,200.00100005,1,10000,50
5e-04,200,200,200,200.0005,200.0005,1,10000,50
0.0025,200,200,200,200.002250025,200.002250025,1,10000,50
0.0015,200,200,200,200.0015,200.0015,1,10000,50
0.452511582523584,200,200,200,200,200,1,10000,50
0.926198551664129,200,200,200,200,200,1,10000,50
0.0055,200,200,200,200.004250125,200.004250125,1,10000,50
0.003,200,200,200,200.003,200.003,1,10000,50
0.001,200,200,200,200.001,200.001,1,10000,50
0.511263004504144,200,200,200,200,200,1,10000,50
0.249507302651182,200,200,200,200,200,1,10000,50
0.838763964362442,200,200,200,200,200,1,10000,50
0.003,200,200,200,200.002750025,200.002750025,1,10000,50
0.0015,200,200,200,200.0015,200.0015,1,10000,50
0.0903675716836005,200,200,200,200,200,1,10000,50
5e-04,200,200,200,200.0005,200.0005,1,10000,50
0.0015,200,200,200,200.001250025,200.001250025,1,10000,50
0.0015,200,200,200,200.0015,200.0015,1,10000,50
5e-04,200,200,200,200.0005,200.0005,1,10000,50
5e-04,200,200,200,200.0005,200.0005,1,10000,50
0.021,200,200,200,200.019250175,200.019250175,1,10000,50
0.001,200,200,200,200.001,200.001,1,10000,50
0.9995,200,200,200,199.999750025,199.999750025,1,10000,50
0.52676422521472,200,200,200,200,200,1,10000,50
0.002,200,200,200,200.001750025,200.001750025,1,10000,50
0.623404424870387,200,200,200,200,200,1,10000,50
0.001,200,200,200,200.001,200.001,1,10000,50
5e-04,200,200,200,200.0005,200.0005,1,10000,50
0.0025,200,200,200,200.0025,200.0025,1,10000,50
0.0015,200,200,200,200.0015,200.0015,1,10000,50
0.879278406733647,200,200,200,200,200,1,10000,50
0.001,200,200,200,200.000750025,200.000750025,1,10000,50
5e-04,200,200,200,200.0005,200.0005,1,10000,50
0.593435776885599,200,200,200,200,200,1,10000,50
0.001,200,200,200,200.001,200.001,1,10000,50
0.908162809209898,200,200,200,200,200,1,10000,50
0.844595247413963,200,200,200,200,200,1,10000,50
0.541514838580042,200,200,200,200,200,1,10000,50
0.0025,200,200,200,200.00200005,200.00200005,1,10000,50
0.798190371599048,200,200,200,200,200,1,10000,50
0.787729891948402,200,200,200,200,200,1,10000,50
0.569042819086462,200,200,200,200,200,1,10000,50
0.007,200,200,200,200.006750025,200.006750025,1,10000,50
0.003,200,200,200,200.003,200.003,1,10000,50
0.001,200,200,200,200.001,200.001,1,10000,50
0.0015,200,200,200,200.0015,200.0015,1,10000,50
0.002,200,200,200,200.002,200.002,1,10000,50
0.0015,200,200,200,200.001250025,200.001250025,1,10000,50
