"p","truediv","chaoest","obsD","upper","lower","l","inds","reps"
0.543,5.95,5.91306200724484,5.8841527996799,6.59754572190706,5.26101316872561,-1,1000,50
0.332,5.95,6.12492642731019,6.09369668015405,6.91015383869506,5.46103794142486,-1,1000,50
0.325,5.95,6.1206484578907,6.08946644095044,6.89821102787813,5.43175182376546,-1,1000,50
0.702,5.95,5.7897604117163,5.76216104087677,6.48708272161756,5.14595690685245,-1,1000,50
0.9435,5.95,5.45014129995964,5.42599485615688,6.06460199959178,4.84566968301536,-1,1000,50
0.154,5.95,6.29227920335591,6.25915401274364,6.97684182888703,5.60875823787984,-1,1000,50
0.184,5.95,6.27828054298646,6.24531601299026,7.04023198017454,5.5865434034607,-1,1000,50
0.0345,5.95,6.65600639616233,6.6185717122245,7.47217746440935,5.90801706081901,-1,1000,50
0.9975,5.95,5.11164780286131,5.09071656926429,5.68522771467591,4.59624501913704,-1,1000,50
0.8495,5.95,5.62139167426316,5.59553252683058,6.26259634762006,5.0044138168177,-1,1000,50
0.0225,5.95,6.68057617461785,6.64284101024326,7.46436283759228,5.96300695893656,-1,1000,50
0.0515,5.95,6.50551568747477,6.46989557588541,7.23388302566601,5.82001963801745,-1,1000,50
0.1335,5.95,6.35552784599139,6.32167195579887,7.10730871030797,5.65815344341001,-1,1000,50
0.654,5.95,5.83262298719043,5.80457168065568,6.49240062192129,5.22892521580239,-1,1000,50
0.6305,5.95,5.85120714093269,5.82295876180605,6.51967280370578,5.24235128457235,-1,1000,50
0.0675,5.95,6.49756097560978,6.46203554119548,7.25961761388014,5.77797573119873,-1,1000,50
0.0635,5.95,6.50483793251639,6.46922589242971,7.25896739546639,5.81818308069838,-1,1000,50
0.3785,5.95,6.0664577716243,6.03587725440016,6.75798094975772,5.42078511395705,-1,1000,50
0.852,5.95,5.63026252014835,5.60431307934586,6.25560551240742,5.04039397719324,-1,1000,50
0.2375,5.95,6.21199119501549,6.17978222447441,6.95499298617321,5.53188119434863,-1,1000,50
0.5365,5.95,5.92596986593905,5.89692180681684,6.63592021256055,5.27930580371501,-1,1000,50
0.7285,5.95,5.75805782265875,5.73079039061067,6.41267367941103,5.14614002852037,-1,1000,50
0.91,5.95,5.53082646824344,5.50588028013919,6.14572743315248,4.9767536166865,-1,1000,50
0.3655,5.95,6.07361291813088,6.04295331214271,6.77989088174921,5.42338637167374,-1,1000,50
0.942,5.95,5.43135506600267,5.40739298769277,6.07416899081233,4.83412196940928,-1,1000,50
0.6805,5.95,5.80854478219413,5.78074779753509,6.4867893538051,5.19703407144588,-1,1000,50
0.424,5.95,6.02918633143024,5.99901616134954,6.72176284464997,5.38879291475051,-1,1000,50
0.8325,5.95,5.63432709552978,5.60833623097372,6.29111007725073,5.04388222134982,-1,1000,50
0.793,5.95,5.6785884813897,5.65214442359431,6.36493152481827,5.05091738098542,-1,1000,50
0.981,5.95,5.30852126596808,5.28574751041292,5.91598849325124,4.7477711440129,-1,1000,50
0.4995,5.95,5.96510503122872,5.93563398506594,6.6679365547481,5.28804309870561,-1,1000,50
0.581,5.95,5.9014650283554,5.87268029128494,6.5831542713185,5.28217075820508,-1,1000,50
0.7905,5.95,5.67736215773862,5.65093070828766,6.35730775883717,5.06962435668034,-1,1000,50
0.3325,5.95,6.10941914651599,6.07836224607642,6.83616287119956,5.45007890497142,-1,1000,50
0.661,5.95,5.82418991872954,5.79622781493804,6.52139825206361,5.19433121070887,-1,1000,50
0.3635,5.95,6.07863896900442,6.04792374777739,6.7993470479689,5.42707153951937,-1,1000,50
0.6595,5.95,5.82446157254633,5.7964965974565,6.52480491573793,5.19067274455393,-1,1000,50
0.102,5.95,6.39892390468871,6.36456211812627,7.16491312919916,5.71291559979527,-1,1000,50
0.375,5.95,6.05652759084794,6.02605666903692,6.73049846880579,5.44628889235896,-1,1000,50
0.6835,5.95,5.80213499982577,5.77440552495121,6.52821353241118,5.19586969962428,-1,1000,50
0.125,5.95,6.37377501020827,6.33970685195517,7.15133203534352,5.68904749022134,-1,1000,50
0.6615,5.95,5.8166616205138,5.78877903072684,6.48927722490462,5.19723797711978,-1,1000,50
0.616,5.95,5.84559210757295,5.81740334384344,6.53408157588674,5.20174325464463,-1,1000,50
0.7845,5.95,5.70127379810986,5.67459596876702,6.40157447757765,5.08286877081162,-1,1000,50
0.611,5.95,5.85923753665692,5.83090379008746,6.52377416927534,5.2379137821145,-1,1000,50
0.764,5.95,5.70407335929384,5.67736661027149,6.40080084802713,5.08257908155526,-1,1000,50
0.2355,5.95,6.20643381667724,6.17428779590274,6.9183927688471,5.5418356646797,-1,1000,50
0.686,5.95,5.7913043478261,5.76368876080692,6.46378001471281,5.1952280922144,-1,1000,50
0.4265,5.95,6.02344258736706,5.99333541102294,6.71182487426083,5.38561511658545,-1,1000,50
0.942,5.95,5.45841984482572,5.43419193565917,6.10404982557685,4.88036618725625,-1,1000,50
