"p","truediv","chaoest","obsD","upper","lower","l","inds","reps"
0.8205,150.25,148.734883305814,146.569539918214,152.01894855728,145.423901284052,-1,10000,50
0.26,150.25,151.277667670242,149.037959968404,154.441661697607,148.002355783804,-1,10000,50
0.6435,150.25,149.643065595115,147.451304206786,152.857901461878,146.339545602282,-1,10000,50
0.6245,150.25,149.679802881924,147.486969526242,153.081937489757,146.403733197617,-1,10000,50
0.3725,150.25,150.791280979397,148.565893430713,154.029385229347,147.497411068776,-1,10000,50
0.5985,150.25,149.78249406802,147.586662888448,153.116124952866,146.419066760081,-1,10000,50
0.783,150.25,148.946692605845,146.775202036066,152.315767823696,145.567818052869,-1,10000,50
0.143,150.25,151.941089587347,149.681776543069,154.988937525991,148.788274287997,-1,10000,50
0.957,150.25,147.222516696703,145.100816046989,150.623904133154,143.770406720954,-1,10000,50
0.05,150.25,153.072940427239,150.77998486169,156.332460539498,149.728812987393,-1,10000,50
0.304,150.25,151.077440975695,148.843633808938,154.111030556759,147.961667894364,-1,10000,50
0.4405,150.25,150.498047845104,148.281271778812,153.919826937124,147.089551387492,-1,10000,50
0.3345,150.25,151.019027279785,148.786940077548,154.153210076347,147.882016107804,-1,10000,50
0.758,150.25,149.036827702159,146.862718605157,152.396062650332,145.731049196794,-1,10000,50
0.6325,150.25,149.686525069012,147.493495536847,153.094713377967,146.320311673301,-1,10000,50
0.0265,150.25,153.340551283742,151.039605605382,156.297190132833,150.17647083021,-1,10000,50
0.6525,150.25,149.586650749055,147.396535002255,152.62412633998,146.316724328622,-1,10000,50
0.463,150.25,150.383063970329,148.169660187701,153.5796795445,147.134908400532,-1,10000,50
0.594,150.25,149.85028459415,147.652473326581,153.275644850894,146.432910516599,-1,10000,50
0.522,150.25,150.143701892901,147.937310085478,153.347503974328,146.899959519061,-1,10000,50
0.282,150.25,151.187545738806,148.950494813544,154.502263762712,147.861702559467,-1,10000,50
0.1475,150.25,151.950787335763,149.691187081052,155.151483250093,148.459371934541,-1,10000,50
0.6645,150.25,149.551301226443,147.362216327734,152.787964658305,146.402333463511,-1,10000,50
0.367,150.25,150.793555042136,148.568100645974,153.912313960058,147.58253660021,-1,10000,50
0.3835,150.25,150.733088317319,148.509411041378,153.918568626399,147.797494333745,-1,10000,50
0.808,150.25,148.837167762218,146.668856921597,152.191714341005,145.653517566727,-1,10000,50
0.288,150.25,151.13361547763,148.898153662895,154.20150721332,147.95290074495,-1,10000,50
0.2825,150.25,151.159204702126,148.922988943957,154.381884014732,148.024205264344,-1,10000,50
0.3455,150.25,150.931491382459,148.701980412975,154.467659333839,147.50740348177,-1,10000,50
0.8295,150.25,148.690647909944,146.526587249256,151.951167435873,145.43211412712,-1,10000,50
0.4385,150.25,150.477663871515,148.261485817306,153.663433747508,147.192986209606,-1,10000,50
0.2545,150.25,151.244717249975,149.005981100081,154.380598372535,148.078127937154,-1,10000,50
0.476,150.25,150.381706942915,148.16834294452,153.615993253945,147.135454184179,-1,10000,50
0.055,150.25,152.965221408706,150.67547816863,156.293448404294,149.731972322418,-1,10000,50
0.1485,150.25,151.861706974794,149.60474426565,154.971062088352,148.824060422943,-1,10000,50
0.797,150.25,148.799514269812,146.632296056471,151.985065345139,145.299517874974,-1,10000,50
0.4745,150.25,150.348693489551,148.136297244369,153.487321083831,147.272611322679,-1,10000,50
0.6,150.25,149.805832224659,147.609319461994,152.970599388119,146.405131663966,-1,10000,50
0.163,150.25,151.881544850549,149.623994900814,154.948628723425,148.842618507517,-1,10000,50
0.165,150.25,151.87739230816,149.619965288168,155.108898059166,148.433861252345,-1,10000,50
0.572,150.25,149.943315758219,147.742785719773,153.200177391467,146.703667191987,-1,10000,50
0.801,150.25,148.828749445557,146.660682910804,152.070353948561,145.487491130675,-1,10000,50
0.0225,150.25,153.512879483408,151.206781321729,156.775583172839,150.285412253189,-1,10000,50
0.4115,150.25,150.575103831917,148.356066427912,153.643606514334,147.317707516589,-1,10000,50
0.995,150.25,145.489942729431,143.417701186351,149.029763149265,141.972801980877,-1,10000,50
0.3,150.25,151.192117869067,148.954932195715,154.592147760113,147.972245235775,-1,10000,50
0.2255,150.25,151.504131930871,149.25774125275,154.67983440625,148.41766147692,-1,10000,50
0.975,150.25,146.836387346137,144.72575915897,150.254272395521,143.410316082159,-1,10000,50
0.5545,150.25,150.025656953034,147.822719169355,153.406507601061,146.723096318214,-1,10000,50
0.5245,150.25,150.102680501513,147.897489292222,153.40290166339,146.647131124357,-1,10000,50
