"p","truediv","chaoest","obsD","upper","lower","l","inds","reps"
0.601,100.5,99.3041749502985,90.4159132007233,109.025879345,89.5995168244217,-1,1000,50
0.1155,100.5,106.525911708254,96.3576797070726,116.185214652498,96.5284836346092,-1,1000,50
0.896,100.5,94.6201932184129,86.5201591970929,104.12002861621,85.0263158618377,-1,1000,50
0.4695,100.5,100.847970926711,91.6926462497708,111.228028342473,90.2824541557787,-1,1000,50
0.546,100.5,99.9599759855916,90.9587047480444,109.588874020016,90.8875153033251,-1,1000,50
0.772,100.5,96.8774243599693,88.4016973125884,106.804459754044,86.8480436433786,-1,1000,50
0.5425,100.5,100,90.9918107370337,109.987752167211,90.2006344504754,-1,1000,50
0.014,100.5,111.970410221924,100.78613182826,121.806300434039,102.095247527375,-1,1000,50
0.063,100.5,107.860073418269,97.4468914441629,117.535811866106,98.5588358258995,-1,1000,50
0.6865,100.5,98.2300884955755,89.5255147717099,107.806989932049,89.1143885861315,-1,1000,50
0.4625,100.5,100.990699555196,91.8105031215571,110.91199850196,90.8344333157886,-1,1000,50
0.304,100.5,102.92602513909,93.4055669717915,112.135766810187,93.8760866698795,-1,1000,50
0.019,100.5,110.753880266076,99.8003992015968,121.109922060181,101.001535952797,-1,1000,50
0.1495,100.5,105.224352222457,95.2925481227368,114.376362363874,96.1339946329054,-1,1000,50
0.479,100.5,100.766592697196,91.6254352208173,110.754589318244,90.9337709358813,-1,1000,50
0.0315,100.5,109.491451117931,98.7751876728566,119.014559106678,99.9807115212656,-1,1000,50
0.2955,100.5,103.437564713191,93.8262338149747,113.959213228259,93.6374444836946,-1,1000,50
0.211,100.5,104.105877448937,94.3752359380898,112.886142093677,95.5784497859851,-1,1000,50
0.488,100.5,100.583971002819,91.4745700695207,110.405609354953,89.9704259623201,-1,1000,50
0.489,100.5,100.725952813067,91.5918666422422,110.272571999339,91.7224809652948,-1,1000,50
0.545,100.5,100.04005607851,91.0249408337885,109.274019453967,91.001680863179,-1,1000,50
0.8445,100.5,96.09465178915,87.7500877500878,104.985280453821,87.6935680350394,-1,1000,50
0.3535,100.5,102.314625153626,92.9022668153103,111.977994643307,92.9438949284216,-1,1000,50
0.797,100.5,96.3727570904884,87.9816998064403,106.337239115961,85.8321305960525,-1,1000,50
0.4745,100.5,100.705645161291,91.5750915750916,109.86451337639,91.7982101075197,-1,1000,50
0.38,100.5,101.814105177334,92.4898261191269,111.3798912933,92.3608899081698,-1,1000,50
0.562,100.5,99.78026368358,90.8100254268071,109.526014811733,91.0707284385301,-1,1000,50
0.8365,100.5,95.7813998082457,87.4890638670166,104.766368537197,86.5921173855742,-1,1000,50
0.0265,100.5,110.582244852779,99.6611520829181,121.505228281914,100.258921142696,-1,1000,50
0.1325,100.5,105.848696757788,95.8037938302357,115.164760261565,96.4232512567275,-1,1000,50
0.015,100.5,111.024672149367,100.0200040008,120.646114439788,101.604029211143,-1,1000,50
0.8045,100.5,96.5217391304351,88.1057268722467,105.501081549259,87.1604716730862,-1,1000,50
0.5005,100.5,100.583971002819,91.4745700695207,111.664068676035,90.2003396241187,-1,1000,50
0.413,100.5,101.503759398497,92.2339051835455,110.730431021327,92.237777348492,-1,1000,50
0.2385,100.5,104.084184205043,94.3574259294206,113.531661712028,94.1847027983763,-1,1000,50
0.0115,100.5,110.901420959148,99.9200639488409,119.98783321459,101.690142803143,-1,1000,50
0.9095,100.5,93.9793038570088,85.9845227858985,103.730366293743,84.5931759492619,-1,1000,50
0.1325,100.5,106.005942275043,95.9324635456639,115.768223484045,96.6269605776135,-1,1000,50
0.015,100.5,110.803016858918,99.8402555910543,119.665655249939,101.528135164219,-1,1000,50
0.2925,100.5,103.351955307263,93.7558597412338,113.231559425719,92.9838880219378,-1,1000,50
0.1055,100.5,106.594110115237,96.4134207481681,116.644800756726,96.8576623966598,-1,1000,50
0.346,100.5,102.461538461539,93.0232558139535,112.557127784863,93.3576439946322,-1,1000,50
0.8775,100.5,94.6201932184129,86.5201591970929,104.423703197719,84.8498245078091,-1,1000,50
0.107,100.5,107.188841201717,96.8992248062015,117.717782482862,96.6682102712753,-1,1000,50
0.039,100.5,108.965968586388,98.3477576711251,118.286215437077,99.8464786505468,-1,1000,50
0.8555,100.5,95.0523311132258,86.8809730668983,104.936158637904,85.5458660992423,-1,1000,50
0.1635,100.5,105.357519510652,95.4016409082236,114.50571307565,96.0323006883652,-1,1000,50
0.646,100.5,98.8913086517524,90.0738605656638,107.853298494545,89.9559766465938,-1,1000,50
0.602,100.5,99.1661703394881,90.3016073686112,108.968229018937,89.277318386272,-1,1000,50
0.0455,100.5,108.610567514677,98.0584428319278,118.132550099394,98.7573688570829,-1,1000,50
