"p","truediv","chaoest","obsD","upper","lower","l","inds","reps"
0.7055,200,200,200,201.9759494375,198.9761494375,1,10000,50
0.398,200,200,200,202.09540451,198.09560451,1,10000,50
0.7215,200,200,200,201.9093654125,198.9095654125,1,10000,50
0.465,200,200.49995,200,205.03559835125,197.53604835125,1,10000,50
0.17,200,200,200,201.02447799375,199.02457799375,1,10000,50
0.1,200,200,200,201.00630544375,199.00640544375,1,10000,50
0.4965,200,200.49995,200,206.43472135875,197.43532135875,1,10000,50
0.6735,200,200,200,201.92647636875,198.92667636875,1,10000,50
0.9665,200,199,199,200.990572825,197.990772825,1,10000,50
0.521,200,200.249975,200,207.17834131375,197.17914131375,1,10000,50
0.3825,200,200,200,203.00012736875,198.00052736875,1,10000,50
0.992,200,199,199,199.48162245,197.98167245,1,10000,50
0.6375,200,200,200,202.0583261825,198.8085511825,1,10000,50
0.765,200,200,200,201.9452776375,198.9454776375,1,10000,50
0.852,200,200,200,200.95983947375,198.95993947375,1,10000,50
0.995,200,199,199,199.4917461875,197.9917961875,1,10000,50
0.711,200,200,200,201.97026210625,198.97046210625,1,10000,50
0.739,200,200,200,201.91412608625,198.91432608625,1,10000,50
0.5135,200,200.249975,200,206.16032721875,197.16092721875,1,10000,50
0.822,200,200,200,200.9727046875,198.9728046875,1,10000,50
0.5955,200,200,200,201.854858765,198.355008765,1,10000,50
0.973,200,199,199,200.93515135,197.93535135,1,10000,50
0.9415,200,199,199,200.94888986125,196.94908986125,1,10000,50
0.4045,200,200,200,202.1911577,199.1913577,1,10000,50
0.6875,200,200,200,201.9462862875,198.9464862875,1,10000,50
0.8155,200,200,200,200.9515392375,198.9516392375,1,10000,50
0.776,200,200,200,200.9284918925,198.9285918925,1,10000,50
0.689,200,200,200,201.903408675,198.903608675,1,10000,50
0.1565,200,200,200,201.0239141,199.0240141,1,10000,50
0.7405,200,200,200,201.97021834375,198.97041834375,1,10000,50
0.629,200,200,200,201.90323124375,198.90343124375,1,10000,50
0.9395,200,199,199,200.85102008125,197.85122008125,1,10000,50
0.6785,200,200,200,201.94005371125,198.94025371125,1,10000,50
0.6055,200,200,200,203.3030855025,197.8035355025,1,10000,50
0.39,200,200,200,202.1517034625,198.1519034625,1,10000,50
0.5995,200,200,200,202.80590311875,197.80620311875,1,10000,50
0.782,200,200,200,201.96188074375,198.96208074375,1,10000,50
0.5985,200,200,200,204.31775688625,197.81820688625,1,10000,50
0.8965,200,200,200,200.4847902,198.9848402,1,10000,50
0.144,200,200,200,201.0454518625,199.0455518625,1,10000,50
0.4845,200,200.49995,200,205.60238877375,197.60298877375,1,10000,50
0.577,200,200,200,202.85747211125,197.85777211125,1,10000,50
0.409,200,200,200,202.1537888875,198.1539888875,1,10000,50
0.7005,200,200,200,201.95232825,198.95252825,1,10000,50
0.6775,200,200,200,201.91555714375,198.91575714375,1,10000,50
0.193,200,200,200,202.0106532,199.0108532,1,10000,50
0.9615,200,199,199,200.0050367875,198.0051367875,1,10000,50
0.514,200,200.49995,200,205.48445565125,197.48505565125,1,10000,50
0.614,200,200,200,202.1689247225,197.9191497225,1,10000,50
0.662,200,200,200,201.9353573475,198.9355573475,1,10000,50
