"p","truediv","chaoest","obsD","upper","lower","l","inds","reps"
0.9975,100,56.371625,53,76.4053458842095,47.2618458842095,1,1000,50
0.9975,100,59.995,55,76.5685939542836,51.0712814542836,1,1000,50
0.992,100,60.5549375,53,83.0741798605301,49.7640173605301,1,1000,50
0.9185,100,80.1197142857143,57,122.840213601097,59.5129828318661,1,1000,50
0.786,100,90.7712,62,136.725601181584,66.3920011815837,1,1000,50
0.989,100,66.1585,58,89.6089039140931,53.7318039140931,1,1000,50
0.991,100,59.992,52,83.6821923827048,48.8321209541334,1,1000,50
0.9935,100,58.5389090909091,52,82.0643942398205,47.2162692398205,1,1000,50
0.992,100,63.6342142857143,55,86.3169025451225,52.7423400451225,1,1000,50
0.983,100,70.23775,58,94.4465828408179,57.4036578408179,1,1000,50
0.9915,100,63.3795,54,86.7556098801979,51.0166553347434,1,1000,50
0.5235,100,107.95,58,199.540414349026,72.0968007126623,1,1000,50
0.987,100,64.878,54,93.4636451805962,51.5730023234534,1,1000,50
0.9955,100,62.5549375,55,82.5922092439418,51.9032592439418,1,1000,50
0.9785,100,63.23775,51,97.9672579208666,47.5682579208666,1,1000,50
0.9755,100,64.3856,50,99.1959176720155,49.1368551720155,1,1000,50
0.632,100,100.079875,55,181.605290488206,66.5447904882055,1,1000,50
0.9665,100,72.0553571428571,56,103.755311398483,55.8336113984829,1,1000,50
0.9515,100,73.2674285714286,55,109.275064260683,55.2781142606831,1,1000,50
0.641,100,101.1185,53,211.794399784416,64.0206497844156,1,1000,50
0.9895,100,59.991,51,87.1264824536713,47.9117324536713,1,1000,50
0.9945,100,58.74325,52,80.4018203367695,48.9243203367695,1,1000,50
0.9745,100,69.8831,53,100.231781040519,54.6652185405189,1,1000,50
0.934,100,74.312,53,116.244017397815,54.1949548978147,1,1000,50
0.9615,100,76.3926818181818,60,106.096228718087,60.2028287180865,1,1000,50
0.9925,100,58.7155,52,79.8510233102313,47.8542375959456,1,1000,50
0.9775,100,66.986,53,98.950838849282,51.996838849282,1,1000,50
0.991,100,64.878,54,89.3210685972777,52.3510685972777,1,1000,50
0.979,100,67.23775,55,97.8284128625749,52.8674128625749,1,1000,50
0.9945,100,59.6342142857143,51,82.9985123943432,48.3625123943432,1,1000,50
0.7345,100,93.624,51,171.86983362982,61.8219836298202,1,1000,50
0.71,100,94.624,52,169.126438249963,64.5366882499625,1,1000,50
0.904,100,80.5399375,58,121.993981845531,60.4465818455308,1,1000,50
0.9755,100,66.3856,52,99.1826399025377,51.9978649025377,1,1000,50
0.989,100,66.6451923076923,58,90.8175343609231,54.3959843609231,1,1000,50
0.908,100,78.4755,54,128.303956929607,57.3243319296068,1,1000,50
0.886,100,81.5744,56,126.041423230145,60.9993875158591,1,1000,50
0.8305,100,86.05325,56,135.473400363902,62.4739234408255,1,1000,50
0.9745,100,71.1232272727273,58,100.248810123325,55.8352601233248,1,1000,50
0.8425,100,86.968,55,140.513122382702,63.6590473827017,1,1000,50
0.967,100,71.1838,55,104.980316855385,53.9985043553852,1,1000,50
0.588,100,102.95,53,184.260229349697,67.4405864925543,1,1000,50
0.9405,100,77.0355,57,113.102599818144,58.4737069610015,1,1000,50
0.991,100,67.3795,58,90.7643652362224,55.9419902362224,1,1000,50
0.977,100,68.06925,54,99.1006655418425,53.7016655418425,1,1000,50
0.9935,100,63.1928,56,82.9034828669103,52.2029917954817,1,1000,50
0.853,100,85.973,59,125.964093725044,64.2400937250443,1,1000,50
0.9825,100,66.23775,54,93.4236951868257,52.2472451868257,1,1000,50
0.9685,100,75.984,60,102.82329174886,61.4202560345741,1,1000,50
0.375,100,117.5424,60,223.097461138982,75.3028182818395,1,1000,50
