"p","truediv","chaoest","obsD","upper","lower","l","inds","reps"
0.7255,5.95,5.88644893418716,5.8835739558186,6.10099290388316,5.68883366097143,-1,10000,50
0.274,5.95,6.01661039369897,6.01359360807919,6.22396749116703,5.80476991860231,-1,10000,50
0.371,5.95,5.9851264310821,5.98214425653732,6.19268885562627,5.77077138765427,-1,10000,50
0.6775,5.95,5.90144707330365,5.89855592733498,6.09837302814361,5.69616135850033,-1,10000,50
0.535,5.95,5.94036818519644,5.93743487376123,6.1651532003777,5.72030196889934,-1,10000,50
0.5435,5.95,5.93777116059165,5.93484067208035,6.15214662752058,5.72523564257758,-1,10000,50
0.968,5.95,5.75443993686055,5.75170532311125,5.95964969317179,5.55714873537026,-1,10000,50
0.7875,5.95,5.86449411568191,5.86164272302847,6.06933212740269,5.66099270459366,-1,10000,50
0.3285,5.95,5.99658664141131,5.9935918912935,6.21544909007428,5.78443818765382,-1,10000,50
0.2135,5.95,6.03063992091836,6.0276076485519,6.23200242224111,5.83001433209299,-1,10000,50
0.844,5.95,5.84177261780819,5.83894553314828,6.05588665389771,5.64072938661084,-1,10000,50
0.636,5.95,5.91754566789969,5.91463711808597,6.12417379846512,5.70929835265334,-1,10000,50
0.3105,5.95,6.00040038675249,5.99740144590152,6.21072981661473,5.78523443442653,-1,10000,50
0.0575,5.95,6.12574521016836,6.12260691786009,6.34999572043439,5.91543547444243,-1,10000,50
0.0435,5.95,6.13115032741775,6.12800595544131,6.35122324929235,5.91014009023445,-1,10000,50
0.8995,5.95,5.81387844127353,5.81108105749123,6.02587270216967,5.61040051890823,-1,10000,50
0.167,5.95,6.05896887366076,6.05590521006482,6.27036262991417,5.84806339080145,-1,10000,50
0.0015,5.95,6.26226038352165,6.25896675224343,6.48126687930778,6.04178395121934,-1,10000,50
0.1515,5.95,6.06699947891395,6.06392688747608,6.28156019844773,5.85860547686915,-1,10000,50
0.1095,5.95,6.0899655833808,6.08686738882885,6.31923563190778,5.87038994562787,-1,10000,50
0.663,5.95,5.90580341016291,5.90290755975926,6.1225522716478,5.69941114436153,-1,10000,50
0.797,5.95,5.86043135681849,5.85758431816899,6.07603148677824,5.6481300338308,-1,10000,50
0.451,5.95,5.96492986330594,5.96196978712191,6.18728766790632,5.76000049126599,-1,10000,50
0.394,5.95,5.98390575315524,5.98092491654517,6.19879508635102,5.77845100857272,-1,10000,50
0.9435,5.95,5.78211906712601,5.77935531060336,5.99873280842492,5.58404375234429,-1,10000,50
0.4215,5.95,5.97400403094411,5.97103403620763,6.18499723980551,5.7650644101652,-1,10000,50
0.7785,5.95,5.86694411481959,5.86409009494196,6.06942182370812,5.65111777381045,-1,10000,50
0.666,5.95,5.90572806599956,5.90283229699274,6.11455407059346,5.69714267996891,-1,10000,50
0.21,5.95,6.04122022619141,6.03817624856805,6.26438383194101,5.82278686648135,-1,10000,50
0.087,5.95,6.10424281199309,6.10112864778855,6.32750017153165,5.88430582124877,-1,10000,50
0.461,5.95,5.95804236806295,5.95508980930492,6.17133804152977,5.7616216194653,-1,10000,50
0.7035,5.95,5.89674104065714,5.89385497250399,6.11920457207061,5.69559121781735,-1,10000,50
0.936,5.95,5.79399723575513,5.79122092604403,5.99844587366132,5.59462127500209,-1,10000,50
0.6375,5.95,5.91404285602076,5.9111380974269,6.12120067723371,5.71077308060454,-1,10000,50
0.9585,5.95,5.77113809913868,5.76838592255411,5.97882112069831,5.55969377706015,-1,10000,50
0,5.95,6.38874629910834,6.38530542001326,6.61938215612243,6.16295595234881,-1,10000,50
0.631,5.95,5.9133216687312,5.91041769040026,6.11992720804061,5.71392613644503,-1,10000,50
0.894,5.95,5.82096371267456,5.81815879942991,6.02148349768888,5.61237233239469,-1,10000,50
0.869,5.95,5.82976389776882,5.82694961867859,6.05583342753277,5.62647055299387,-1,10000,50
0.3485,5.95,5.9934990405846,5.99050768114876,6.21259290624684,5.77967759732829,-1,10000,50
0.1005,5.95,6.09335465408225,6.09025267240287,6.31599768412499,5.88475712497181,-1,10000,50
0.3005,5.95,6.00897108915079,6.00596271978821,6.23199482360457,5.80647136530839,-1,10000,50
0.0025,5.95,6.2516552912675,6.24837386070275,6.48852184921896,6.03253103780536,-1,10000,50
0.607,5.95,5.92301256538771,5.92009809365737,6.13115176043444,5.70704281820014,-1,10000,50
0.208,5.95,6.04333869834015,6.04029237431209,6.26096637443921,5.83229335055227,-1,10000,50
0.689,5.95,5.89911574030862,5.89622711040414,6.10915965193319,5.6939916940354,-1,10000,50
0.0555,5.95,6.13610706564843,6.13295711321218,6.35775682506485,5.91238899368368,-1,10000,50
0.5395,5.95,5.93966173332386,5.9367291899238,6.14888762802859,5.73352189728295,-1,10000,50
0.3155,5.95,6.00242978645899,5.99942861441876,6.22881361651408,5.79955719625284,-1,10000,50
0.4425,5.95,5.96642903583367,5.96346732210738,6.17476661097415,5.75533924199514,-1,10000,50
