"p","truediv","chaoest","obsD","upper","lower","l","inds","reps"
0.961,100,68.73125,50,110.79456107337,50.5046146447989,1,1000,50
0.9665,100,69.984,54,105.834109584441,53.3796095844406,1,1000,50
0.994,100,53.74325,47,72.3278892318276,43.742434686373,1,1000,50
0.996,100,58.04395,52,81.3231522546744,47.4500522546744,1,1000,50
0.9885,100,64.878,54,89.3329418570283,51.9298793570283,1,1000,50
0.9895,100,62.2754285714286,52,88.3828635419736,50.3078635419737,1,1000,50
0.985,100,65.23875,54,92.7271876166765,51.5511161881051,1,1000,50
0.9665,100,71.984,56,102.718221889215,56.1517218892152,1,1000,50
0.9675,100,69.317,53,104.379531990088,52.5087819900881,1,1000,50
0.9935,100,60.7155,54,79.2196312537338,50.2140883965909,1,1000,50
0.929,100,73.312,52,121.850632515447,52.9287688790834,1,1000,50
0.9695,100,73.0553571428571,57,103.106179350525,58.0962293505251,1,1000,50
0.987,100,66.7872,54,92.8836425268678,52.8656925268678,1,1000,50
0.994,100,59.24375,53,78.6576382488974,48.9363882488974,1,1000,50
0.908,100,80.05925,56,125.523122362692,59.0353915934608,1,1000,50
0.884,100,81.8711,53,134.880768094416,58.4552680944155,1,1000,50
0.936,100,78.1636363636364,60,111.256997222448,60.8569972224479,1,1000,50
0.576,100,104.95,55,195.282170136944,67.1554201369443,1,1000,50
0.6235,100,98.96,59,154.562363349141,71.642363349141,1,1000,50
0.972,100,73.029625,61,101.413779345235,58.0684782088716,1,1000,50
0.955,100,70.5804,51,113.733335510077,51.6228355100774,1,1000,50
0.9935,100,60.1928,53,84.1140744148262,49.2409744148262,1,1000,50
0.98,100,67.984,52,95.2121900842301,52.0004400842301,1,1000,50
0.983,100,65.986,52,95.2561781815528,51.9435281815528,1,1000,50
0.9895,100,66.0593571428571,54,91.1968566729895,52.6599816729895,1,1000,50
0.571,100,102.293,62,163.512111322659,73.3562363226586,1,1000,50
0.995,100,58.1928,51,82.2581195288056,46.8550570288056,1,1000,50
0.9265,100,79.5399375,57,116.478499522062,60.4036245220623,1,1000,50
0.992,100,65.1928,58,86.7033357372451,53.9704630099724,1,1000,50
0.863,100,83.5428571428571,55,136.153789299676,59.695476799676,1,1000,50
0.9685,100,71.984,56,103.624295669352,56.357432032988,1,1000,50
0.9935,100,56.7155,50,80.0406697943993,45.6376072943994,1,1000,50
0.988,100,65.7902,56,90.195908486762,53.329808486762,1,1000,50
0.9135,100,77.1197142857143,54,122.673643041346,55.4908930413461,1,1000,50
0.9985,100,54.0594375,51,71.5567126063312,45.6629626063312,1,1000,50
0.9875,100,63.07325,53,87.2759849280782,50.6399849280782,1,1000,50
0.973,100,71.208,57,101.292147095982,55.8900845959816,1,1000,50
0.9665,100,64.317,48,110.46190210211,46.4230021021104,1,1000,50
0.792,100,90.3,57,157.794325597495,62.8863255974952,1,1000,50
0.9935,100,65.034625,58,86.8385174552381,53.4611424552381,1,1000,50
0.9955,100,53.995,49,76.0011961151817,43.8616961151817,1,1000,50
0.9745,100,65.986,52,100.849421493407,50.4890464934066,1,1000,50
0.993,100,62.6741363636364,55,86.0022828102335,50.9303828102335,1,1000,50
0.7255,100,93.4595,53,170.911745515328,62.2594955153284,1,1000,50
0.871,100,84.7599285714286,59,127.435219131658,63.0323441316577,1,1000,50
0.973,100,72.7125454545454,58,101.107972771312,57.2718477713116,1,1000,50
0.871,100,84.7599285714286,59,133.095692146651,62.7523171466513,1,1000,50
0.9885,100,63.5519375,53,88.3728972960477,50.6576472960477,1,1000,50
0.9435,100,71.103875,50,119.4881680342,51.0446680342002,1,1000,50
0.9885,100,58.325,50,84.418362699307,47.050762699307,1,1000,50
