"p","truediv","chaoest","obsD","upper","lower","l","inds","reps"
0.0605,150.25,157.919696490674,136.500136500137,168.491313441843,148.066252885283,-1,1000,50
0.1275,150.25,156.09375,135.135135135135,165.908338398072,146.268837143581,-1,1000,50
0.1035,150.25,156.681304893351,135.574837310195,166.458323772358,146.649004986887,-1,1000,50
0.764,150.25,146.480938416423,127.877237851662,156.908185350287,136.692848389255,-1,1000,50
0.7595,150.25,146.395076201642,127.811860940695,157.138676222942,135.893238672867,-1,1000,50
0.166,150.25,155.268884053466,134.517083669626,164.88301768228,145.182041873001,-1,1000,50
0.839,150.25,144.698725376594,126.518218623482,155.348054039571,133.977641664776,-1,1000,50
0.3305,150.25,152.519083969466,132.450331125828,162.700686768261,142.250364617981,-1,1000,50
0.68,150.25,147.693672383206,128.799587841319,158.360643235366,136.596411519281,-1,1000,50
0.2525,150.25,153.881700554529,133.475707421249,164.1547657295,143.780625277933,-1,1000,50
0.379,150.25,151.962275631275,132.030631106417,162.48135734024,141.679005042348,-1,1000,50
0.8915,150.25,144.197459584296,126.135216952573,153.874457358333,134.464516794977,-1,1000,50
0.7275,150.25,147.258254716982,128.46865364851,157.477028343967,137.059725368838,-1,1000,50
0.561,150.25,149.506135887459,130.174433741213,159.341215014553,139.061573097353,-1,1000,50
0.3,150.25,152.892561983472,132.731616671091,163.287890384806,142.415680575057,-1,1000,50
0.041,150.25,159.788867562381,137.892995035852,169.990371449182,148.223967335937,-1,1000,50
0.2665,150.25,153.267873580854,133.014099494546,162.844329880503,143.021511004318,-1,1000,50
0.205,150.25,154.643962848298,134.048257372654,165.493896596028,144.012876565507,-1,1000,50
0.585,150.25,149.148999701404,129.90387113536,159.188345887523,138.959030970789,-1,1000,50
0.5125,150.25,149.909963985595,130.480167014614,160.973366699075,138.473464978744,-1,1000,50
0.3,150.25,152.986217457887,132.802124833997,163.688618234889,142.653306492158,-1,1000,50
0.411,150.25,151.363636363637,131.578947368421,160.908970226953,141.228933074088,-1,1000,50
0.6875,150.25,147.345132743363,128.53470437018,158.43915905285,135.769239141633,-1,1000,50
0.6805,150.25,147.693672383206,128.799587841319,157.901364758941,137.426611337985,-1,1000,50
0.6885,150.25,147.606382978724,128.733264675592,158.168802768366,136.830482148686,-1,1000,50
0.8055,150.25,145.967270601988,127.48597654258,155.878874188222,136.346591985027,-1,1000,50
0.283,150.25,153.079987741343,132.872707945788,162.935814113435,143.03863762333,-1,1000,50
0.152,150.25,155.413814561295,134.625740441572,165.092745646598,145.623435550078,-1,1000,50
0.552,150.25,149.685346119269,130.310138128746,159.705459029758,140.005807861677,-1,1000,50
0.8745,150.25,144.07268531872,126.039828585833,154.360115246913,133.727645222626,-1,1000,50
0.302,150.25,152.845777233783,132.696390658174,162.225476313506,143.047753354386,-1,1000,50
0.5585,150.25,149.416691594377,130.106687483737,159.237084033175,139.208323660206,-1,1000,50
0.6735,150.25,147.519196692263,128.667009778693,158.594679530325,136.150223754415,-1,1000,50
0.2995,150.25,153.314917127072,133.049494411921,164.434576882054,142.270609115975,-1,1000,50
0.467,150.25,150.587880615014,130.992926381975,160.811238910353,140.111055926693,-1,1000,50
0.2115,150.25,154.691855063488,134.084204880665,164.949661202732,144.00528501051,-1,1000,50
0.9405,150.25,142.38882554162,124.750499001996,152.59261329478,132.658065319883,-1,1000,50
0.115,150.25,156.240225211136,135.244793075467,165.806864168377,146.052394365295,-1,1000,50
0.597,150.25,149.148999701404,129.90387113536,159.413611791544,139.19262700581,-1,1000,50
0.843,150.25,144.07268531872,126.039828585833,155.494463041441,131.8079220846,-1,1000,50
0.797,150.25,145.541958041959,127.161749745677,156.870401566133,134.071822921499,-1,1000,50
0.2875,150.25,153.220858895706,132.978723404255,163.761485319194,142.36630426712,-1,1000,50
0.8925,150.25,143.164230438522,125.344697919278,153.939019725044,132.009604691635,-1,1000,50
0.3305,150.25,152.565668906537,132.485426603074,162.424267862668,142.44884662589,-1,1000,50
0.9595,150.25,140.269587194609,123.122383649347,151.528107913706,128.277165307925,-1,1000,50
0.1095,150.25,156.386975579212,135.354629128316,166.180936481019,146.925402835195,-1,1000,50
0.101,150.25,156.435953648607,135.391280801516,166.23713666643,146.533768996697,-1,1000,50
0.987,150.25,138.78855237566,121.980970968529,148.993058825143,128.813832764185,-1,1000,50
0.587,150.25,149.015513126492,129.802699896158,159.601520669177,138.868446636611,-1,1000,50
0.258,150.25,154.166666666667,133.689839572193,165.713095783398,142.026240407724,-1,1000,50
