"p","truediv","chaoest","obsD","upper","lower","l","inds","reps"
0.638,100,100,100,104.12831085,97.62876085,1,10000,50
0.951,100,99,99,100.97414381875,97.97434381875,1,10000,50
0.999,100,98,98,98.536702025,97.036752025,1,10000,50
0.427,100,101.49985,100,112.74381071125,96.24506071125,1,10000,50
0.8875,100,98.49995,98,101.991634475,95.991934475,1,10000,50
0.995,100,98,98,98.5076646125,97.0077146125,1,10000,50
0.866,100,99,99,101.10952423125,97.10972423125,1,10000,50
0.0415,100,102.9997,100,109.46120438625,99.46180438625,1,10000,50
0.9745,100,98,98,100.2393599125,97.2395599125,1,10000,50
0.8965,100,99,99,101.85758605,96.85788605,1,10000,50
0.523,100,100.249975,100,106.2395798225,97.2403798225,1,10000,50
0.349,100,100.9999,100,105.2750833625,98.7755333625,1,10000,50
0.8595,100,99,99,101.1250056,97.1252056,1,10000,50
0.9215,100,99,99,100.8713323675,97.8715323675,1,10000,50
0.7045,100,99.49995,99,104.342531805,96.842981805,1,10000,50
0.823,100,98.9999,98,103.85641723,96.85701723,1,10000,50
0.2195,100,101.9998,100,109.51641937625,98.51721937625,1,10000,50
0.742,100,99.49995,99,103.47275868125,96.97320868125,1,10000,50
0.182,100,101.9997,99,107.587540905,98.587940905,1,10000,50
0.8105,100,98.49995,98,102.00425083,96.00455083,1,10000,50
0.7035,100,99.49995,99,104.6299486175,96.6305486175,1,10000,50
0.64,100,99.9999,99,103.5119261875,98.5122261875,1,10000,50
0.701,100,99.49995,99,104.587410205,96.588010205,1,10000,50
0.946,100,99,99,100.29941195,98.29951195,1,10000,50
0.3595,100,102.249775,100,113.152632755,96.653882755,1,10000,50
0.7245,100,99.49995,99,104.2412159375,96.7416659375,1,10000,50
0.7145,100,99.49995,99,104.19483477625,96.69528477625,1,10000,50
0.6885,100,99.249975,99,104.26004334625,96.26064334625,1,10000,50
0.3555,100,100.9999,100,105.85656164875,98.85716164875,1,10000,50
0.6865,100,99.49995,99,105.4372351575,96.4378351575,1,10000,50
0.3415,100,102.49955,98,114.216541725,96.717791725,1,10000,50
0.9075,100,99,99,101.81918490625,97.31943490625,1,10000,50
0.0115,100,105.9994,100,117.0296146525,100.5308646525,1,10000,50
0.374,100,100.9999,100,106.35756501375,98.85801501375,1,10000,50
0.9015,100,99,99,101.185575475,97.185775475,1,10000,50
0.935,100,99,99,100.970452705,96.970652705,1,10000,50
0.994,100,98,98,99.99142520625,96.99162520625,1,10000,50
0.619,100,100,100,101.89690514375,97.89710514375,1,10000,50
0.9665,100,98,98,100.05315735,97.05335735,1,10000,50
0.587,100,100,100,102.90910638125,97.90940638125,1,10000,50
0.881,100,98.49995,98,102.49221456875,95.99266456875,1,10000,50
0.9895,100,98,98,99.983075625,96.983275625,1,10000,50
0.409,100,100.9999,100,108.389044235,98.389844235,1,10000,50
0.508,100,101.249775,99,112.2393983775,95.7406483775,1,10000,50
0.4135,100,100.9999,100,105.49950191875,98.99995191875,1,10000,50
0.235,100,101.9998,100,109.51614420375,98.51694420375,1,10000,50
0.817,100,99,99,102.01951447375,97.01981447375,1,10000,50
0.717,100,99.249975,99,104.00510586875,96.50555586875,1,10000,50
0.961,100,98,98,100.835004125,95.835304125,1,10000,50
0.933,100,98,98,100.12883605,96.12903605,1,10000,50
