"p","truediv","chaoest","obsD","upper","lower","l","inds","reps"
0.8765,200,200,200,200.64575336875,198.97915336875,1,10000,50
0.1295,200,200.9999,200,204.2287964625,199.2289964625,1,10000,50
0.6955,200,200,200,201.944244075,198.944444075,1,10000,50
0.6345,200,200,200,201.86517055,198.86537055,1,10000,50
0.46,200,200.49995,200,204.47113464375,197.97158464375,1,10000,50
0.5945,200,200,200,203.42988074,197.93033074,1,10000,50
0.6245,200,200,200,201.85923509375,198.85943509375,1,10000,50
0.4245,200,200.49995,200,204.84431219875,197.84471219875,1,10000,50
0.698,200,200,200,201.95747261875,198.95767261875,1,10000,50
0.6295,200,200,200,201.80776389125,198.80796389125,1,10000,50
0.694,200,200,200,201.87006151,198.87026151,1,10000,50
0.4635,200,200.49995,200,203.97965610625,197.97995610625,1,10000,50
0.6,200,200,200,202.8231273625,197.8234273625,1,10000,50
0.4985,200,200.49995,200,205.22785622375,197.72830622375,1,10000,50
0.7445,200,200,200,201.9231440675,198.9233440675,1,10000,50
0.891,200,199,199,201.88026714875,196.88056714875,1,10000,50
0.6745,200,200,200,201.9901649,198.9902649,1,10000,50
0.6015,200,200,200,202.9724973425,197.9727973425,1,10000,50
0.5965,200,200,200,203.2794306675,197.7798806675,1,10000,50
0.468,200,200.49995,200,205.17614772875,197.67659772875,1,10000,50
0.7925,200,200,200,200.959731685,198.959831685,1,10000,50
0.1625,200,200,200,201.03493428125,199.03503428125,1,10000,50
0.4895,200,200.49995,200,205.22470623875,197.72515623875,1,10000,50
0.6505,200,200,200,201.8599625375,198.8601625375,1,10000,50
0.7515,200,200,200,201.9041951625,198.9043951625,1,10000,50
0.639,200,200,200,201.89980508625,198.90000508625,1,10000,50
0.6255,200,200,200,202.913326675,197.913626675,1,10000,50
0.9055,200,200,200,200.482539225,198.982589225,1,10000,50
0.166,200,200,200,201.0486209125,199.0487209125,1,10000,50
0.685,200,200,200,201.9148711125,198.9150711125,1,10000,50
0.856,200,200,200,200.472708925,198.972758925,1,10000,50
0.654,200,200,200,201.91668084875,198.91688084875,1,10000,50
0.169,200,200,200,201.0772011875,199.0773011875,1,10000,50
0.469,200,200.49995,200,205.55762603375,197.55822603375,1,10000,50
0.6115,200,200,200,201.86970498,198.86990498,1,10000,50
0.461,200,200.49995,200,203.942637775,197.942937775,1,10000,50
0.454,200,200.49995,200,205.34910758125,197.84955758125,1,10000,50
0.503,200,200.49995,200,206.464352973929,197.464952973929,1,10000,50
0.6505,200,200,200,201.8941243875,198.8943243875,1,10000,50
0.925,200,199,199,200.862422425,197.862622425,1,10000,50
0.67,200,200,200,201.91222704375,198.91242704375,1,10000,50
0.8965,200,200,200,200.47147738125,198.97152738125,1,10000,50
0.404,200,200,200,202.06077925625,198.06097925625,1,10000,50
0.126,200,200.9999,200,205.19179458625,199.19209458625,1,10000,50
0.1625,200,200,200,201.0030752675,199.0031752675,1,10000,50
0.6155,200,200,200,201.89483875,198.89503875,1,10000,50
0.643,200,200,200,202.10562401875,198.85584901875,1,10000,50
0.47,200,200.49995,200,205.086131716786,197.586581716786,1,10000,50
0.179,200,200,200,201.043831125,199.043931125,1,10000,50
0.6525,200,200,200,201.83320163,198.83340163,1,10000,50
