"p","truediv","chaoest","obsD","upper","lower","l","inds","reps"
0.7345,100,98.6422142857143,98,108.748414783329,93.5820219261863,1,1000,50
0.7215,100,98.998,97,112.137738725325,93.6532387253247,1,1000,50
0.5375,100,100.5984,99,110.807169229814,94.9690192298139,1,1000,50
0.8275,100,97.8991,97,108.992001433442,92.8791264334416,1,1000,50
0.405,100,102.121875,99,117.655140268001,94.8749402680008,1,1000,50
0.841,100,98.1665,98,105.765982368588,94.1079823685877,1,1000,50
0.6455,100,99.5619375,99,110.026854879371,94.2043548793706,1,1000,50
0.7055,100,99.24975,99,109.757949823052,94.173549823052,1,1000,50
0.857,100,98,98,106.264798685621,93.7732986856206,1,1000,50
0.363,100,101.996,98,114.916138517776,95.8159670892045,1,1000,50
0.749,100,99.124875,99,107.773966698177,95.0693952696054,1,1000,50
0.734,100,99.0999,99,107.857983438961,94.720133438961,1,1000,50
0.54,100,100.997,98,117.42196378592,94.0019012859203,1,1000,50
0.1975,100,104.4955,100,121.407450462263,97.0102004622627,1,1000,50
0.541,100,100.642214285714,100,112.352300145848,95.4515501458479,1,1000,50
0.834,100,97.3996,97,106.739476460877,93.0834764608766,1,1000,50
0.7485,100,98.74925,98,110.449510601168,93.5923856011676,1,1000,50
0.898,100,96.999,96,104.839237681656,93.0147376816558,1,1000,50
0.181,100,103.996,100,117.228583181868,97.3684581818681,1,1000,50
0.3395,100,102.4975,100,116.415809882443,95.9075241681568,1,1000,50
0.664,100,99.4995,99,110.789563903447,93.8640014034466,1,1000,50
0.53,100,100.333,100,108.27450889754,95.7284910403971,1,1000,50
0.683,100,99.3996,99,108.602642144493,94.781142144493,1,1000,50
0.545,100,100.5984,99,111.292590547128,95.1380905471279,1,1000,50
0.735,100,99.0999,99,108.206476657967,94.781414157967,1,1000,50
0.7385,100,99.124875,99,108.372735118319,94.7880922611763,1,1000,50
0.2705,100,103.4955,99,118.380569351052,96.0332693510515,1,1000,50
0.858,100,98,98,105.351793503084,94.4321506459415,1,1000,50
0.6785,100,99.4985,98,110.819397658192,94.4042548010489,1,1000,50
0.6545,100,99.5984,98,112.521053394075,93.7610533940747,1,1000,50
0.868,100,98,98,104.456687595536,94.5645875955357,1,1000,50
0.618,100,99.999,99,107.977723225406,96.1125982254058,1,1000,50
0.6425,100,99.664,97,111.393577929446,93.9060779294455,1,1000,50
0.523,100,100.4985,99,109.253362130563,95.5963621305632,1,1000,50
0.832,100,98.124875,98,106.238820651218,93.8751956512175,1,1000,50
0.895,100,96.0624375,96,106.061415982193,91.1546659821928,1,1000,50
0.254,100,104.24375,98,124.52676712028,96.0502671202797,1,1000,50
0.4285,100,101.123875,100,111.390999062787,95.7954633485015,1,1000,50
0.717,100,98.999,98,110.773386708086,92.9132617080857,1,1000,50
0.68,100,99.6422142857143,99,110.619605642695,94.2809556426948,1,1000,50
0.7785,100,98.666,98,107.569412013961,94.230762013961,1,1000,50
0.857,100,97.4995,97,106.875218478896,93.2192184788961,1,1000,50
0.1475,100,103.996,100,117.12531704016,97.9708170401598,1,1000,50
0.221,100,103.4955,99,117.595103188636,97.0107031886364,1,1000,50
0.7825,100,98.4995,98,107.199560687188,93.9578106871878,1,1000,50
0.696,100,99.4985,98,110.888568186364,94.5675681863636,1,1000,50
0.399,100,101.5984,100,112.790569204795,95.9482834905095,1,1000,50
0.436,100,101.24775,99,111.20769275901,95.8846927590097,1,1000,50
0.551,100,100.4985,99,110.975415739211,95.3194157392108,1,1000,50
0.462,100,101.4955,97,116.314191166315,95.2312911663149,1,1000,50
