"p","truediv","chaoest","obsD","upper","lower","l","inds","reps"
0.869,150.25,148.401114900665,146.245440798383,151.763586527048,145.087062410801,-1,10000,50
0.855,150.25,148.440770662795,146.283948847429,151.869428320831,145.058865819701,-1,10000,50
0.965,150.25,147.083916824552,144.966193883586,150.538608894182,143.729802971511,-1,10000,50
0.2905,150.25,151.111232012187,148.876429585915,154.230435929007,147.866375692874,-1,10000,50
0.293,150.25,151.11168875133,148.876872871061,154.268641136522,147.831494870373,-1,10000,50
0.1085,150.25,152.286351341472,150.016801881811,155.379347866188,149.147855677959,-1,10000,50
0.5275,150.25,150.163544454356,147.956571787049,153.384762600291,146.776416830892,-1,10000,50
0.6915,150.25,149.407837523646,147.222933799736,152.625626435318,146.022989979226,-1,10000,50
0.819,150.25,148.708781239403,146.544194798267,152.250933298932,145.296137939074,-1,10000,50
0.5305,150.25,150.125216952634,147.9193661951,153.39807531054,146.839217662001,-1,10000,50
0.972,150.25,146.826037796802,144.715705995572,150.319594688507,143.295305242409,-1,10000,50
0.1025,150.25,152.342035980693,150.070833433381,155.430021005134,149.214155000026,-1,10000,50
0.0345,150.25,153.257350957648,150.958890874837,156.483626962492,150.070042414354,-1,10000,50
0.451,150.25,150.448682840514,148.233354876581,153.820988988589,146.961826518631,-1,10000,50
0.1815,150.25,151.782868072316,149.528238407823,155.077508579022,148.455169793615,-1,10000,50
0.6065,150.25,149.752434469269,147.55748101673,152.952983009071,146.330186859369,-1,10000,50
0.834,150.25,148.668540077613,146.505120353956,151.915830216587,145.468097067497,-1,10000,50
0.309,150.25,151.050053930262,148.817053243765,154.164903440741,147.852212350371,-1,10000,50
0.618,150.25,149.772173741114,147.576643930025,153.038729827938,146.668653415518,-1,10000,50
0.646,150.25,149.570540033567,147.380894130409,152.779146095207,146.134792601838,-1,10000,50
0.678,150.25,149.469032898435,147.282346148861,152.628319606693,146.160746909786,-1,10000,50
0.3975,150.25,150.647245290296,148.426089744351,153.809172707908,147.393141568732,-1,10000,50
0.185,150.25,151.710555862379,149.458065056107,154.900240411085,148.385801953047,-1,10000,50
0.1535,150.25,151.99236313999,149.731531364264,155.191916840997,148.764478998955,-1,10000,50
0.662,150.25,149.5785949575,147.38871415138,152.85831245231,146.34229532969,-1,10000,50
0.4785,150.25,150.328349951289,148.116549950825,153.544135471806,147.02374575496,-1,10000,50
0.1665,150.25,151.777338591426,149.522872513808,154.971359050856,148.662628516797,-1,10000,50
0.835,150.25,148.60932349243,146.447620079726,151.87782222077,145.231295037295,-1,10000,50
0.621,150.25,149.712971530729,147.519170116157,152.995044867391,146.474293335026,-1,10000,50
0.216,150.25,151.601986791114,149.352705374905,154.920154132043,148.262430439176,-1,10000,50
0.355,150.25,150.825399123918,148.599008547415,153.976581438784,147.684361858464,-1,10000,50
0.5175,150.25,150.12747096995,147.921554241355,153.42889499314,146.795423838271,-1,10000,50
0.37,150.25,150.772636251779,148.547796739079,154.006349742258,147.335215618395,-1,10000,50
0.8435,150.25,148.615949869799,146.454054434043,151.869678058146,145.287952261682,-1,10000,50
0.4455,150.25,150.506202980923,148.289187642172,153.895056453644,146.938773774458,-1,10000,50
0.139,150.25,152.097790406537,149.833834277786,155.515117184394,148.722013958142,-1,10000,50
0.118,150.25,152.214485570146,149.947068684754,155.448821782744,148.823203616699,-1,10000,50
0.1795,150.25,151.688921656973,149.437070555218,154.820981034141,148.557356629459,-1,10000,50
0.63,150.25,149.67532175928,147.48261917333,152.929472451885,146.229090412013,-1,10000,50
0.6425,150.25,149.577699923109,147.38784521918,152.738847422532,146.119023656747,-1,10000,50
0.589,150.25,149.884876902229,147.686054891953,153.086506456889,146.566274241889,-1,10000,50
0.773,150.25,148.985752557596,146.813127442603,152.176104687569,145.677635190578,-1,10000,50
0.001,150.25,154.779448187042,152.43530645594,157.959825000957,151.777603356052,-1,10000,50
0.508,150.25,150.202794051374,147.994672191801,153.365583309777,146.895785270855,-1,10000,50
0.7605,150.25,149.106612943152,146.930475437632,152.442130461479,145.863790220137,-1,10000,50
0.22,150.25,151.503213704533,149.256850143137,154.736632122013,148.194969907945,-1,10000,50
0.103,150.25,152.380575019888,150.108228032411,155.686396395198,149.094783385782,-1,10000,50
0.7825,150.25,148.882820479987,146.713184527041,151.963814174426,145.651571798786,-1,10000,50
0.632,150.25,149.688317754211,147.49523590388,153.010992784484,146.388266820259,-1,10000,50
0.743,150.25,149.158216008664,146.980577986425,152.348341423399,145.83507159407,-1,10000,50
