"p","truediv","chaoest","obsD","upper","lower","l","inds","reps"
0.7755,200,195.736,191,209.973790587184,185.188175202569,1,1000,50
0.9495,200,189.997,187,202.382213799364,180.065213799364,1,1000,50
0.208,200,206.111568965517,197,222.875744772583,193.5713137381,1,1000,50
0.4745,200,201.336482758621,193,219.059067014265,188.212612468811,1,1000,50
0.1835,200,207.609375,192,225.462539320655,193.870095027176,1,1000,50
0.611,200,198.874071428571,192,213.409925237935,188.062909612935,1,1000,50
0.447,200,201.5133125,194,216.819053716808,189.735998592584,1,1000,50
0.7675,200,196.02421875,189,210.032321048984,185.554446048984,1,1000,50
0.525,200,200.2624,196,215.324292229693,189.180500801122,1,1000,50
0.479,200,201.0586,193,217.454124516908,188.249046676796,1,1000,50
0.432,200,202.0098125,191,220.139085806178,188.972263601209,1,1000,50
0.6715,200,197.736,193,212.564629013046,186.381570189517,1,1000,50
0.4865,200,200.992,193,216.933731478666,188.97257076438,1,1000,50
0.3935,200,202.155553571429,197,216.864866124192,191.059325071561,1,1000,50
0.566,200,199.436982142857,190,215.84550540862,186.231495996856,1,1000,50
0.6195,200,198.4885,187,215.5227020537,185.619747508246,1,1000,50
0.815,200,194.47352,188,210.824864164948,182.457169968519,1,1000,50
0.7175,200,197.01975,189,212.227636275206,185.733445650206,1,1000,50
0.5325,200,200.135714285714,193,216.206718946694,187.888431616377,1,1000,50
0.804,200,194.646,192,209.653972614801,183.444512088486,1,1000,50
0.8685,200,192.879470588235,190,206.977088391879,181.836999641879,1,1000,50
0.849,200,194.37662,191,207.602321405007,184.606969132279,1,1000,50
0.0335,200,212.924235294118,196,230.840051391674,199.323491241298,1,1000,50
0.441,200,201.577369565217,192,217.786037430564,189.492071027402,1,1000,50
0.8215,200,194.21278,187,210.240439733161,182.450725447447,1,1000,50
0.3735,200,203.0098125,192,221.051553663216,189.242053663216,1,1000,50
0.619,200,198.935365384615,192,215.109137735963,187.669262735963,1,1000,50
0.6165,200,198.81185,194,214.115970224804,187.404220224804,1,1000,50
0.7855,200,195.036434782609,188,210.335417456346,183.036998201688,1,1000,50
0.1005,200,209.51471875,193,226.566020317365,195.578161621713,1,1000,50
0.633,200,198.664,196,212.145627027131,188.541841312845,1,1000,50
0.716,200,196.580620689655,191,211.440225483608,185.236450483608,1,1000,50
0.6235,200,198.812363636364,193,213.832697432234,187.940407659507,1,1000,50
0.759,200,195.779928571429,190,211.359225663656,184.243025663656,1,1000,50
0.4375,200,201.76746875,188,219.261439943479,188.735524168078,1,1000,50
0.7905,200,195.158129032258,192,210.314744714029,184.243979496638,1,1000,50
0.4025,200,202.5625,191,221.81237928519,188.362168758874,1,1000,50
0.8675,200,193.37662,190,207.08136377222,182.760390557935,1,1000,50
0.4775,200,201.081818181818,192,217.135669065812,188.868010583669,1,1000,50
0.4685,200,201.01775,191,215.732326949189,189.199088612475,1,1000,50
0.748,200,196.47352,190,212.17819535007,185.335016778641,1,1000,50
0.2735,200,205.065846153846,194,222.615125235308,191.556388871672,1,1000,50
0.656,200,197.81185,193,212.850651777409,186.336828299148,1,1000,50
0.563,200,199.580620689655,194,214.999747825262,188.330282599698,1,1000,50
0.5405,200,199.994,194,215.54303243393,188.649850615748,1,1000,50
0.862,200,193.4965,190,207.183977924647,182.502856956905,1,1000,50
0.443,200,201.686956521739,193,217.248337875402,190.288150375402,1,1000,50
0.8275,200,194.322596153846,190,208.571781614134,183.158638756991,1,1000,50
0.363,200,203.257359375,195,221.189602853773,189.639236005947,1,1000,50
0.3295,200,203.439982142857,197,219.512504591315,191.343780453384,1,1000,50
