"p","truediv","chaoest","obsD","upper","lower","l","inds","reps"
0.494,170.15,170.144194609973,167.314172514297,172.981108247432,167.170018197415,-1,10000,50
0.0995,170.15,171.931151881975,169.041702588028,174.655316149877,169.242762973132,-1,10000,50
0.0935,170.15,172.039421614442,169.146352189769,174.855599862931,169.15316743923,-1,10000,50
0.203,170.15,171.321362483723,168.452260629338,174.179348969399,168.473018918144,-1,10000,50
0.297,170.15,170.864077703084,168.010188137809,173.477750084326,168.071118107003,-1,10000,50
0.505,170.15,170.102514026355,167.273870817735,172.833602216389,167.386320819822,-1,10000,50
0.7545,170.15,169.135159273593,166.338425507,171.925978764964,166.300667493353,-1,10000,50
0.53,170.15,169.996667732086,167.171524671174,172.643977235309,167.186025119465,-1,10000,50
0.6725,170.15,169.476299758981,166.66833335,172.538020896315,166.480950754119,-1,10000,50
0.2225,170.15,171.235105337247,168.368876003058,173.854190477083,168.480674885454,-1,10000,50
0.66,170.15,169.506753824455,166.697783586269,172.127321451906,166.714250428077,-1,10000,50
0.148,170.15,171.656062983475,168.77580160067,174.445814938981,168.793907020522,-1,10000,50
0.114,170.15,171.904549049273,169.015988912551,174.6668420641,168.960485156179,-1,10000,50
0.3225,170.15,170.896200939339,168.041244042938,173.77405477913,167.978579993648,-1,10000,50
0.9795,170.15,167.049805868712,164.321254625643,170.076191323114,164.0516993422,-1,10000,50
0.728,170.15,169.257123898449,166.456376777338,171.974059164976,166.379257506844,-1,10000,50
0.409,170.15,170.4400178639,167.600199779438,173.200641680626,167.613386666947,-1,10000,50
0.241,170.15,171.170615967707,168.306533323011,173.963221363118,168.445874624307,-1,10000,50
0.056,170.15,172.582226395294,169.670974047128,175.431222135421,169.680586851107,-1,10000,50
0.3885,170.15,170.55921725959,167.715447263555,173.360829649491,167.85159844128,-1,10000,50
0.8305,170.15,168.707671230103,165.924981997139,171.568936039543,165.691972203118,-1,10000,50
0.634,170.15,169.670128283445,166.855769872522,172.525252374711,166.833135839125,-1,10000,50
0.999,170.15,165.760419084248,163.073611428199,168.712169413303,162.837764086721,-1,10000,50
0.049,170.15,172.482198056966,169.574300675584,175.231950503127,169.631276263888,-1,10000,50
0.874,170.15,168.388328848142,165.616108485176,171.391322872253,165.452616091428,-1,10000,50
0.924,170.15,167.990000235209,165.230810919774,171.030205801564,165.009581144083,-1,10000,50
0.0685,170.15,172.223140837501,169.323923438495,174.954960772739,169.51224171122,-1,10000,50
0.106,170.15,171.922283356258,169.033130493577,174.741159516537,169.094033345373,-1,10000,50
0.317,170.15,170.790531792421,167.93908513504,173.470392262509,167.982674275296,-1,10000,50
0.3225,170.15,170.796949944656,167.945290142283,173.63896185897,167.91717704775,-1,10000,50
0.4365,170.15,170.344778240026,167.508115768209,173.302155532914,167.192222501478,-1,10000,50
0.09,170.15,172.058960178133,169.165237220412,174.892511770044,169.169653565561,-1,10000,50
0.224,170.15,171.240970416876,168.374545809663,173.947216441551,168.399857288211,-1,10000,50
0.657,170.15,169.540668396154,166.730580055688,172.432407452637,166.578663047521,-1,10000,50
0.5685,170.15,169.852281684016,167.031909776044,172.658195504859,167.067541590858,-1,10000,50
0.097,170.15,172.022846918763,169.130331833711,174.697300556322,169.109962662279,-1,10000,50
0.464,170.15,170.291977764456,167.457064008788,173.103443688613,167.308914782299,-1,10000,50
0.9135,170.15,168.183836589698,165.418309821878,170.981815989628,165.374320499694,-1,10000,50
0.1755,170.15,171.478256097519,168.603925773808,174.185519286367,168.785036670167,-1,10000,50
0.0295,170.15,172.863880283248,169.943171003616,175.613850045491,170.040964218146,-1,10000,50
0.9785,170.15,166.939361560037,164.214398318445,170.062605765016,163.861875860484,-1,10000,50
0.35,170.15,170.673339523705,167.825783410757,173.449376877376,167.748312420788,-1,10000,50
0.6545,170.15,169.539518527436,166.729468099651,172.340211813592,166.611236833024,-1,10000,50
0.328,170.15,170.783530721906,167.932316559134,173.590935618613,167.900736544979,-1,10000,50
0.2475,170.15,171.12023083005,168.257824830144,173.969149610606,168.250156166534,-1,10000,50
0.469,170.15,170.241528785614,167.40828537086,172.951981701717,167.50470316397,-1,10000,50
0.656,170.15,169.577472432425,166.766170481721,172.33477770473,166.804338101054,-1,10000,50
0.2455,170.15,171.174132317142,168.309932642365,173.961244492269,168.276138419385,-1,10000,50
0.7445,170.15,169.13573146679,166.338978878276,171.971682147809,166.197830186418,-1,10000,50
0.355,170.15,170.682662369585,167.834796852762,173.544347339454,167.82094985925,-1,10000,50
