"p","truediv","chaoest","obsD","upper","lower","l","inds","reps"
0.3785,200,202.988,191,220.806513197746,190.275288197746,1,1000,50
0.6675,200,197.91608,194,211.915032768236,188.05468661439,1,1000,50
0.3225,200,203.79864516129,196,220.665631802641,191.427714561262,1,1000,50
0.6315,200,198.3465,193,212.83877840325,187.26277840325,1,1000,50
0.334,200,203.954,195,221.187898542104,191.228737827818,1,1000,50
0.872,200,192.625403225806,189,207.758855543745,181.501130543745,1,1000,50
0.4765,200,200.992,193,217.692962205829,188.849193954555,1,1000,50
0.2065,200,206.1,195,223.555472505219,194.067733374785,1,1000,50
0.912,200,191.4955,187,205.523618056047,181.436476751699,1,1000,50
0.262,200,204.989,194,222.4286123536,192.4861323536,1,1000,50
0.93,200,190.766461538462,188,204.668107314159,180.475171599873,1,1000,50
0.794,200,195.4955,191,209.323344967677,185.595696054634,1,1000,50
0.921,200,191.5173125,188,204.79080062546,181.610595228158,1,1000,50
0.67,200,197.875431034483,194,212.045061508264,187.206661508264,1,1000,50
0.3855,200,202.79864516129,195,220.719346704577,190.023421667096,1,1000,50
0.073,200,210.3856,196,228.562638421202,196.786138421202,1,1000,50
0.5365,200,200.081818181818,191,215.527878654379,188.240097404379,1,1000,50
0.7545,200,196.115529411765,194,209.990339963425,185.25917176066,1,1000,50
0.4675,200,201.135714285714,194,217.869839416982,188.768155206456,1,1000,50
0.662,200,197.779928571429,192,213.870305228213,185.979506656785,1,1000,50
0.483,200,201.298384615385,192,218.387014233799,188.250974461072,1,1000,50
0.804,200,195.480275862069,193,208.592058487415,185.615244245929,1,1000,50
0.8055,200,195.01465,193,208.334245640894,184.787308140894,1,1000,50
0.3675,200,202.992,195,219.22372658593,190.98472658593,1,1000,50
0.533,200,200.217913793103,194,215.752494114321,188.741519114321,1,1000,50
0.016,200,214.6157,197,232.875708232628,200.745450879687,1,1000,50
0.84,200,193.918153846154,189,208.574388116028,183.387381800238,1,1000,50
0.2805,200,204.114875,194,219.380066243919,192.278382033392,1,1000,50
0.8115,200,194.512109375,191,210.985730084274,182.773960084274,1,1000,50
0.8875,200,193.127304347826,190,207.528157373196,183.302763263799,1,1000,50
0.9485,200,189.87712,187,203.588878955821,179.693615968808,1,1000,50
0.7205,200,197.07925,193,210.960633170577,186.497945670577,1,1000,50
0.6695,200,197.559857142857,186,213.447524614514,185.464884220426,1,1000,50
0.5875,200,199.081818181818,190,214.913107256593,186.813144523674,1,1000,50
0.7005,200,196.9015,193,213.513779356303,184.901700784874,1,1000,50
0.294,200,204.512285714286,193,221.988501081368,191.450053876399,1,1000,50
0.3175,200,203.957617647059,191,221.187755651095,191.500226239331,1,1000,50
0.525,200,200.220580645161,195,216.357285445839,188.218678302982,1,1000,50
0.7405,200,196.2634,193,210.370216714512,184.742362034709,1,1000,50
0.8975,200,192.1625,188,206.44336308129,181.017894899471,1,1000,50
0.833,200,194.322596153846,190,208.370966258425,183.438593662271,1,1000,50
0.7935,200,194.634984375,189,210.798324720096,182.154204720096,1,1000,50
0.5485,200,200.135714285714,193,217.101621933066,187.837829912693,1,1000,50
0.483,200,201.0574375,196,217.20091350259,188.727976359733,1,1000,50
0.4175,200,202.162903846154,192,219.768777196135,188.724645617188,1,1000,50
0.24,200,205.700571428571,192,224.277376146458,191.933096734693,1,1000,50
0.516,200,200.3946,195,215.875372063933,189.03216670679,1,1000,50
0.481,200,201.111568965517,192,219.505969272585,188.050999272585,1,1000,50
0.741,200,196.322596153846,192,210.818758971795,185.603700148266,1,1000,50
0.813,200,195.5964,192,207.590459308529,186.431814602647,1,1000,50
