"p","truediv","chaoest","obsD","upper","lower","l","inds","reps"
0.722,200,200,200,201.9480318625,198.9482318625,1,10000,50
0.7465,200,200,200,201.9791953125,198.9793953125,1,10000,50
0.8055,200,200,200,200.98068550625,198.98078550625,1,10000,50
0.4095,200,200,200,202.07481193625,198.07501193625,1,10000,50
0.598,200,200,200,202.11251873,198.86264373,1,10000,50
0.4625,200,200.49995,200,204.4688304575,197.9692804575,1,10000,50
0.605,200,200,200,203.30197326375,197.80242326375,1,10000,50
0.2685,200,200,200,202.02664800125,199.02684800125,1,10000,50
0.389,200,200,200,202.0437496925,198.0439496925,1,10000,50
0.8155,200,200,200,200.96230924375,198.96240924375,1,10000,50
0.6955,200,200,200,201.9026830975,198.9028830975,1,10000,50
0.8545,200,200,200,200.993159375,198.993259375,1,10000,50
0.3895,200,200,200,202.04828135625,198.04848135625,1,10000,50
0.758,200,200,200,201.93374887375,198.93394887375,1,10000,50
0.476,200,200.49995,200,205.10681164625,197.60726164625,1,10000,50
0.812,200,200,200,200.96514304375,198.96524304375,1,10000,50
0.066,200,200,200,200.5129971625,199.0130471625,1,10000,50
0.8445,200,200,200,200.9885357875,198.9886357875,1,10000,50
0.108,200,200.9999,200,203.65539145,199.65559145,1,10000,50
0.647,200,200,200,201.9222405925,198.9224405925,1,10000,50
0.766,200,200,200,201.90720701125,198.90740701125,1,10000,50
0.637,200,200,200,202.816660475,198.816960475,1,10000,50
0.54,200,200.249975,200,205.313644035,197.314244035,1,10000,50
0.6305,200,200,200,201.959256325,197.959456325,1,10000,50
0.6205,200,200,200,201.8919149925,198.8921149925,1,10000,50
0.972,200,199,199,200.99971619375,197.99991619375,1,10000,50
0.723,200,200,200,201.9504893,198.9506893,1,10000,50
0.913,200,200,200,200.48280958125,198.98285958125,1,10000,50
0.6,200,200,200,202.35315121125,198.10357621125,1,10000,50
0.388,200,200.9999,200,205.44944764125,198.94989764125,1,10000,50
0.6285,200,200,200,202.8101415775,198.8103415775,1,10000,50
0.843,200,200,200,200.97484875625,198.97494875625,1,10000,50
0.734,200,200,200,201.9823630125,198.9825630125,1,10000,50
0.377,200,200,200,202.16171929375,199.16191929375,1,10000,50
0.6195,200,200,200,202.82884732375,198.07912232375,1,10000,50
0.174,200,200,200,201.00414724375,199.00424724375,1,10000,50
0.771,200,200,200,201.9465521,198.9468521,1,10000,50
0.798,200,200,200,200.946164725,198.946264725,1,10000,50
0.645,200,200,200,202.8216990375,198.8219990375,1,10000,50
0.388,200,200,200,202.16951268125,199.16971268125,1,10000,50
0.3725,200,200,200,202.17675895625,199.17695895625,1,10000,50
0.432,200,200.49995,200,205.2776642925,197.7781142925,1,10000,50
0.675,200,200,200,201.95368223125,198.95388223125,1,10000,50
0.652,200,200,200,201.9169568875,198.9171568875,1,10000,50
0.642,200,200,200,204.144268029643,197.644718029643,1,10000,50
0.882,200,200,200,200.97334555625,198.97344555625,1,10000,50
0.6145,200,200,200,201.9197144625,198.1698894625,1,10000,50
0.6315,200,200,200,202.82350334125,198.07377834125,1,10000,50
0.641,200,200,200,201.91906781,198.91926781,1,10000,50
0.657,200,200,200,201.98489219375,198.98509219375,1,10000,50
