"p","truediv","chaoest","obsD","upper","lower","l","inds","reps"
0.3915,5.95,5.97489932781636,5.97192835358116,6.13752313906622,5.80350946832826,-1,10000,50
0.7365,5.95,5.89744984100655,5.89456300833975,6.05673843402671,5.73634832411408,-1,10000,50
0.8015,5.95,5.88293506390506,5.8800638669017,6.04515549894212,5.7181416983042,-1,10000,50
0.052,5.95,6.0893610537402,6.08626353448069,6.24317638791,5.92937605778318,-1,10000,50
0.799,5.95,5.87518657051862,5.8723237031531,6.04627728318951,5.71516190835364,-1,10000,50
0.4765,5.95,5.956331671708,5.9533809786382,6.13618601827295,5.79281010471097,-1,10000,50
0.9165,5.95,5.83653976254348,5.83371826150996,5.99935689723019,5.67162221019503,-1,10000,50
0.6035,5.95,5.92948449954831,5.92656300949921,6.10588003816847,5.76465947200719,-1,10000,50
0.5485,5.95,5.94237412555163,5.93943863276974,6.11227953699837,5.78863160909306,-1,10000,50
0.142,5.95,6.04028086248856,6.03723792501098,6.20947628783857,5.87711019892909,-1,10000,50
0.341,5.95,5.98655405231454,5.98357031263557,6.1488964216948,5.82640903836574,-1,10000,50
0.8025,5.95,5.88062801507898,5.87775929940871,6.0491737724142,5.72381626237633,-1,10000,50
0.949,5.95,5.82178592759232,5.81898013993716,5.97997372282789,5.65917469089799,-1,10000,50
0.4145,5.95,5.96646178970224,5.96350004019399,6.12667162435339,5.80551139855456,-1,10000,50
0.6635,5.95,5.91513441475959,5.91222847499506,6.08446910785009,5.7513266890807,-1,10000,50
0.287,5.95,5.99905541425699,5.99605795166026,6.16559098881728,5.83337358541891,-1,10000,50
0.8425,5.95,5.86862933258207,5.86577350488766,6.03357458905491,5.70793743526351,-1,10000,50
0.237,5.95,6.01105760467621,6.00804693774654,6.1874343712493,5.84781450937225,-1,10000,50
0.4895,5.95,5.9545191221113,5.95157040517339,6.12075612920089,5.79783042895246,-1,10000,50
0.094,5.95,6.05975907866934,6.05669453715225,6.22713460789116,5.89012248340571,-1,10000,50
0.219,5.95,6.01380522849211,6.01079153468972,6.18108993886191,5.85316892735228,-1,10000,50
0.808,5.95,5.8771418152733,5.87427684714873,6.03999371489057,5.72583741551973,-1,10000,50
0.498,5.95,5.95257088673125,5.94962429312514,6.11895259712184,5.78926214793954,-1,10000,50
0.26,5.95,6.00418725858502,6.0011841536572,6.16475048515829,5.84109396172076,-1,10000,50
0.4245,5.95,5.96642689972427,5.9634651883316,6.13325170403622,5.80426351321257,-1,10000,50
0.3285,5.95,5.98769405811638,5.98470906833042,6.15842914255932,5.82707056074911,-1,10000,50
0.177,5.95,6.02594501088635,6.02291792545651,6.19092274957865,5.86009129965124,-1,10000,50
0.296,5.95,5.99428591502873,5.99129369165903,6.16528883500823,5.83694382605863,-1,10000,50
0.592,5.95,5.93036157709303,5.92743913527673,6.08732899933071,5.76960748747484,-1,10000,50
0.4375,5.95,5.96551064985943,5.96254993933702,6.13654089236236,5.81045194788324,-1,10000,50
0.746,5.95,5.89780674021574,5.89491952255868,6.06258416185308,5.73233605327079,-1,10000,50
0.9335,5.95,5.82969727901984,5.82688307088858,5.98696512465783,5.66752767571534,-1,10000,50
0.8625,5.95,5.86060585031361,5.85775862472949,6.02353093528569,5.70072297235863,-1,10000,50
0.1725,5.95,6.02665470215884,6.02362683294447,6.18926215602888,5.86622776047848,-1,10000,50
0.2305,5.95,6.01387756830282,6.01086379478815,6.18919415122039,5.85132563369874,-1,10000,50
0.4885,5.95,5.95076699964933,5.94782237137775,6.11506857989393,5.78210200429352,-1,10000,50
0.3665,5.95,5.97827087767163,5.97529621335919,6.1443697161716,5.81102693844289,-1,10000,50
0.1255,5.95,6.05224066067056,6.0491844670977,6.22598763828252,5.88261637416031,-1,10000,50
0.822,5.95,5.87350172545495,5.87064066771258,6.04204609448661,5.70420610985734,-1,10000,50
0.4265,5.95,5.96831296761186,5.96534919543546,6.1346961867057,5.80735956094601,-1,10000,50
0.5845,5.95,5.93322742649955,5.93030187371446,6.09498922682411,5.77710608605563,-1,10000,50
0.165,5.95,6.03125321950336,6.02822026923961,6.18902453275611,5.86880274654212,-1,10000,50
0.2095,5.95,6.01932106344589,6.01630128866767,6.17682320408355,5.86002218736065,-1,10000,50
0.9015,5.95,5.84020034357829,5.83737493716066,6.00946118061941,5.67507597099198,-1,10000,50
0.3585,5.95,5.98163621529868,5.97865786544456,6.14938179566112,5.82607557082836,-1,10000,50
0.3735,5.95,5.97631707293748,5.97334454729216,6.13928518430705,5.81623396271508,-1,10000,50
0.9045,5.95,5.84405542261597,5.84122590041621,6.00727251747032,5.69204052010611,-1,10000,50
0.904,5.95,5.84240135491826,5.83957359900746,6.01048073424037,5.67770489706882,-1,10000,50
0.331,5.95,5.98685657757294,5.98387250617625,6.14048425221028,5.82099319442183,-1,10000,50
0.6915,5.95,5.90921614327643,5.90631660479406,6.07865042480557,5.74556577881596,-1,10000,50
