"p","truediv","chaoest","obsD","upper","lower","l","inds","reps"
0.2,15.85,16.0524492386846,16.0283226873214,16.5145894485027,15.6037562896382,-1,10000,50
0.651,15.85,15.7607729351638,15.7375431051306,16.226455433687,15.3014042957148,-1,10000,50
0.049,15.85,16.2451072966672,16.2203791546068,16.7352977998844,15.789647975735,-1,10000,50
0.285,15.85,15.9890623875656,15.9651321513814,16.481917813642,15.5097511129636,-1,10000,50
0.2395,15.85,16.0192224260783,15.9951988811038,16.5096340162313,15.5434320883003,-1,10000,50
0.468,15.85,15.8677462468233,15.8441895079143,16.3366169810134,15.4023078356384,-1,10000,50
0.5145,15.85,15.843659414721,15.8201764835608,16.3669788641946,15.3570496654347,-1,10000,50
0.267,15.85,16.0064621348481,15.9824780896208,16.46606157631,15.5317240770941,-1,10000,50
0.958,15.85,15.4366158565955,15.4143627332501,15.9078365861746,14.9708274649393,-1,10000,50
0.505,15.85,15.8444025476544,15.820917341086,16.3240220828661,15.3667810501895,-1,10000,50
0.662,15.85,15.7514574705922,15.7282560006442,16.2260340893364,15.2594349873257,-1,10000,50
0.2755,15.85,16.0014313111476,15.9774628300305,16.5019975768784,15.5154805060066,-1,10000,50
0.0365,15.85,16.3147016036345,16.289754330957,16.8229921802778,15.8128215036457,-1,10000,50
0.0625,15.85,16.2228042104334,16.1981460897837,16.6852905557168,15.7524988764482,-1,10000,50
0.788,15.85,15.6569531653696,15.6340384284665,16.1084796486693,15.1884757929139,-1,10000,50
0.3035,15.85,15.9773201628699,15.9534262056722,16.4802614659433,15.482252455163,-1,10000,50
0.058,15.85,16.2511112808619,16.2263642721421,16.7617208599481,15.7568982825264,-1,10000,50
0.336,15.85,15.9620015286741,15.9381548589378,16.4508682130767,15.486328552178,-1,10000,50
0.0855,15.85,16.1713480393029,16.1468510895411,16.6567371104184,15.7045872063666,-1,10000,50
0.7105,15.85,15.7158269174912,15.6927337621007,16.202143154365,15.2521616699751,-1,10000,50
0.7585,15.85,15.6746151183614,15.6516469288964,16.1566821116698,15.1858874145219,-1,10000,50
0.177,15.85,16.0688458200752,16.0446683567051,16.5472174956178,15.5839908062913,-1,10000,50
0.18,15.85,16.0646738480798,16.0405093439175,16.528938606687,15.5881666486239,-1,10000,50
0.3115,15.85,15.9736650990674,15.9497824290179,16.4479760276255,15.494954238342,-1,10000,50
0.037,15.85,16.2843267223212,16.2594752091781,16.7611065504737,15.7975770908554,-1,10000,50
0.0515,15.85,16.2600013074348,16.2352263499022,16.7488955487935,15.776945373208,-1,10000,50
0.1695,15.85,16.0771393979152,16.0529361622888,16.5826936308333,15.5886450287832,-1,10000,50
0.2335,15.85,16.0242695808113,16.0002304033178,16.4942839654553,15.5585651337465,-1,10000,50
0.2595,15.85,15.9999667167409,15.9760027657656,16.466799647602,15.5151214998575,-1,10000,50
0.0285,15.85,16.3038427108827,16.2789296929306,16.7893282454474,15.8350202826187,-1,10000,50
0.079,15.85,16.2076892428858,16.1830785199733,16.6901647814156,15.7261872456214,-1,10000,50
0.616,15.85,15.7775446675402,15.754263733937,16.2646887251003,15.292847532011,-1,10000,50
0.9115,15.85,15.5150118096564,15.492524392205,15.9975255062748,15.0403827110451,-1,10000,50
0.225,15.85,16.0309595200236,16.0068996140096,16.5324034060182,15.5329155140882,-1,10000,50
0.3075,15.85,15.972113734101,15.9482358539945,16.4721287612215,15.482057068208,-1,10000,50
0.222,15.85,16.0476109618712,16.0234994233143,16.5615929093686,15.5529741516519,-1,10000,50
0.4745,15.85,15.8645639997677,15.8410170186382,16.3301085273195,15.3987134268194,-1,10000,50
0.6065,15.85,15.7840401080999,15.7607393678052,16.2631270272944,15.2998341460346,-1,10000,50
0.3485,15.85,15.9507264687302,15.926914574401,16.444794461128,15.456992480883,-1,10000,50
0.2775,15.85,15.9970536879616,15.9730987460159,16.4965597237203,15.494075576846,-1,10000,50
0.7125,15.85,15.7142906535567,15.6912021626242,16.2172900539324,15.2318668925825,-1,10000,50
0.3655,15.85,15.9434118104024,15.9196224629694,16.4561478750021,15.4712784020002,-1,10000,50
0.5765,15.85,15.803803344356,15.7804422879243,16.2917681879334,15.3326981322294,-1,10000,50
0.8365,15.85,15.6145030765209,15.591716557561,16.1040306663245,15.1181388218401,-1,10000,50
0.528,15.85,15.8351083625652,15.8116516060685,16.3073844928565,15.36833677372,-1,10000,50
0.7635,15.85,15.6856457908537,15.6626441863867,16.1585363110911,15.2349381260623,-1,10000,50
0.1805,15.85,16.0662329206898,16.0420635740563,16.5231941530258,15.6054685252173,-1,10000,50
0.778,15.85,15.665695714189,15.6427545263874,16.1355639109108,15.2217530939308,-1,10000,50
0.355,15.85,15.9494797556933,15.9256717050183,16.448103203753,15.4637903542923,-1,10000,50
0.9655,15.85,15.4012646318945,15.3791167588696,15.8836768580166,14.9365630374531,-1,10000,50
