"p","truediv","chaoest","obsD","upper","lower","l","inds","reps"
0.5415,5.95,5.92526690391461,5.89622641509434,6.40790240111268,5.41736303647469,-1,1000,50
0.6475,5.95,5.85731372686979,5.82900044300403,6.35331123701797,5.3662049932893,-1,1000,50
0.6645,5.95,5.85024771319147,5.82200952480758,6.40228498516607,5.34290274235208,-1,1000,50
0.307,5.95,6.08789976599065,6.05708194020449,6.60861486521602,5.60424274269282,-1,1000,50
0.14,5.95,6.25469571750565,6.22200099552016,6.80415727167565,5.7035622045532,-1,1000,50
0.327,5.95,6.08730622989181,6.05649498522215,6.67618617778928,5.55237720274333,-1,1000,50
0.4615,5.95,5.97273705608036,5.94318316890527,6.50321583129393,5.43212564568094,-1,1000,50
0.8955,5.95,5.62227750075979,5.59640934376504,6.10802798046341,5.12871097233626,-1,1000,50
0.291,5.95,6.10270131583772,6.07171914655916,6.67434996915709,5.56252166943826,-1,1000,50
0.0075,5.95,6.6356692128861,6.59848234905972,7.17664016370881,6.09059219770051,-1,1000,50
0.7245,5.95,5.8059116850511,5.7781424427675,6.30586954206792,5.34696339105551,-1,1000,50
0.574,5.95,5.8996527531713,5.87088744334594,6.42997941264153,5.39424168397698,-1,1000,50
0.5805,5.95,5.90348772618219,5.87468129853955,6.41637562085507,5.41201888374962,-1,1000,50
0.2245,5.95,6.1750525404871,6.14326084285539,6.76779166617601,5.61342081954428,-1,1000,50
0.8465,5.95,5.6841458418681,5.65764460939622,6.23021475723972,5.16914989330196,-1,1000,50
0.12,5.95,6.29815027298291,6.26495758623714,6.85629363805581,5.7446583028058,-1,1000,50
0.635,5.95,5.85731372686978,5.82900044300403,6.40153101257206,5.32819009815157,-1,1000,50
0.548,5.95,5.91502261800442,5.88609234101665,6.45495701639805,5.42742304371176,-1,1000,50
0.201,5.95,6.19496465335485,6.16294835449279,6.76722320877721,5.64536316058814,-1,1000,50
0.2805,5.95,6.11106353303891,6.07998832642241,6.66721338760412,5.59059276118315,-1,1000,50
0.065,5.95,6.38844835524635,6.35420902806019,6.99137250905819,5.84472522355974,-1,1000,50
0.9755,5.95,5.4121114277356,5.38833748235319,5.94733901703414,4.93617330287695,-1,1000,50
0.142,5.95,6.2480455313028,6.2154266890422,6.80944619325185,5.72842544285097,-1,1000,50
0.058,5.95,6.39695712309823,6.36261834470121,6.96128585189322,5.86319156319839,-1,1000,50
0.716,5.95,5.80786940142322,5.78007953389439,6.32361293040858,5.32131631057605,-1,1000,50
0.514,5.95,5.94253762417467,5.91331086275205,6.44517271166154,5.46039463610114,-1,1000,50
0.5715,5.95,5.90998367211719,5.88110753017008,6.46605627046718,5.3932573923993,-1,1000,50
0.321,5.95,6.07982277833904,6.04909445056075,6.6514216529714,5.55357404296447,-1,1000,50
0.247,5.95,6.13244610322646,6.1011323701679,6.69160289441911,5.60546464146462,-1,1000,50
0.5075,5.95,5.9422548448114,5.91303113802197,6.49134869276076,5.38617831329141,-1,1000,50
0.152,5.95,6.22639392692871,6.19402153041884,6.76343626248024,5.70200635823474,-1,1000,50
0.0275,5.95,6.43693862034306,6.40213062907336,6.95405310087628,5.94162402521462,-1,1000,50
0.444,5.95,5.98798805998779,5.95826828890451,6.52090128513089,5.48250356566206,-1,1000,50
0.417,5.95,6.00425526799775,5.97435805522697,6.51309782637898,5.49092176933028,-1,1000,50
0.6265,5.95,5.87979094076657,5.85123812198661,6.42191444839376,5.40484115615757,-1,1000,50
0.5475,5.95,5.91516271138272,5.88623092861179,6.44640072498048,5.41547383788545,-1,1000,50
0.095,5.95,6.26143856394316,6.22866681615467,6.73764624739333,5.78547908544484,-1,1000,50
0.4925,5.95,5.96225694403,5.93281678275211,6.5266148844772,5.42092607038343,-1,1000,50
0.02,5.95,6.4955331018609,6.46003178335637,7.04571450957872,5.97738094472846,-1,1000,50
0.302,5.95,6.08063691476155,6.04989957166711,6.57951777561962,5.57038890693589,-1,1000,50
0.593,5.95,5.89832910196613,5.86957797734343,6.4820248648261,5.39414459446323,-1,1000,50
0.21,5.95,6.16453571604879,6.13286232950643,6.67927515863491,5.66792754746604,-1,1000,50
0.9745,5.95,5.44948723543532,5.42534722222222,5.95067432763234,4.95023832815804,-1,1000,50
0.669,5.95,5.84477129918912,5.81659124486686,6.37513556494315,5.35747373137996,-1,1000,50
0.6375,5.95,5.86006241347757,5.8317198908302,6.39328135613821,5.34732564536208,-1,1000,50
0.8315,5.95,5.69334579524473,5.66674977899676,6.2347104430537,5.19478371266793,-1,1000,50
0.726,5.95,5.79674825053095,5.76907544796871,6.34295191185686,5.3220920669224,-1,1000,50
0.317,5.95,6.08204366408126,6.05129074031491,6.63731109731853,5.53618097417899,-1,1000,50
0.4875,5.95,5.9637518506137,5.93429548044056,6.50420364715032,5.45382924439947,-1,1000,50
0.025,5.95,6.45907956499814,6.42401038120078,6.99981677763049,5.94992345597489,-1,1000,50
