"p","truediv","chaoest","obsD","upper","lower","l","inds","reps"
0.209,15.85,16.1198898063098,16.0955535067704,16.7795450764904,15.4735407063165,-1,10000,50
0.963,15.85,15.2720001417383,15.2502350061214,15.9100450186722,14.6530256488482,-1,10000,50
0.3545,15.85,15.9827650199469,15.9588542436349,16.6430935000609,15.3700707064595,-1,10000,50
0.316,15.85,16.0196946597173,15.9956696523117,16.6773862871771,15.4023889803384,-1,10000,50
0.0095,15.85,16.6666666666667,16.6405963989749,17.3175500008345,15.9824605710336,-1,10000,50
0.558,15.85,15.8134709453764,15.7900803557189,16.4928454593694,15.1690528096435,-1,10000,50
0.2585,15.85,16.0694862650007,16.0453068119387,16.7577023679921,15.392764509496,-1,10000,50
0.8515,15.85,15.5171932176876,15.494699263382,16.1661461903705,14.872137029662,-1,10000,50
0.505,15.85,15.845206013033,15.8217183462001,16.5152059871874,15.2288388542435,-1,10000,50
0.355,15.85,15.9696699250181,15.9457995893638,16.5954310850841,15.3401139002657,-1,10000,50
0.909,15.85,15.4210839638617,15.3988771138809,16.0421658164578,14.8072612518626,-1,10000,50
0.5055,15.85,15.8444125904688,15.8209273531494,16.4973594945411,15.2002284652367,-1,10000,50
0.4585,15.85,15.8871644295302,15.8635481046233,16.5446047407478,15.2392873988191,-1,10000,50
0.616,15.85,15.7553392306214,15.7321259451075,16.406524061,15.1006109277947,-1,10000,50
0.029,15.85,16.4765413203775,16.451080737298,17.1165605505589,15.8099279733025,-1,10000,50
0.624,15.85,15.7480290158104,15.7248379791319,16.4064541712838,15.117091838236,-1,10000,50
0.1235,15.85,16.2366342897451,16.2119327606846,16.8988541960493,15.5905494029111,-1,10000,50
0.6965,15.85,15.6833331294296,15.6603385326701,16.3417290306796,15.0231791131894,-1,10000,50
0.1985,15.85,16.1248393805378,16.10048765157,16.7535362907234,15.5003213756933,-1,10000,50
0.4155,15.85,15.9279551143566,15.904213376016,16.5818730621485,15.2990348063083,-1,10000,50
0.617,15.85,15.7526287465073,15.7294237116658,16.4174339703898,15.1063117831648,-1,10000,50
0.011,15.85,16.5923311204694,16.5665000849861,17.2760802576966,15.940813335785,-1,10000,50
0.229,15.85,16.1034563728232,16.0791712666496,16.7687017331631,15.4216341908694,-1,10000,50
0.747,15.85,15.6342348934733,15.6113888203722,16.2846461833711,15.0305730844865,-1,10000,50
0.9785,15.85,15.1991485193485,15.1775976230668,15.830934226524,14.6031522376267,-1,10000,50
0.78,15.85,15.596499421156,15.5737671728037,16.2377082262279,14.9780195200544,-1,10000,50
0.088,15.85,16.3054485539371,16.2805304717805,16.9678505035771,15.6799705694625,-1,10000,50
0.6995,15.85,15.6817146721504,15.6587249789234,16.3477320953855,15.0655691435366,-1,10000,50
0.3285,15.85,16.0005146280132,15.9765489823418,16.6327456276089,15.3736929896634,-1,10000,50
0.6555,15.85,15.7313991426788,15.708258679834,16.4054992265708,15.1244160224033,-1,10000,50
0.601,15.85,15.7655143445841,15.742270073126,16.4143187711956,15.1329732260932,-1,10000,50
0.357,15.85,15.9805886750863,15.956684622192,16.659772117705,15.3263940983777,-1,10000,50
0.213,15.85,16.1282986072466,16.1039360918517,16.8184350327914,15.5196324904232,-1,10000,50
0.935,15.85,15.3644976997047,15.3424590279632,16.0000783205453,14.7294727967844,-1,10000,50
0.0475,15.85,16.4089546713089,16.38370908824,17.0813309797388,15.7522515241941,-1,10000,50
0.7435,15.85,15.6302073335513,15.6073734226408,16.2526367412705,14.9783469488217,-1,10000,50
0.7545,15.85,15.6318102883857,15.6089715373526,16.2677009950597,15.0095671768753,-1,10000,50
0.66,15.85,15.7242397041534,15.7011209972347,16.3597405361266,15.1114009779008,-1,10000,50
0.2935,15.85,16.0270949107281,16.003046980145,16.6475818235093,15.3824659803989,-1,10000,50
0.4915,15.85,15.8560758630533,15.8325548993841,16.543363999874,15.1723830558619,-1,10000,50
0.4085,15.85,15.9312136114607,15.9074618403852,16.6053159827188,15.284510578326,-1,10000,50
0.383,15.85,15.9390353815023,15.9152595189963,16.6010820531228,15.3070575482962,-1,10000,50
0.5,15.85,15.8493803223579,15.8258798714432,16.497254164353,15.2267201487712,-1,10000,50
0.129,15.85,16.2205251693106,16.1958741982232,16.8579278327789,15.5451189315195,-1,10000,50
0.5525,15.85,15.8052772143511,15.7819116566462,16.4591754123106,15.1285646212312,-1,10000,50
0.206,15.85,16.118361875359,16.0940303378909,16.7793868132878,15.453650225092,-1,10000,50
0.578,15.85,15.7811354273627,15.7578435454139,16.4034068160574,15.1449425600098,-1,10000,50
0.103,15.85,16.2802594811874,16.2554207764434,16.9266001221101,15.6366171758624,-1,10000,50
0.8315,15.85,15.5282830927606,15.5057558916445,16.1715184150166,14.9208053831896,-1,10000,50
0.6,15.85,15.7595259312683,15.7362998986268,16.4008169656297,15.1178140075778,-1,10000,50
