"p","truediv","chaoest","obsD","upper","lower","l","inds","reps"
0.887,15.85,14.6877205363444,14.4893937637649,16.6530203409957,12.9520353689667,-1,1000,50
0.9255,15.85,14.453125,14.2612664004564,16.379359153651,12.6867154869369,-1,1000,50
0.519,15.85,15.8370323398859,15.605493133583,18.1516729218827,13.8016893707039,-1,1000,50
0.973,15.85,13.8958437656485,13.7189266311804,15.9334066473124,12.153060969463,-1,1000,50
0.361,15.85,16.2814954855113,16.0364347798197,18.4560222054291,14.3370317544265,-1,1000,50
0.102,15.85,17.2122674017919,16.9376693766938,19.4864848648008,15.1793458728486,-1,1000,50
0.0495,15.85,17.6551675385268,17.3659349819394,19.8110303469864,15.5119303266397,-1,1000,50
0.4585,15.85,15.9880929517957,15.752000504064,17.986288493456,14.0960773983908,-1,1000,50
0.2115,15.85,16.7505030181087,16.490765171504,19.0438263042409,14.6261895959988,-1,1000,50
0.108,15.85,17.2348354150853,16.959500712299,19.4692463801068,15.1369390113622,-1,1000,50
0.6265,15.85,15.5365474339036,15.3139356814701,17.619298671244,13.7015173223819,-1,1000,50
0.3255,15.85,16.3614923515346,16.1139579103419,18.549101592679,14.3518883125627,-1,1000,50
0.778,15.85,15.1253633720931,14.9146879847274,17.1384160494109,13.3499169931201,-1,1000,50
0.272,15.85,16.5063943689898,16.2543480381002,18.672249348445,14.5401372899535,-1,1000,50
0.993,15.85,13.5567919663455,13.3886731824876,15.3993272089773,11.9198119555744,-1,1000,50
0.5545,15.85,15.7050778179532,15.4774802662127,17.8941439410337,13.6707373887335,-1,1000,50
0.518,15.85,15.8134675657708,15.5826347118771,17.7791530036743,13.8966251220175,-1,1000,50
0.9755,15.85,13.9872868303884,13.8079589075143,15.8395566503711,12.2426662412293,-1,1000,50
0.35,15.85,16.2328166130448,15.9892552204918,18.3217481061575,14.3112984323496,-1,1000,50
0.0615,15.85,17.5085001226822,17.2241551551896,19.7509633222952,15.3905793401824,-1,1000,50
0.884,15.85,14.7427761872436,14.5429161455455,16.6676064341632,12.9269132866302,-1,1000,50
0.197,15.85,16.7482564377683,16.4885898957921,18.9068782896459,14.7201900927326,-1,1000,50
0.7895,15.85,15.0334075723831,14.8253572911107,17.1462806349567,13.1967639229585,-1,1000,50
0.177,15.85,16.9144289052183,16.6494622223702,19.1086303206179,14.789643536341,-1,1000,50
0.6235,15.85,15.531233481546,15.3087780533358,17.6479726641316,13.5464022544569,-1,1000,50
0.93,15.85,14.4355817582799,14.2442026095379,16.2951010565795,12.6232559727862,-1,1000,50
0.8795,15.85,14.6554000528123,14.4579706792355,16.7265573077788,12.8481112017874,-1,1000,50
0.909,15.85,14.5558922951394,14.3612132352941,16.4165366732741,12.8008534679774,-1,1000,50
0.4765,15.85,15.9579566148047,15.7227760133329,18.0525029766477,14.0106680686881,-1,1000,50
0.424,15.85,16.0760838080526,15.8373190586298,18.2243813532384,14.0830973705965,-1,1000,50
0.319,15.85,16.3663171690695,16.1186331399097,18.5448293468893,14.3383613791717,-1,1000,50
0.599,15.85,15.6274442323937,15.4021501401596,17.6905795647521,13.848129765321,-1,1000,50
0.318,15.85,16.3663171690695,16.1186331399097,18.4127881167237,14.4077692432554,-1,1000,50
0.8845,15.85,14.7401658453095,14.5403786314596,16.6824431692102,12.9675035276901,-1,1000,50
0.568,15.85,15.7114997483644,15.4837111358851,17.7113883961206,13.8604623788385,-1,1000,50
0.6035,15.85,15.5928076418806,15.3685375299686,17.7965071169989,13.5884407439011,-1,1000,50
0.6125,15.85,15.6137663717921,15.3888769197624,17.6021174835292,13.7919913572927,-1,1000,50
0.494,15.85,15.9259023083791,15.6916896811449,17.8994379673581,14.0911716522189,-1,1000,50
0.396,15.85,16.1295530870576,15.8891572391,18.2305485618436,14.2617450179227,-1,1000,50
0.746,15.85,15.2453912831157,15.031265031265,17.1938693349703,13.3976091368453,-1,1000,50
0.0705,15.85,17.4491720813247,17.1667925564788,19.7315294585243,15.3296136906257,-1,1000,50
0.131,15.85,17.0617570706381,16.7920472864052,19.3774019748091,14.972464564229,-1,1000,50
0.4835,15.85,15.9248868201237,15.6907048264608,18.0050064207654,14.01910865479,-1,1000,50
0.1525,15.85,16.9661356611529,16.6995090344344,19.2274101378927,14.9320401484664,-1,1000,50
0.945,15.85,14.3398501421067,14.1510768969519,16.2935889977872,12.5329152729079,-1,1000,50
0.6425,15.85,15.5235105820928,15.3012822474523,17.431117540987,13.7336854251397,-1,1000,50
0.745,15.85,15.211499223437,14.99835018148,17.1945425846267,13.3728535340994,-1,1000,50
0.587,15.85,15.6411460779709,15.4154462771697,17.7881401946337,13.6289855044341,-1,1000,50
0.0185,15.85,17.9437439379244,17.6447753820094,20.0945504069007,15.9504451138839,-1,1000,50
0.357,15.85,16.2550034169677,16.0107592302027,18.3175351110799,14.295968937056,-1,1000,50
