"p","truediv","chaoest","obsD","upper","lower","l","inds","reps"
0.58,100,100.49985,99,111.812438757321,95.4136787573214,1,10000,50
0.7015,100,99.249775,97,113.979503543036,93.1479535430357,1,10000,50
0.7655,100,98.249775,96,113.71586943375,91.96764443375,1,10000,50
0.743,100,98.89991,98,113.280553196786,93.4490031967857,1,10000,50
0.1195,100,107.999,98,133.2354170175,97.3386070175,1,10000,50
0.8375,100,97.6666,97,107.767924018214,93.4358240182143,1,10000,50
0.789,100,98.49995,98,109.349605179018,93.9341801790179,1,10000,50
0.1285,100,110.6656,100,149.333590952589,96.8384409525893,1,10000,50
0.7975,100,97.89991,97,112.325917727411,92.4943677274107,1,10000,50
0.3815,100,102.49955,98,118.068097388304,96.0697973883036,1,10000,50
0.4065,100,102.49975,100,121.822658182143,95.4084331821429,1,10000,50
0.702,100,99.49995,99,110.304330950089,94.8055809500893,1,10000,50
0.3575,100,102.9996,99,122.253252995179,95.8805904951786,1,10000,50
0.6175,100,99.9998,98,110.057866281786,95.8089912817857,1,10000,50
0.188,100,105.9992,98,125.997335371339,96.9997353713393,1,10000,50
0.7075,100,99.49985,98,114.807549579196,93.9093395791964,1,10000,50
0.1055,100,110.49875,98,145.352675119554,97.5233251195536,1,10000,50
0.6235,100,99.9997,97,111.051923454107,95.0531234541072,1,10000,50
0.909,100,98,98,103.493204818571,95.4938048185714,1,10000,50
0.8265,100,98.16665,98,108.144049381518,94.3118993815179,1,10000,50
0.7495,100,99.1249875,99,108.961714541875,95.462864541875,1,10000,50
0.0825,100,110.49875,98,141.969952741786,98.1406027417857,1,10000,50
0.754,100,98.49985,97,112.030242371696,93.1567298716964,1,10000,50
0.584,100,100.6664,98,116.463396468125,94.131796468125,1,10000,50
0.781,100,98.6666,98,108.749091920625,94.416991920625,1,10000,50
0.0245,100,115.9982,98,154.188678769464,100.093588769464,1,10000,50
0.2715,100,104.9992,97,126.986694223125,95.656094223125,1,10000,50
0.4595,100,102.16625,98,122.559452005446,94.1867895054464,1,10000,50
0.72,100,98.9998,97,112.787316408661,92.9557664086607,1,10000,50
0.6035,100,100.16625,96,119.533787831786,91.7028378317857,1,10000,50
0.795,100,98.39996,98,109.348866142589,93.8501161425893,1,10000,50
0.832,100,97.9999,97,104.905702060536,94.4064520605357,1,10000,50
0.7995,100,98.49995,98,110.238461308304,93.7397113083036,1,10000,50
0.825,100,97.9998,96,107.495147551071,93.9963975510714,1,10000,50
0.798,100,97.89991,97,111.447788046696,92.5745755466964,1,10000,50
0.0585,100,111.49875,99,143.493656699107,98.6643066991071,1,10000,50
0.748,100,98.749925,98,111.274113033036,93.3589380330357,1,10000,50
0.877,100,98,98,105.311083037679,95.3117830376786,1,10000,50
0.836,100,97.9999,97,108.909149581786,93.5770495817857,1,10000,50
0.6625,100,99.89991,99,113.274806473482,94.4430564734822,1,10000,50
0.617,100,100.249775,98,114.949506661875,94.617906661875,1,10000,50
0.961,100,96,96,101.680712507679,93.4313375076786,1,10000,50
0.2695,100,105.999,96,131.645413754018,95.6485137540179,1,10000,50
0.271,100,105.249375,99,131.444009515268,95.4472095152679,1,10000,50
0.869,100,96.49995,96,107.139459445893,91.6407094458929,1,10000,50
0.7495,100,98.9999,98,110.03376072875,94.70166072875,1,10000,50
0.6625,100,99.89991,99,112.32842570125,94.58020070125,1,10000,50
0.8865,100,96.9999,96,104.831107204286,93.0818822042857,1,10000,50
0.755,100,98.49985,97,111.172657842232,93.2741478422321,1,10000,50
0.8815,100,97.249975,97,105.733045117679,93.7339451176786,1,10000,50
