"p","truediv","chaoest","obsD","upper","lower","l","inds","reps"
0.288,100,110.21975,80,153.060953505892,87.0099989604376,1,1000,50
0.9285,100,86.0593571428571,74,111.957832878958,72.9149078789578,1,1000,50
0.9675,100,83.4935,77,101.067406492202,72.7187814922018,1,1000,50
0.684,100,97.2674285714286,79,124.80560215749,81.9716790805665,1,1000,50
0.975,100,80.5389090909091,74,100.648420737838,70.3690993092667,1,1000,50
0.8715,100,91.5218823529412,84,111.203007553947,79.8839075539468,1,1000,50
0.9195,100,87.878,77,108.987629158543,76.1229083793222,1,1000,50
0.956,100,85.034625,78,103.737570155543,73.9896156100889,1,1000,50
0.7585,100,95.4865,82,118.989844819577,81.9897073195772,1,1000,50
0.7665,100,94.2674285714286,76,123.332228034843,77.5792994634148,1,1000,50
0.9765,100,82.04395,76,99.3251351526216,72.1609851526216,1,1000,50
0.8765,100,91.365625,82,111.99656281849,79.2970628184903,1,1000,50
0.792,100,94.1232272727273,81,122.290817449179,79.6740888777504,1,1000,50
0.5805,100,100.03195,82,130.973944334622,83.0658943346223,1,1000,50
0.681,100,97.0355,77,131.010815143611,79.4372794293252,1,1000,50
0.723,100,96.0213,84,119.930539479035,81.7494096713428,1,1000,50
0.658,100,98.3692307692308,83,124.664953732585,83.1098251611568,1,1000,50
0.864,100,90.208,76,115.609367910625,75.8288964820538,1,1000,50
0.98,100,80.6491923076923,76,99.031124614659,71.1832700692045,1,1000,50
0.92,100,88.5309230769231,81,108.153887009106,77.4335834376777,1,1000,50
0.9595,100,84.0296785714286,78,103.343073677057,73.0340736770567,1,1000,50
0.655,100,98.312,77,131.357662501881,80.7215625018807,1,1000,50
0.967,100,81.992,74,103.250235553566,71.2446926964228,1,1000,50
0.9575,100,83.5268,77,104.166910991824,72.3417609918235,1,1000,50
0.6255,100,99.0444375,81,130.421568781196,83.1065937811963,1,1000,50
0.9615,100,85.7155,79,103.54421135221,75.6904645989637,1,1000,50
0.9315,100,88.993,82,107.788310147488,78.3500288974878,1,1000,50
0.9735,100,85.0293,81,100.346798851878,75.2765845661642,1,1000,50
0.7525,100,94.984,79,121.145982397288,80.0174823972884,1,1000,50
0.9535,100,85.1585,77,104.171625803271,73.6703758032707,1,1000,50
0.569,100,100.5399375,78,133.030665303874,81.8147795895885,1,1000,50
0.623,100,98.8707307692308,85,122.579031474076,84.8855314740759,1,1000,50
0.9335,100,86.2170454545455,76,109.134500477144,73.8804504771443,1,1000,50
0.9395,100,86.1585,78,107.227867693953,74.742998463184,1,1000,50
0.7975,100,93.0395,77,123.58241425188,77.4786999661661,1,1000,50
0.8905,100,90.6451923076923,82,110.030576858483,78.8196345507909,1,1000,50
0.1865,100,113.380681818182,85,154.615625711867,91.3718444618673,1,1000,50
0.177,100,114.3,81,163.197395590344,91.2990741617722,1,1000,50
0.954,100,84.1585,76,108.16624536078,72.3506453607804,1,1000,50
0.9825,100,78.0293,74,96.6674747357808,67.5884122357808,1,1000,50
0.9365,100,87.993,81,104.486084473764,77.0660219737644,1,1000,50
0.9665,100,84.0296785714286,78,102.94763608701,73.5920110870104,1,1000,50
0.9895,100,77.664,75,92.6415787953416,69.3790787953416,1,1000,50
0.9725,100,82.2310588235294,78,100.863852517579,71.9867525175788,1,1000,50
0.5825,100,100.5399375,78,134.558706104489,82.5977061044885,1,1000,50
0.9685,100,84.2310588235294,80,101.473928398358,73.9736158983581,1,1000,50
0.8245,100,92.986,79,115.995170835623,79.9991958356227,1,1000,50
0.7415,100,95.1838,79,125.111956203645,79.3491883465017,1,1000,50
0.9505,100,86.992,79,105.016534374583,76.9364450888689,1,1000,50
0.9325,100,86.878,76,108.064125804374,74.7934258043737,1,1000,50
