"p","truediv","chaoest","obsD","upper","lower","l","inds","reps"
0.095,15.85,16.2732221761102,16.248405625198,16.9222521900741,15.6466704042763,-1,10000,50
0.169,15.85,16.1705111589303,16.1460168260871,16.8509163943218,15.5099136668381,-1,10000,50
0.889,15.85,15.470923205178,15.4485677014941,16.0799254332896,14.8431889192549,-1,10000,50
0.1775,15.85,16.1506919809932,16.1262595818203,16.7880978433199,15.5459225112905,-1,10000,50
0.9225,15.85,15.3923123104632,15.3701910514748,16.01927900054,14.7698302095089,-1,10000,50
0.4265,15.85,15.9065036744517,15.88282793116,16.5577944648394,15.2511222248676,-1,10000,50
0.9525,15.85,15.3138019947916,15.2919134526633,15.9244347403703,14.6758690431049,-1,10000,50
0.4735,15.85,15.8788033934491,15.8552127341458,16.5078979884842,15.2670670133271,-1,10000,50
0.035,15.85,16.4905193119995,16.4650141500332,17.1497783906673,15.8130239598259,-1,10000,50
0.343,15.85,15.9789031814941,15.9550043349747,16.6422856947409,15.3056165917392,-1,10000,50
0.796,15.85,15.5671137366117,15.5444699304665,16.2415635595129,14.9115233068276,-1,10000,50
0.0305,15.85,16.5084721697109,16.4829096950827,17.1767336645523,15.8264046237804,-1,10000,50
0.257,15.85,16.0687270334838,16.044549939143,16.7026957651462,15.4367228935059,-1,10000,50
0.4095,15.85,15.9251950633328,15.9014618213852,16.6131112582451,15.276313551403,-1,10000,50
0.104,15.85,16.2828841304819,16.2580371606704,16.9614737064743,15.6278274339026,-1,10000,50
0.1315,15.85,16.2149118809784,16.1902785148852,16.8591707134468,15.5988787154566,-1,10000,50
0.832,15.85,15.5545406067002,15.531934589432,16.2298628799507,14.9479788019373,-1,10000,50
0.9895,15.85,15.1174653820777,15.0961534397189,15.7481758609636,14.5066605080213,-1,10000,50
0.07,15.85,16.3421873263469,16.3171532441764,16.9885634385372,15.6841488223493,-1,10000,50
0.2995,15.85,16.035458586211,16.011384735002,16.6821727463206,15.3786202465197,-1,10000,50
0.881,15.85,15.4705833024149,15.4482288142218,16.0760374164584,14.8689009034189,-1,10000,50
0.454,15.85,15.8968382795993,15.8731922418186,16.5195120079865,15.2709472004148,-1,10000,50
0.0655,15.85,16.3352938735541,16.3102815774391,16.995631905482,15.6642323964143,-1,10000,50
0.7975,15.85,15.5732672462371,15.5506049340825,16.2294996791527,14.9189140115252,-1,10000,50
0.574,15.85,15.7921419918726,15.7688165345503,16.4278175737056,15.1253459700814,-1,10000,50
0.403,15.85,15.9336355077697,15.9098762784381,16.6249515793117,15.2573051112134,-1,10000,50
0.309,15.85,16.0191095047677,15.9950863094857,16.6648785425566,15.3754919822998,-1,10000,50
0.651,15.85,15.7286671987683,15.7055350388916,16.3811725590978,15.1224158048401,-1,10000,50
0.565,15.85,15.8081008177084,15.7847266353687,16.4214097466678,15.1761946285796,-1,10000,50
0.694,15.85,15.6821180253862,15.6591271101457,16.3241806672584,15.0437890857648,-1,10000,50
0.218,15.85,16.1191777752342,16.0948436949255,16.7797968794957,15.4808499230794,-1,10000,50
0.3065,15.85,16.0247677939188,16.0007270730382,16.6419806432255,15.3876599804065,-1,10000,50
0.817,15.85,15.564007310834,15.5413728440619,16.2416778767529,14.9498449110791,-1,10000,50
0.607,15.85,15.7706416548717,15.7473817615714,16.4167628932713,15.1771866602187,-1,10000,50
0.322,15.85,16.0074205016011,15.9834334908554,16.6508428741008,15.3872336932111,-1,10000,50
0.3795,15.85,15.9569120287253,15.9330810595499,16.6259385474422,15.2992186048688,-1,10000,50
0.8825,15.85,15.4631570449921,15.4408247376836,16.1131202272845,14.8192358737135,-1,10000,50
0.868,15.85,15.4793585331531,15.4569778207825,16.1493210953929,14.8544073136306,-1,10000,50
0.3205,15.85,16.0199307869777,15.9959050483076,16.7111848924618,15.4133339677019,-1,10000,50
0.236,15.85,16.0948972785314,16.0706388143211,16.7282193189168,15.4598090598589,-1,10000,50
0.079,15.85,16.3055602302836,16.2806417959241,16.9950794653137,15.6574759703513,-1,10000,50
0.0595,15.85,16.3777130757014,16.352566568028,17.0446974601827,15.7243403627379,-1,10000,50
0.201,15.85,16.1391488717445,16.1147525080195,16.769620289899,15.4968401353937,-1,10000,50
0.394,15.85,15.9462239552185,15.9224259408163,16.604028176712,15.2755557712108,-1,10000,50
0.923,15.85,15.3891236648985,15.3670118814662,16.0463408527649,14.7777166688688,-1,10000,50
0.2185,15.85,16.1008840591425,16.0766069613637,16.7919454250008,15.4452062161077,-1,10000,50
0.644,15.85,15.7271630550868,15.7040354659937,16.3759119900334,15.0959988794248,-1,10000,50
0.8375,15.85,15.5305309518713,15.5079970088175,16.1632959609762,14.872415213372,-1,10000,50
0.5185,15.85,15.832400447785,15.8089519771466,16.4615671694904,15.2093621268845,-1,10000,50
0.2175,15.85,16.1209917594146,16.096652025152,16.7967300306971,15.4771104588806,-1,10000,50
