"p","truediv","chaoest","obsD","upper","lower","l","inds","reps"
0.303,25.75,26.0293557194296,25.9643685777134,27.0355492282301,25.0835570145947,-1,10000,50
0.0835,25.75,26.4863226844136,26.4189903929983,27.5355090570459,25.4653135619649,-1,10000,50
0.2835,25.75,26.0579273536571,25.9927947972822,27.0559658635775,25.0761471042324,-1,10000,50
0.6205,25.75,25.5997730609177,25.5369527367186,26.6388244401912,24.6125186949202,-1,10000,50
0.868,25.75,25.1580587308201,25.0974282163358,26.1969874053963,24.1379919629397,-1,10000,50
0.916,25.75,25.0303523374429,24.9703477120919,26.0834230093523,23.9993404310164,-1,10000,50
0.1225,25.75,26.3660009113001,26.2992901295608,27.3738200231639,25.3400870078782,-1,10000,50
0.543,25.75,25.6861719563209,25.6229187784222,26.7399883823289,24.6394027785527,-1,10000,50
0.9925,25.75,24.4708865220456,24.4135856721548,25.5231857854107,23.4839882786576,-1,10000,50
0.349,25.75,25.957418307729,25.892796572208,27.0093323668441,24.9140253348634,-1,10000,50
0.937,25.75,24.9306360341564,24.8711178672121,25.979509635037,23.9303236203894,-1,10000,50
0.6735,25.75,25.518641700814,25.4562264911748,26.5654438575617,24.4664986937348,-1,10000,50
0.039,25.75,26.6508948666309,26.5827078422178,27.6894955305756,25.6730876645529,-1,10000,50
0.459,25.75,25.8020465133562,25.7382104839968,26.8598031524314,24.7520490241413,-1,10000,50
0.1315,25.75,26.3445356232186,26.2779354161926,27.4431383341163,25.3235936657849,-1,10000,50
0.4335,25.75,25.8588452043338,25.7947225029548,26.9143294374813,24.8517069393838,-1,10000,50
0.11,25.75,26.3702425302774,26.3035098877524,27.3817764742011,25.4028632121804,-1,10000,50
0.032,25.75,26.7606953123955,26.6919350318301,27.8766513158322,25.6968238826037,-1,10000,50
0.4025,25.75,25.8824467363629,25.8182047259707,26.916423718484,24.8883340866713,-1,10000,50
0.742,25.75,25.4068552518172,25.3449960867326,26.4188968547309,24.4290999777833,-1,10000,50
0.4215,25.75,25.8645441823529,25.8003926819766,26.9403923092495,24.7767094168561,-1,10000,50
0.036,25.75,26.69815940502,26.6297259108831,27.7078650748869,25.6516555333983,-1,10000,50
0.168,25.75,26.2646926250823,26.1985029127496,27.3904851345116,25.1590058693563,-1,10000,50
0.2785,25.75,26.0285968350226,25.9636135534217,27.0630911928769,25.0016447030626,-1,10000,50
0.2045,25.75,26.1866625322521,26.1208727714977,27.1955720395128,25.1348602961786,-1,10000,50
0.4805,25.75,25.7765577945021,25.7128502025915,26.8142933192418,24.8109029286194,-1,10000,50
0.364,25.75,25.933209083548,25.8687100878139,26.9629965030362,24.8950760131421,-1,10000,50
0.3405,25.75,25.9587795661127,25.8941509256123,26.9838736602039,24.9177275481258,-1,10000,50
0.4115,25.75,25.8725082282805,25.8083164718999,26.9462629650273,24.885622230531,-1,10000,50
0.682,25.75,25.5165578191573,25.4541529977865,26.5291709619729,24.5172877269437,-1,10000,50
0.337,25.75,25.9830770885856,25.918325137095,27.0273395186683,24.9979072921836,-1,10000,50
0.1865,25.75,26.2087092911827,26.1428066498934,27.256489448816,25.1585904006802,-1,10000,50
0.1425,25.75,26.3198071091644,26.25333417344,27.3842025270843,25.2630834817817,-1,10000,50
0.062,25.75,26.5692716900012,26.5015092609524,27.6254077828413,25.5185281204766,-1,10000,50
0.191,25.75,26.2139450112758,26.148015548656,27.2483039627869,25.2126791401264,-1,10000,50
0.5075,25.75,25.7619471384116,25.6983131113307,26.8366969626428,24.753544133526,-1,10000,50
0.179,25.75,26.2244915087095,26.1585080024108,27.3018202992081,25.1536989444705,-1,10000,50
0.112,25.75,26.3807759889823,26.313989042855,27.4050711666298,25.3383837776004,-1,10000,50
0.579,25.75,25.6469973852836,25.5839406534445,26.6543257393231,24.6526030860091,-1,10000,50
0.8695,25.75,25.1850150294014,25.1242519882077,26.2122689498301,24.1783904607955,-1,10000,50
0.349,25.75,25.938940890137,25.8744128448865,26.9522483509019,24.9012051755447,-1,10000,50
0.312,25.75,26.0114659603327,25.9465697856346,27.0343498138405,25.0157513489999,-1,10000,50
0.165,25.75,26.267314518451,26.2011113463389,27.326460790027,25.2803111888089,-1,10000,50
0.224,25.75,26.1529641072211,26.0873466977071,27.1920598468675,25.1378270540496,-1,10000,50
0.417,25.75,25.8729232961881,25.8087294414113,26.9041133643122,24.8864944358017,-1,10000,50
0.57,25.75,25.6480104900593,25.5849486817099,26.7066260159971,24.6374529177483,-1,10000,50
0.8995,25.75,25.0943642459895,25.034046302972,26.0975308718023,24.1127759663905,-1,10000,50
0.677,25.75,25.4869903940122,25.4247328750441,26.5602342444964,24.4790823936841,-1,10000,50
0.82,25.75,25.2812312584132,25.2199940077294,26.2837089466812,24.2783398038863,-1,10000,50
0.1145,25.75,26.3865123992066,26.3196958706503,27.4342484695901,25.3223121555588,-1,10000,50
