"p","truediv","chaoest","obsD","upper","lower","l","inds","reps"
0.8825,100,92.7155,86,110.186461328766,83.2024613287657,1,1000,50
0.8925,100,92.995,88,107.966170173682,83.9891701736822,1,1000,50
0.778,100,95.6277,90,112.434221413604,84.9785071278895,1,1000,50
0.7515,100,96.2754285714286,86,114.707717160867,85.0960171608668,1,1000,50
0.701,100,97.992,90,114.977053998132,88.1636075695605,1,1000,50
0.2655,100,107.03195,89,132.104923698974,91.1409236989744,1,1000,50
0.5325,100,100.6237,91,121.332769083223,88.2844119403659,1,1000,50
0.4795,100,101.5519375,91,119.587676647462,90.614676647462,1,1000,50
0.9485,100,88.55,83,104.88088985154,79.6689791372543,1,1000,50
0.6525,100,98.656,88,121.453374961973,86.364067819116,1,1000,50
0.9495,100,87.5678571428572,84,104.096909672954,78.1282619456817,1,1000,50
0.859,100,93.7155,87,112.890484159956,83.471484159956,1,1000,50
0.9105,100,90.7155,84,107.575019459265,80.8457694592645,1,1000,50
0.775,100,95.991,87,113.829037425511,85.0185828800563,1,1000,50
0.756,100,95.9001818181818,87,114.042797965561,84.621797965561,1,1000,50
0.908,100,92.1625,88,108.460616870603,82.946816870603,1,1000,50
0.812,100,94.991,86,111.98689250107,84.2556425010701,1,1000,50
0.892,100,91.994,86,108.159901324523,82.1319513245233,1,1000,50
0.679,100,97.9001818181818,89,115.740907148599,86.6600465716758,1,1000,50
0.9375,100,89.995,85,104.383223902005,80.8204471162909,1,1000,50
0.8515,100,93.7952,89,110.98405997358,83.6125956878653,1,1000,50
0.6275,100,99.1585,91,118.908864692589,87.3929416156654,1,1000,50
0.9535,100,88.74325,82,104.680839340242,79.5375412633192,1,1000,50
0.8185,100,95.04395,89,113.185833332598,84.8881583325978,1,1000,50
0.869,100,92.44155,84,111.930699674469,80.9910269471958,1,1000,50
0.102,100,113.2,91,143.935123339331,95.1246483393311,1,1000,50
0.3405,100,105.1838,89,131.685518571923,90.4410185719231,1,1000,50
0.6355,100,99.06925,85,125.774633966959,85.4786339669593,1,1000,50
0.721,100,97.0276785714286,89,117.768337502245,85.1719625022453,1,1000,50
0.771,100,95.5519375,85,118.247207143626,83.076687912857,1,1000,50
0.878,100,93.995,89,109.121045285799,84.6861167143707,1,1000,50
0.974,100,86.552,83,100.368367353727,78.4226946264547,1,1000,50
0.384,100,103.4875,91,124.870879453977,91.0522885448857,1,1000,50
0.776,100,95.988,84,121.155714444813,83.42284171754,1,1000,50
0.911,100,92.6781363636364,89,106.313917799933,84.6074267285045,1,1000,50
0.953,100,90.4590769230769,88,102.889140304637,82.6910153046372,1,1000,50
0.9715,100,86.6317,85,101.128678613871,78.5300071852992,1,1000,50
0.755,100,96.7952,92,111.791265272621,86.6694970908024,1,1000,50
0.622,100,99.1042692307692,88,120.394471972066,86.1835296643738,1,1000,50
0.9115,100,91.0293,87,108.124238571227,81.2693385712268,1,1000,50
0.5005,100,101.23875,90,122.264288994406,88.9985889944063,1,1000,50
0.74,100,97.034625,90,117.185033384096,85.6501502672134,1,1000,50
0.818,100,94.994,89,112.081063685788,85.3048636857876,1,1000,50
0.757,100,95.8363076923077,86,115.768846582665,83.4648465826651,1,1000,50
0.939,100,90.1122692307692,87,105.593955287582,81.5465177875821,1,1000,50
0.728,100,97.0296785714286,91,114.67813367638,86.5016144456111,1,1000,50
0.8795,100,92.5549375,85,110.311687230956,82.6999872309556,1,1000,50
0.4235,100,103.0484375,89,126.490810896824,89.2582216111094,1,1000,50
0.9685,100,88.039625,86,101.526148410752,80.4281484107521,1,1000,50
0.4735,100,101.7902,92,122.142706330658,90.1354063306581,1,1000,50
