"p","truediv","chaoest","obsD","upper","lower","l","inds","reps"
0.604,100,100,100,104.29098248,97.79143248,1,10000,50
0.9995,100,98,98,98.4970800875,96.9971300875,1,10000,50
0.4805,100,100.49995,100,105.17443721625,97.67488721625,1,10000,50
0.5985,100,100.1249875,100,108.595802293571,96.5967022935714,1,10000,50
0.603,100,100,100,102.14158147375,97.89180647375,1,10000,50
0.4125,100,100.9999,100,107.32572932,98.32632932,1,10000,50
0.7245,100,99.49995,99,104.2350337725,96.7354837725,1,10000,50
0.1215,100,100.9999,100,105.11676650625,99.11706650625,1,10000,50
0.472,100,100.49995,100,105.12534452625,97.62579452625,1,10000,50
0.5975,100,100,100,103.31483914375,97.81528914375,1,10000,50
0.431,100,100.9999,100,108.3685863325,97.3693863325,1,10000,50
0.6015,100,100,100,102.78554690375,98.28579690375,1,10000,50
0.4255,100,100.9998,99,108.5154410575,97.5162410575,1,10000,50
0.592,100,100,100,102.8684086675,97.8687086675,1,10000,50
0.6415,100,100,100,101.85577445625,98.85597445625,1,10000,50
0.967,100,99,99,100.908238525,97.908438525,1,10000,50
0.4325,100,100.9998,99,108.361481356786,97.3622813567857,1,10000,50
0.644,100,100,100,101.90126497375,98.90146497375,1,10000,50
0.135,100,100.9999,100,105.52690726125,99.02735726125,1,10000,50
0.987,100,99,99,99.99122341875,97.99132341875,1,10000,50
0.9585,100,99,99,100.968408625,97.968608625,1,10000,50
0.664,100,100,100,104.225534975,97.725984975,1,10000,50
0.587,100,100,100,104.28851134375,97.78896134375,1,10000,50
0.3715,100,100.9999,100,105.3972678425,98.8977178425,1,10000,50
0.5325,100,100.249975,100,106.2607139625,97.2613139625,1,10000,50
0.549,100,100.249975,100,106.30234884875,97.30294884875,1,10000,50
0.4825,100,100.49995,100,105.0919374175,97.5923874175,1,10000,50
0.6615,100,100,100,104.248832795,97.749282795,1,10000,50
0.363,100,100.9999,100,105.83964509375,98.84004509375,1,10000,50
0.516,100,100.49995,100,105.48592847125,97.48652847125,1,10000,50
0.374,100,100.9999,100,106.1954068475,98.6958568475,1,10000,50
0.8705,100,99,99,101.09659942375,97.09679942375,1,10000,50
0.4565,100,100.9998,99,108.70493475625,97.70573475625,1,10000,50
0.945,100,99,99,100.87985243125,97.88005243125,1,10000,50
0.605,100,100,100,104.2705338925,97.7709838925,1,10000,50
0.469,100,100.49995,100,105.55190134,97.55250134,1,10000,50
0.508,100,100.249975,100,106.432503684286,97.1831286842857,1,10000,50
0.592,100,100,100,103.29465657875,97.79510657875,1,10000,50
0.659,100,100,100,104.231137365,97.731587365,1,10000,50
0.483,100,100.49995,100,105.22070000625,97.72115000625,1,10000,50
0.718,100,99.49995,99,104.2408016125,96.7412516125,1,10000,50
0.121,100,100.9999,100,105.54711452375,99.04756452375,1,10000,50
0.523,100,100.249975,100,106.219327820536,97.2199278205357,1,10000,50
0.449,100,100.9999,100,107.81242577,97.31317577,1,10000,50
0.4145,100,100,100,103.00830706125,98.00860706125,1,10000,50
0.641,100,100,100,102.11084503,98.86107003,1,10000,50
0.458,100,100.49995,100,105.41604633625,97.91649633625,1,10000,50
0.4445,100,100.49995,100,105.36497879375,97.86542879375,1,10000,50
0.6515,100,100,100,104.17936486,97.67981486,1,10000,50
0.607,100,100.16665,100,107.863408245,96.864208245,1,10000,50
