"p","truediv","chaoest","obsD","upper","lower","l","inds","reps"
0.083,25.75,26.4942109658848,26.4268378280099,27.5643104605195,25.4580475311473,-1,10000,50
0.2515,25.75,26.106926912615,26.0415445969264,27.2136401731477,25.0271400806646,-1,10000,50
0.344,25.75,25.9666129450279,25.9019445625861,27.0100936974695,24.9900617292866,-1,10000,50
0.4675,25.75,25.7983451286563,25.7345277585484,26.8531609115202,24.7418058960297,-1,10000,50
0.2115,25.75,26.1593820326722,26.0937318159306,27.2351444970102,25.1716352381546,-1,10000,50
0.7065,25.75,25.4744712626869,25.4122760606703,26.4947614676448,24.44738671339,-1,10000,50
0.9,25.75,25.0571862175702,24.9970503480589,26.1141574212865,24.0441920310354,-1,10000,50
0.7355,25.75,25.4149533156868,25.35305395282,26.4889068726535,24.3559515703183,-1,10000,50
0.0675,25.75,26.5276408519832,26.4600944731213,27.5635054898961,25.4805676547784,-1,10000,50
0.582,25.75,25.6530640518449,25.5899769178408,26.6590713481952,24.6636682673736,-1,10000,50
0.93,25.75,24.9852322509648,24.9254479850766,26.0044643854427,23.9897044457799,-1,10000,50
0.4615,25.75,25.794591571445,25.730793120821,26.81236252629,24.7938525549524,-1,10000,50
0.6155,25.75,25.594478411714,25.5316845652286,26.6277579128447,24.5656329658903,-1,10000,50
0.4965,25.75,25.7464911747651,25.6829349225249,26.820327684605,24.6838231662881,-1,10000,50
0.3405,25.75,25.9541033647669,25.8894984427467,26.960026917334,24.9499899871368,-1,10000,50
0.771,25.75,25.3567544977237,25.2951437371248,26.4153742711691,24.3448225296073,-1,10000,50
0.145,25.75,26.3094884134581,26.2430685495194,27.4006707728065,25.2458149989141,-1,10000,50
0.052,25.75,26.6220294831189,26.553992764568,27.6568595928418,25.5508258967409,-1,10000,50
0.7825,25.75,25.3463545508608,25.2847952917688,26.4150274032988,24.3155746568384,-1,10000,50
0.8495,25.75,25.2041869349602,25.1433295501003,26.2048970025713,24.2225128037318,-1,10000,50
0.661,25.75,25.5325472948369,25.4700627429526,26.507360352801,24.4981820500994,-1,10000,50
0.786,25.75,25.3443757993782,25.2828263368168,26.3493201354213,24.3386977381522,-1,10000,50
0.2965,25.75,26.0130629854848,25.948158692711,27.0655296744805,24.9810795344861,-1,10000,50
0.4715,25.75,25.7837895543548,25.7200455347686,26.8119857899569,24.7656746357565,-1,10000,50
0.8245,25.75,25.2445685928179,25.1835122537934,26.3103538029364,24.2264723970639,-1,10000,50
0.7725,25.75,25.3685788876795,25.3069095455132,26.4316558459587,24.3613761442545,-1,10000,50
0.1395,25.75,26.3347662634762,26.2682163513342,27.3615207995087,25.3218756748567,-1,10000,50
0.6115,25.75,25.6094637456664,25.5465949454529,26.6532441993767,24.6138636637094,-1,10000,50
0.722,25.75,25.4661925406137,25.4040385308133,26.5327534056199,24.4852284520496,-1,10000,50
0.834,25.75,25.2359417960601,25.1749279871185,26.3353450484771,24.2159402060762,-1,10000,50
0.1515,25.75,26.2597400550984,26.1935757636082,27.2858861366807,25.2436707997868,-1,10000,50
0.4815,25.75,25.7762654189706,25.7125592995899,26.7435189423711,24.7772579777066,-1,10000,50
0.276,25.75,26.0742899521541,26.0090740457531,27.1302042374945,25.0482343799725,-1,10000,50
0.1395,25.75,26.310776077113,26.2443495915329,27.3628259721241,25.3133467291584,-1,10000,50
0.0845,25.75,26.5138397523571,26.4463649206953,27.6177143166425,25.4456212384265,-1,10000,50
0.0795,25.75,26.4951938211268,26.4278155930455,27.5616463329311,25.4216538681965,-1,10000,50
0.0455,25.75,26.6599761209375,26.5917417750413,27.7407061480812,25.6294021837467,-1,10000,50
0.8445,25.75,25.228670306014,25.1676923340216,26.2070087142609,24.2419536184887,-1,10000,50
0.144,25.75,26.2982786055258,26.2319163726506,27.3218062374339,25.2675315060614,-1,10000,50
0.3315,25.75,25.9846976404055,25.9199374603749,27.0240440457916,24.9232568278903,-1,10000,50
0.9595,25.75,24.8534494072356,24.794306433825,25.8821558449935,23.8681290445418,-1,10000,50
0.446,25.75,25.8194625916037,25.7555387286036,26.8653361049742,24.7801222515376,-1,10000,50
0.5185,25.75,25.7297427488907,25.6662707216637,26.8070777293064,24.7597864083958,-1,10000,50
0.494,25.75,25.7649741680302,25.7013249032988,26.7860632999671,24.7467996309149,-1,10000,50
0.3365,25.75,25.9744510530056,25.9097428924393,26.976185593235,24.9675538953258,-1,10000,50
0.909,25.75,25.0563071528878,24.9961755851355,26.0700455629906,24.0720881126618,-1,10000,50
0.217,25.75,26.1715286015363,26.105816271442,27.2918907265663,25.1182235394644,-1,10000,50
0.623,25.75,25.6015165806881,25.5386875362011,26.692367475028,24.6072871669854,-1,10000,50
0.779,25.75,25.332124701241,25.2706358749023,26.3947130822074,24.2927452296867,-1,10000,50
0.525,25.75,25.7268431395856,25.663385688351,26.7632888771687,24.7294439267388,-1,10000,50
