"p","truediv","chaoest","obsD","upper","lower","l","inds","reps"
0.2755,25.75,26.7914610598585,26.1178437108232,30.1766229805508,23.4688608049047,-1,1000,50
0.8135,25.75,24.4397690576378,23.88002674563,27.4223926183492,21.5039406508966,-1,1000,50
0.982,25.75,22.4222292050097,21.9519690916275,25.5084003764142,19.5864853694594,-1,1000,50
0.1285,25.75,27.7793226183194,27.0548130512418,31.4233381288633,24.4583922233183,-1,1000,50
0.677,25.75,24.9974977479733,24.4116785470169,28.3066383443258,21.9304078493806,-1,1000,50
0.151,25.75,27.5312792812656,26.8197178565682,30.9444610529839,24.4379851408104,-1,1000,50
0.286,25.75,26.6755674232311,26.0078023407022,29.9175447615972,23.5757219409143,-1,1000,50
0.8055,25.75,24.376555560978,23.8197322662093,27.4949228513084,21.3381587614507,-1,1000,50
0.346,25.75,26.4818152900011,25.8237785352753,30.0009982037886,23.1297378177995,-1,1000,50
0.563,25.75,25.5524861878453,24.9401436552275,28.8579811810528,22.6489743453589,-1,1000,50
0.0655,25.75,28.3822944485483,27.6258356815294,31.8070750048525,25.1121100696498,-1,1000,50
0.132,25.75,27.5495008548895,26.8369921099243,31.0250331256465,24.4220451441929,-1,1000,50
0.5125,25.75,25.7288554651283,25.1079642462589,29.0311178604492,22.6360570479753,-1,1000,50
0.1905,25.75,27.1748000652849,26.4816482177851,30.515773591582,24.0552974743036,-1,1000,50
0.755,25.75,24.7866216752681,24.2107301956227,27.697506260159,22.0604762464522,-1,1000,50
0.267,25.75,26.8288752819853,26.1533633225233,30.2217652421892,23.7067560521026,-1,1000,50
0.978,25.75,22.7874087591242,22.3015165031222,25.6398505070397,19.960197827694,-1,1000,50
0.5915,25.75,25.4069175991863,24.8015873015873,28.6381152325419,22.3500914264715,-1,1000,50
0.5045,25.75,25.7341576506956,25.1130085384229,28.9801756509482,22.6789976853537,-1,1000,50
0.112,25.75,27.7222777222778,27.0007560211686,31.1015348744892,24.6173078021333,-1,1000,50
0.1985,25.75,27.0893215467217,26.4005491314219,30.3040450014142,24.0235535687631,-1,1000,50
0.4045,25.75,26.1614204158593,25.5193181238197,29.4380863763928,23.0646740304576,-1,1000,50
0.348,25.75,26.4243770830028,25.7692109467608,29.712097281187,23.2031183509208,-1,1000,50
0.845,25.75,24.244042129787,23.6933137468606,27.1776000932645,21.4399453411799,-1,1000,50
0.8145,25.75,24.4182635901448,23.8595151746516,27.5200209782215,21.6251183101325,-1,1000,50
0.3045,25.75,26.5578477243727,25.8960016573441,29.8545654110064,23.5208159071401,-1,1000,50
0.746,25.75,24.6703215291155,24.0998698607027,28.1290796017588,21.4425437963529,-1,1000,50
0.657,25.75,25.1497910477822,24.5567506507539,28.3003691294866,22.2616600950945,-1,1000,50
0.487,25.75,25.8139534883722,25.1889168765743,29.155790625685,22.5702471797768,-1,1000,50
0.6115,25.75,25.3373237293295,24.7353319481547,28.8157166000649,22.3201460956133,-1,1000,50
0.202,25.75,27.1748000652849,26.4816482177851,30.6168473539107,23.9991977021689,-1,1000,50
0.247,25.75,26.9315792311426,26.2508531527275,30.400507171344,23.641618205122,-1,1000,50
0.6105,25.75,25.3862573693841,24.781919111816,28.6700196906927,22.4390405276454,-1,1000,50
0.7375,25.75,24.6703215291155,24.0998698607028,27.9703303440385,21.5211730891441,-1,1000,50
0.502,25.75,25.8019525801953,25.1775013847626,28.791387525587,23.0281612112468,-1,1000,50
0.2925,25.75,26.6684463427657,26.0010400416017,29.8488103264533,23.6930967838835,-1,1000,50
0.614,25.75,25.3116448768624,24.7108826727291,28.549262041082,22.3216208647472,-1,1000,50
0.9805,25.75,22.6151129623762,22.1366272634701,25.6624066301429,19.8348913960345,-1,1000,50
0.8545,25.75,24.1141257120789,23.5693410012256,27.322164826141,21.1770271753576,-1,1000,50
0.9905,25.75,22.4443945180859,21.9731927049,25.1547811396502,19.8569848709607,-1,1000,50
0.409,25.75,26.1970944563907,25.5532273726172,29.3057207816462,23.1189880119812,-1,1000,50
0.318,25.75,26.6016935612718,25.9376458992582,30.1515086642441,23.2521616627326,-1,1000,50
0.731,25.75,24.8112457778662,24.2341993020551,27.9768282184161,21.883866645988,-1,1000,50
0.14,25.75,27.5343145361337,26.8225953543265,30.9954544276289,24.2794960671867,-1,1000,50
0.631,25.75,25.2642759597391,24.6657786986335,28.2952928396924,22.3932205003043,-1,1000,50
0.379,25.75,26.234243697479,25.5885363357216,29.3257578240035,23.2249355199847,-1,1000,50
0.833,25.75,24.3373611381797,23.7823439878234,27.5682285911954,21.3188643519465,-1,1000,50
0.868,25.75,23.9775345622121,23.4389649353085,27.0380713089587,21.0844887569613,-1,1000,50
0.2815,25.75,26.7670542843364,26.0946714680862,30.1135763266602,23.585391460608,-1,1000,50
0.35,25.75,26.4453621346888,25.7891479265525,29.9725945069405,23.1838826010024,-1,1000,50
