"p","truediv","chaoest","obsD","upper","lower","l","inds","reps"
0.4,25.75,25.871530862907,25.8073440475103,26.8981163079003,24.8577947453255,-1,10000,50
0.1425,25.75,26.3485203826188,26.2818996557071,27.4710675500693,25.303136346818,-1,10000,50
0.813,25.75,25.282931656941,25.2216860091777,26.2902459610247,24.3101100164776,-1,10000,50
0.8125,25.75,25.2866656652145,25.2254015757804,26.3324694401037,24.2797853625847,-1,10000,50
0.855,25.75,25.1798144464999,25.1190769844448,26.2457280874079,24.1608422445249,-1,10000,50
0.784,25.75,25.3351029138789,25.2735993497608,26.3125947427531,24.2735046006355,-1,10000,50
0.791,25.75,25.3314444319464,25.2699589716946,26.4408024963241,24.3588156999118,-1,10000,50
0.2195,25.75,26.1481219586693,26.0825292958969,27.170073903188,25.1322534405599,-1,10000,50
0.3765,25.75,25.9208257334513,25.8563894758289,26.9247615446396,24.898599738582,-1,10000,50
0.7745,25.75,25.3548255565687,25.2932243498883,26.4128270951816,24.3974574703192,-1,10000,50
0.25,25.75,26.0903735680171,26.0250756809201,27.114078945734,25.0786882252407,-1,10000,50
0.2735,25.75,26.0543965979977,25.9892820200949,27.0887576996891,25.0745950338211,-1,10000,50
0.0715,25.75,26.4675612891203,26.4003260968279,27.5017776712368,25.423229167173,-1,10000,50
0.091,25.75,26.4726346188671,26.405373176577,27.5223807956744,25.4151106065109,-1,10000,50
0.6635,25.75,25.5066119750214,25.4442567223726,26.4936544201488,24.4855591808438,-1,10000,50
0.54,25.75,25.69977196882,25.636450520625,26.7227865737433,24.6621084746298,-1,10000,50
0.081,25.75,26.5037477396668,26.4363252027534,27.5780457856242,25.4702642463714,-1,10000,50
0.4975,25.75,25.738127487517,25.6746133018118,26.7361559209643,24.6710345900989,-1,10000,50
0.406,25.75,25.8850598755425,25.8208046485711,26.9313257836301,24.8677783995533,-1,10000,50
0.484,25.75,25.7798408296576,25.7161167017949,26.7923602782807,24.7670750317621,-1,10000,50
0.307,25.75,26.022473173352,25.957521035975,27.0451575190966,25.0363810378776,-1,10000,50
0.9875,25.75,24.6591031277775,24.6008996056968,25.6304971977334,23.6416776886674,-1,10000,50
0.248,25.75,26.1101310128505,26.0447323487035,27.1555024278448,25.0753803461231,-1,10000,50
0.6175,25.75,25.5928930642467,25.5301071447537,26.5859985152915,24.5453384420275,-1,10000,50
0.13,25.75,26.3441608124086,26.2775625353433,27.3743189042168,25.2981267702485,-1,10000,50
0.45,25.75,25.8356337959752,25.771628323638,26.9052579179474,24.8595343960733,-1,10000,50
0.3735,25.75,25.9232315606464,25.8587831166971,26.9963046570816,24.9231894567157,-1,10000,50
0.0085,25.75,27.0073753714561,26.9373184761451,28.0680985219141,25.9267231067989,-1,10000,50
0.4285,25.75,25.8508628329795,25.7867804585715,26.9304666021647,24.8395697370408,-1,10000,50
0.2685,25.75,26.0882769474498,26.0229897500648,27.1430383130458,25.0293106688935,-1,10000,50
0.912,25.75,25.0273952235945,24.9674050527037,26.0647451575709,24.0444964782294,-1,10000,50
0.789,25.75,25.32310447737,25.2616602771507,26.3262810904811,24.3484605979405,-1,10000,50
0.545,25.75,25.7019519500222,25.6386195551905,26.7180851056211,24.7412554234638,-1,10000,50
0.753,25.75,25.3840869522391,25.3223407364041,26.4536967844871,24.3797531797887,-1,10000,50
0.935,25.75,24.9787534455391,24.9190007879388,25.9599293961336,23.9411005907284,-1,10000,50
0.1935,25.75,26.2359826804206,26.1699402644944,27.3136763904934,25.2214416991667,-1,10000,50
0.347,25.75,25.9457658502966,25.8812032067846,27.0349710969478,24.8465115777983,-1,10000,50
0.1075,25.75,26.4162089160451,26.3492391393706,27.4884648173332,25.3898488810802,-1,10000,50
0.067,25.75,26.5351453342569,26.467560035043,27.5400238161829,25.4874828173467,-1,10000,50
0.6705,25.75,25.5145393833335,25.4521446231581,26.5759911879888,24.4718425566861,-1,10000,50
0.08,25.75,26.4954465671186,26.428067030035,27.5248357795811,25.4816115931517,-1,10000,50
0.953,25.75,24.8365714353844,24.7775103458494,25.9117737363005,23.8174152251982,-1,10000,50
0.218,25.75,26.1749404329663,26.1092106506781,27.2321744268327,25.1389099691775,-1,10000,50
0.171,25.75,26.2617539668406,26.1955793388131,27.2768063097885,25.1973670296181,-1,10000,50
0.978,25.75,24.6845005332385,24.6261746685317,25.7199088719022,23.6861707083269,-1,10000,50
0.141,25.75,26.3137257172391,26.2472840622817,27.3695673271925,25.289867308097,-1,10000,50
0.2705,25.75,26.0743579459904,26.0091416931223,27.1076677404199,25.0398200834072,-1,10000,50
0.2155,25.75,26.1714326994501,26.1057208598807,27.2345952193403,25.1307608427805,-1,10000,50
0.118,25.75,26.3529091777386,26.2862658466754,27.4197869872577,25.3013472414359,-1,10000,50
0.2115,25.75,26.1608193132203,26.0951617482506,27.2072488960872,25.1432191959219,-1,10000,50
