"p","truediv","chaoest","obsD","upper","lower","l","inds","reps"
0.488,25.75,25.8192908094697,25.1939937518895,29.2171484829248,22.5761415590153,-1,1000,50
0.5715,25.75,25.5472585924714,24.9351685617395,28.8673654182295,22.5587869669965,-1,1000,50
0.6445,25.75,25.2183571464635,24.6220515093318,28.1947184330565,22.3346484408938,-1,1000,50
0.6535,25.75,25.1409301389169,24.548311076198,28.3567081296533,22.117284588074,-1,1000,50
0.968,25.75,22.7614490772386,22.2766763198931,26.0106499392321,19.9173381083994,-1,1000,50
0.036,25.75,28.8828495431943,28.0993593346072,32.4006090756328,25.5520421820176,-1,1000,50
0.3855,25.75,26.2246022995748,25.5793727937791,29.6505980633018,23.1055424964168,-1,1000,50
0.834,25.75,24.3042039704166,23.7507125213756,27.3245557959518,21.4224365567763,-1,1000,50
0.352,25.75,26.3546668073657,25.7029764046677,29.5024579676929,23.1423432885589,-1,1000,50
0.7015,25.75,24.9687578105474,24.3842965130456,27.9357361827432,22.0045815208001,-1,1000,50
0.128,25.75,27.7330520237634,27.0109664523797,31.2649276196882,24.3371877014086,-1,1000,50
0.4875,25.75,25.8019525801953,25.1775013847626,29.052209232318,22.5949897918478,-1,1000,50
0.411,25.75,26.1395154115862,25.4984955887603,29.3173552073138,23.2271612341681,-1,1000,50
0.385,25.75,26.2825572217838,25.6344527044348,29.5268648475851,23.4518936265558,-1,1000,50
0.6775,25.75,25.0463821892394,24.4582497676466,27.9936866416633,22.0570371132461,-1,1000,50
0.7735,25.75,24.5611447116094,23.9957767432932,27.5685467864643,21.4722407746484,-1,1000,50
0.112,25.75,27.7947804796618,27.0694602349629,31.3331573698013,24.579564244148,-1,1000,50
0.603,25.75,25.3746507493016,24.770869457518,28.8331603022258,22.2655324896168,-1,1000,50
0.3655,25.75,26.3019324943395,25.652865425068,29.2019772629991,23.6045468012249,-1,1000,50
0.636,25.75,25.2272727272728,24.6305418719212,28.516700481653,22.1493667713259,-1,1000,50
0.052,25.75,28.3307810107199,27.5770779328222,31.604756826701,25.3279683573595,-1,1000,50
0.0065,25.75,29.9245147375989,29.0832945556073,33.471684893084,26.586884171533,-1,1000,50
0.9525,25.75,23.2422874691732,22.7365740530217,26.2458010662113,20.3975096532753,-1,1000,50
0.8755,25.75,23.9579835963356,23.4203007166612,27.2808620919971,20.841952081343,-1,1000,50
0.9295,25.75,23.3990724691995,22.8864374971392,26.624193109598,20.4665144236634,-1,1000,50
0.48,25.75,25.8460105557281,25.2194088570564,28.9606909731756,22.9793704526724,-1,1000,50
0.076,25.75,28.072837632777,27.3328595637676,31.5048793772538,24.9949053946365,-1,1000,50
0.2465,25.75,26.84040838259,26.1643118785976,30.0374705113347,23.7824667708539,-1,1000,50
0.891,25.75,23.9786856127887,23.4400637569734,26.976798258428,21.1863351696196,-1,1000,50
0.6035,25.75,25.403041244978,24.7978971383227,28.6135191474146,22.370044160552,-1,1000,50
0.63,25.75,25.2604430059675,24.662128834961,28.7988178181765,22.109648391998,-1,1000,50
0.581,25.75,25.4613110408809,24.8533651456407,28.8156822824199,22.3642613660661,-1,1000,50
0.616,25.75,25.2949815161797,24.6950165456611,28.2670310899442,22.448967337071,-1,1000,50
0.0555,25.75,28.6098860186724,27.8411938303914,31.9429564158783,25.0355460719265,-1,1000,50
0.9005,25.75,23.7857142857144,23.2558139534884,26.9068562986284,20.8791445539532,-1,1000,50
0.595,25.75,25.4250229054261,24.8188225950561,28.9818646340502,22.2390225183087,-1,1000,50
0.8215,25.75,24.3397329694962,23.7846066026068,27.4578296593479,21.4308731312104,-1,1000,50
0.9245,25.75,23.6920741829911,23.1663809479683,26.6078411391832,21.0484985015313,-1,1000,50
0.681,25.75,25.0514067907117,24.463036352072,28.2622746453117,22.1065041887969,-1,1000,50
0.9885,25.75,22.4666036972069,21.994457396736,25.298073165577,19.7163849686701,-1,1000,50
0.903,25.75,23.7585616438357,23.2298829213901,26.6910119463036,20.9919071336653,-1,1000,50
0.5695,25.75,25.4807937560578,24.8719096652241,28.7257932515848,22.463651083361,-1,1000,50
0.032,25.75,28.9430988527061,28.1563239103503,32.6138283893491,25.627197582293,-1,1000,50
0.5045,25.75,25.7673458859944,25.1445813427206,29.088827845507,22.7496132881303,-1,1000,50
0.0315,25.75,28.6690007461402,27.8971154382637,31.828804572942,25.5719092936679,-1,1000,50
0.827,25.75,24.3172192200965,23.7631291288437,27.3868764536006,21.3231479039456,-1,1000,50
0.6085,25.75,25.3039513677812,24.703557312253,28.581726481179,22.1990431623796,-1,1000,50
0.936,25.75,23.5857965813581,23.0648583817695,26.3470116726563,20.9898800029143,-1,1000,50
0.61,25.75,25.3604792851341,24.7573776985542,28.5600200331333,22.5117261198145,-1,1000,50
0.2225,25.75,27.0116807268009,26.3268744734625,30.0837834175884,24.0552390106112,-1,1000,50
