"p","truediv","chaoest","obsD","upper","lower","l","inds","reps"
0.013,100,100,100,100.0090004,100.0090004,1,10000,50
0.001,100,100,100,100.001,100.001,1,10000,50
0.128,100,100,100,100.610201775,99.110251775,1,10000,50
0.0035,100,100,100,100.0035,100.0035,1,10000,50
5e-04,100,100,100,100.0005,100.0005,1,10000,50
0.001,100,100,100,100.001,100.001,1,10000,50
0.004,100,100,100,100.003750025,100.003750025,1,10000,50
0.359082782175392,100,100,100,100,100,1,10000,50
5e-04,100,100,100,100.00000005,100.00000005,1,10000,50
0.052,100,100,100,100.05150005,99.05150005,1,10000,50
0.001,100,100,100,100.001,100.001,1,10000,50
0.001,100,100,100,100.001,100.001,1,10000,50
0.004,100,100,100,100.004,100.004,1,10000,50
0.974305467912927,100,100,100,100,100,1,10000,50
0.001,100,100,100,100.001,100.001,1,10000,50
0.0035,100,100,100,100.00300005,100.00300005,1,10000,50
5e-04,100,100,100,100.000250025,100.000250025,1,10000,50
0.0015,100,100,100,100.0015,100.0015,1,10000,50
0.127,100,100,100,100.125750125,99.125750125,1,10000,50
0.002,100,100,100,100.002,100.002,1,10000,50
0.052,100,100,100,100.047750425,99.047750425,1,10000,50
0.001,100,100,100,100.000750025,100.000750025,1,10000,50
0.9995,100,100,100,99.999750025,99.999750025,1,10000,50
0.816627604421228,100,100,100,100,100,1,10000,50
0.1355,100,100,100,100.61295235,99.11300235,1,10000,50
0.022,100,100,100,100.021250075,100.021250075,1,10000,50
0.307247200515121,100,100,100,100,100,1,10000,50
0.99287181883119,100,100,100,100,100,1,10000,50
0.0065,100,100,100,100.0035003,100.0035003,1,10000,50
0.0501528130844235,100,100,100,100,100,1,10000,50
0.053,100,100,100,100.047750525,99.047750525,1,10000,50
5e-04,100,100,100,100.0005,100.0005,1,10000,50
0.001,100,100,100,100.001,100.001,1,10000,50
0.043,100,100,100,100.03450085,99.03450085,1,10000,50
5e-04,100,100,100,100.0005,100.0005,1,10000,50
0.0045,100,100,100,100.004250025,100.004250025,1,10000,50
0.0025,100,100,100,100.0025,100.0025,1,10000,50
0.0015,100,100,100,100.0015,100.0015,1,10000,50
0.268057353096083,100,100,100,100,100,1,10000,50
0.004,100,100,100,100.003750025,100.003750025,1,10000,50
0.0015,100,100,100,100.0015,100.0015,1,10000,50
0.001,100,100,100,100.001,100.001,1,10000,50
0.005,100,100,100,100.004250075,100.004250075,1,10000,50
0.57393460883759,100,100,100,100,100,1,10000,50
0.046,100,100,100,100.046,99.046,1,10000,50
5e-04,100,100,100,100.0005,100.0005,1,10000,50
0.17303900886327,100,100,100,100,100,1,10000,50
0.0327149755321443,100,100,100,100,100,1,10000,50
0.005,100,100,100,100.004750025,100.004750025,1,10000,50
0.0075,100,100,100,100.0075,100.0075,1,10000,50
