"p","truediv","chaoest","obsD","upper","lower","l","inds","reps"
0.2035,50.5,52.6509960999264,50.065084609993,57.8419594128383,47.4548255598834,-1,1000,50
0.3295,50.5,51.6012396694216,49.1159135559921,56.1248756904555,47.0998602192237,-1,1000,50
0.26,50.5,52.3859465128476,49.825610363727,57.8268733329852,46.8746310744825,-1,1000,50
0.437,50.5,50.8448697068406,48.4308407593956,55.4100545148091,46.3819922488091,-1,1000,50
0.008,50.5,56.3007213706043,53.3504054630815,61.4215270747741,51.5308575741311,-1,1000,50
0.4575,50.5,50.7209585702683,48.3185156551991,55.1738748525793,45.9302362594042,-1,1000,50
0.543,50.5,50.2161455715292,47.8606298458888,54.3563866455069,46.0057060007933,-1,1000,50
0.664,50.5,49.4065281899111,47.1253534401508,54.4060722077289,44.5068163038564,-1,1000,50
0.434,50.5,50.8396946564887,48.4261501210654,55.5655093680077,46.0735330582968,-1,1000,50
0.6945,50.5,49.2409305993693,46.9748214956783,54.2729026114683,44.4135223282735,-1,1000,50
0.0755,50.5,54.4889276753574,51.7223544015724,59.5684063779402,49.2080770713402,-1,1000,50
0.2565,50.5,52.0529387244687,49.5245641838352,56.993201512462,46.9972409221352,-1,1000,50
0.067,50.5,54.1404725774986,51.4085955171705,59.0643753549096,49.2935110834395,-1,1000,50
0.311,50.5,51.7884914463454,49.2853622474125,56.8082829395283,46.9605932450688,-1,1000,50
0.0215,50.5,55.217775812514,52.3779593547035,59.7316723342228,50.6707979367849,-1,1000,50
0.7825,50.5,48.5186983972803,46.3177396943029,53.392248255212,43.7164117264265,-1,1000,50
0.433,50.5,50.8966782147953,48.4777971688966,55.5932899640433,46.5383121721291,-1,1000,50
0.1805,50.5,52.8291909042836,50.2260170768458,58.070453370537,47.5790664735002,-1,1000,50
0.4725,50.5,50.7312614259599,48.3278561763,55.4565662230861,45.956259332698,-1,1000,50
0.3465,50.5,51.516089108911,49.0388387602982,56.428618108434,46.3534402074002,-1,1000,50
0.847,50.5,48.098218584497,45.9347726228755,52.780787763291,43.4829541209251,-1,1000,50
0.908,50.5,47.1938775510205,45.1100685673042,51.9629567835498,42.1496364018774,-1,1000,50
0.7235,50.5,48.9801921945481,46.7377079828005,54.0806135906269,44.1083380052656,-1,1000,50
0.3735,50.5,51.3307984790876,48.8710780959828,56.5836554640386,46.1136550062924,-1,1000,50
0.928,50.5,46.9940728196445,44.9276664570042,51.6579730372549,42.3659164484368,-1,1000,50
0.9505,50.5,46.65608070241,44.6189541317152,51.2222513340381,42.2362204895999,-1,1000,50
0.4455,50.5,50.7725147387682,48.3652544012382,55.4841314511095,46.3585219213543,-1,1000,50
0.225,50.5,52.2653552369992,49.7166152928309,56.7565073750111,47.7455354351259,-1,1000,50
0.6685,50.5,49.5191831069695,47.2277321243034,54.3161744684561,44.863410118071,-1,1000,50
0.695,50.5,49.4211932324134,47.1386820024512,54.3413989515118,44.5211984498889,-1,1000,50
0.093,50.5,53.5886707434826,50.9113124936361,58.1147641496488,49.1748030639683,-1,1000,50
0.917,50.5,47.0649203806654,44.992351300279,51.8369396667576,41.9765790777432,-1,1000,50
0.962,50.5,46.2328767123289,44.2321302193914,51.0547322221361,41.6429539945225,-1,1000,50
0.886,50.5,47.5850242926552,45.4669455305993,52.4763303783531,42.888635430769,-1,1000,50
0.7515,50.5,48.8031265266245,46.5766185374942,53.7601624563925,43.9612535423164,-1,1000,50
0.0235,50.5,55.017072364798,52.1975153982671,59.7066229296033,50.582928618,-1,1000,50
0.5495,50.5,50.206050859383,47.8514690400995,55.1876817315446,45.5123450876735,-1,1000,50
0.0135,50.5,55.7291085574028,52.8373665856494,60.6511495476049,50.8598695455395,-1,1000,50
0.152,50.5,53.1948881789139,50.5561172901921,58.1487692745318,48.2229024824468,-1,1000,50
0.7295,50.5,49.0427098674523,46.7945718296678,53.7394888961941,44.4915930649872,-1,1000,50
0.4555,50.5,50.824175824176,48.4120836560806,55.7736515659172,45.8171874064468,-1,1000,50
0.006,50.5,56.4853556485357,53.516001284384,61.1897805782571,51.6114263895497,-1,1000,50
0.985,50.5,44.9837896253604,43.0885901413306,50.0965340531507,40.0795233040179,-1,1000,50
0.6185,50.5,49.800598205384,47.4833808167141,55.0768292679386,45.0208365318611,-1,1000,50
0.7755,50.5,48.5422740524783,46.339202965709,53.6611778655096,43.5300946346681,-1,1000,50
0.3725,50.5,51.293900184843,48.8376636061731,55.8148933557082,46.5383398095276,-1,1000,50
0.507,50.5,50.4392608300517,48.0630587330578,55.7279141836252,45.1802196612798,-1,1000,50
0.9055,50.5,47.0782280867108,45.004500450045,52.1605423065324,41.9542499804782,-1,1000,50
0.599,50.5,49.8652291105123,47.5420747361415,55.089951974049,44.8934866585689,-1,1000,50
0.0605,50.5,54.0877097996753,51.3610683102209,58.7350558990308,49.5077592342589,-1,1000,50
