"p","truediv","chaoest","obsD","upper","lower","l","inds","reps"
0.6825,69.7064346943527,69.4497447032416,69.1056113395592,70.5896712159753,68.2820005384533,0,10000,50
0.825,69.7064346943527,69.1595331605132,68.8168096439007,70.3201922065843,68.0316960643404,0,10000,50
0.06,69.7064346943527,70.601731745285,70.2518529117428,71.7277335654475,69.4768986164195,0,10000,50
0.782,69.7064346943527,69.2479565421776,68.9047789453941,70.3949275595613,68.1642616880671,0,10000,50
0.0695,69.7064346943527,70.547998495748,70.1984052401369,71.6750098517567,69.4409777712525,0,10000,50
0.607,69.7064346943527,69.5406703460608,69.196081879245,70.7351604377447,68.4204761820564,0,10000,50
0.389,69.7064346943527,69.8640183073494,69.5178291666966,71.0263401028798,68.7309898235431,0,10000,50
0.06,69.7064346943527,70.6301801897121,70.2801956589229,71.7768318531073,69.4676277270489,0,10000,50
0.791,69.7064346943527,69.2321906463097,68.8890444566965,70.427842534686,68.0623919053661,0,10000,50
0.1455,69.7064346943527,70.3119671668495,69.9633174853489,71.4147693456395,69.2072828554916,0,10000,50
0.9015,69.7064346943527,68.947594842452,68.605789849244,70.1392522400842,67.8066934800135,0,10000,50
0.1045,69.7064346943527,70.4404617504276,70.0913333033452,71.5383873332051,69.3133406326565,0,10000,50
0.0445,69.7064346943527,70.6663292020209,70.3161040686126,71.7831037228372,69.557373477501,0,10000,50
0.1435,69.7064346943527,70.35273449457,70.0041050557075,71.5364724301424,69.2048216349469,0,10000,50
0.1095,69.7064346943527,70.4281720407237,70.0792428573205,71.5934406756402,69.3575569417819,0,10000,50
0.1085,69.7064346943527,70.4254776671747,70.0764285185344,71.6001803083943,69.2483016565959,0,10000,50
0.6475,69.7064346943527,69.4683639836796,69.1240909890689,70.6067085340563,68.2602373242436,0,10000,50
0.223,69.7064346943527,70.1374161941326,69.7898504873015,71.3176463879152,68.9345908075675,0,10000,50
0.9,69.7064346943527,68.962666229889,68.6209149836893,70.1365608748604,67.7873046307865,0,10000,50
0.523,69.7064346943527,69.6675002922169,69.3222400657752,70.7951377734336,68.5357098705599,0,10000,50
0.52,69.7064346943527,69.6743271789374,69.329064927597,70.786012605043,68.5715845100734,0,10000,50
0.3295,69.7064346943527,69.9557268969057,69.6090318692679,71.0497549725407,68.8247071961631,0,10000,50
0.1445,69.7064346943527,70.3505504972471,70.0019645901159,71.5655128476648,69.1417587610814,0,10000,50
0.4195,69.7064346943527,69.8356739487954,69.4896301576668,70.9413088604892,68.7186350740144,0,10000,50
0.1215,69.7064346943527,70.4087439428222,70.0597649131388,71.5302161652418,69.2967408877822,0,10000,50
0.873,69.7064346943527,69.01496372463,68.672989790292,70.1412124506344,67.8556630925501,0,10000,50
0.555,69.7064346943527,69.6328750816769,69.2878206574994,70.8164181720411,68.4270652127279,0,10000,50
0.801,69.7064346943527,69.2202889678561,68.8772116035562,70.3287568923757,68.1298557803848,0,10000,50
0.8755,69.7064346943527,69.029784578108,68.6875824447818,70.1631267519379,67.8605731628339,0,10000,50
0.7595,69.7064346943527,69.3094313749541,68.9659310038103,70.4699985230996,68.2206229591135,0,10000,50
0.6315,69.7064346943527,69.5070356729778,69.1624665030565,70.5742178308951,68.408026027477,0,10000,50
0.606,69.7064346943527,69.5362899696965,69.1916326489498,70.656929925772,68.4155358280729,0,10000,50
0.8285,69.7064346943527,69.1497443734098,68.8070467803019,70.3048534189308,68.0212061718217,0,10000,50
0.319,69.7064346943527,69.9851427731863,69.6382799558879,71.0949620338301,68.8795146610739,0,10000,50
0.854,69.7064346943527,69.0854588090923,68.7430631905735,70.2116297399709,67.8884312841352,0,10000,50
0.8585,69.7064346943527,69.0804194465456,68.7379854335177,70.1764133915328,67.9606144973929,0,10000,50
0.9865,69.7064346943527,68.3994355221651,68.0604113483377,69.5484442293936,67.2226826290971,0,10000,50
0.188,69.7064346943527,70.2251162524879,69.8771122137379,71.2818264410419,69.0429884844369,0,10000,50
0.8695,69.7064346943527,69.044391229577,68.7022162528993,70.1789225825927,67.9464003551861,0,10000,50
0.395,69.7064346943527,69.8800938034323,69.53384751139,71.0247382788176,68.7508466672652,0,10000,50
0.4895,69.7064346943527,69.7283729504838,69.3828849531038,70.9290578583891,68.5724731201188,0,10000,50
0.7875,69.7064346943527,69.2449771673008,68.9017887435729,70.4124100074553,68.0912771784623,0,10000,50
0.5365,69.7064346943527,69.6508783658761,69.3057449034147,70.817687512722,68.486076360607,0,10000,50
0.159,69.7064346943527,70.2639467978858,69.9158024073756,71.3625556456048,69.1162427705629,0,10000,50
0.1975,69.7064346943527,70.2139003777669,69.8659428438809,71.3957973421485,69.0254377512207,0,10000,50
0.429,69.7064346943527,69.7935534082402,69.4476368134815,70.8586309316804,68.6454197053733,0,10000,50
0.3295,69.7064346943527,69.9653989055919,69.6186653758275,71.1467333201822,68.7554839447403,0,10000,50
0.4975,69.7064346943527,69.7003729250251,69.3549667968789,70.8211051809521,68.5744594531772,0,10000,50
0.775,69.7064346943527,69.2785607116892,68.9351446613988,70.447341306609,68.1000399430033,0,10000,50
0.93,69.7064346943527,68.8331875157213,68.4920398380763,69.9948583909359,67.7490503111734,0,10000,50
