"p","truediv","chaoest","obsD","upper","lower","l","inds","reps"
0.117,50.5,53.1439514842006,50.5101525406607,57.6696446836645,48.7183571958506,-1,1000,50
0.5885,50.5,49.9100719424462,47.5827940616673,55.0515810305804,44.5936584290138,-1,1000,50
0.1345,50.5,53.2515991471217,50.6072874493927,58.1108293614392,48.7096243594238,-1,1000,50
0.833,50.5,48.1028505392914,45.9389930172731,52.975651817097,42.982791961747,-1,1000,50
0.4735,50.5,50.6849315068495,48.2858522452921,55.6374589971278,45.7252327672163,-1,1000,50
0.034,50.5,54.859967051071,52.0562207183758,59.652937118113,50.1520447914057,-1,1000,50
0.8635,50.5,48.0935875216639,45.9305530038582,52.3779045656465,43.8181549762117,-1,1000,50
0.3385,50.5,51.5214027849409,49.0436488474743,56.5508568320037,46.1389914038983,-1,1000,50
0.915,50.5,46.9675599435827,44.9034575662326,52.0491044277609,42.03770329669,-1,1000,50
0.2625,50.5,52.0420921025215,49.5147553971083,56.9926971933944,47.0549744174485,-1,1000,50
0.195,50.5,52.8068506184588,50.205843960237,58.0591323785237,47.4667477925973,-1,1000,50
0.9105,50.5,47.3011363636365,45.2079566003617,52.2579871811879,42.5195077285243,-1,1000,50
0.044,50.5,55.0716648291071,52.2466039707419,59.9715175283834,49.7682627332326,-1,1000,50
0.384,50.5,51.2570548999489,48.8042947779405,55.812727482291,46.9071068290959,-1,1000,50
0.267,50.5,52.096370463079,49.563838223632,57.2364701511252,46.7109714751794,-1,1000,50
0.177,50.5,52.9131355932205,50.3018108651911,58.0916324839413,47.9600493225597,-1,1000,50
0.9905,50.5,44.2976232706635,42.4592391304348,49.8054547221247,39.2196970282724,-1,1000,50
0.5785,50.5,50.0250375563346,47.6871721506915,54.6312981102053,45.3920619231718,-1,1000,50
0.5715,50.5,50.0100120144174,47.673531655225,54.9376495882964,45.0164635849849,-1,1000,50
0.548,50.5,50.23634717892,47.8789619841042,55.2993038432035,45.1705533206345,-1,1000,50
0.312,50.5,51.6920211114562,49.1980714355997,56.7796898540606,46.5252155573493,-1,1000,50
0.027,50.5,55.1628934290449,52.3286237571952,60.0663708312557,50.3833586889042,-1,1000,50
0.533,50.5,50.2515090543261,47.8927203065134,54.8367097915864,45.5883089582323,-1,1000,50
0.4765,50.5,50.6900750964077,48.2905157427081,55.5492825699169,45.6375118012946,-1,1000,50
0.2315,50.5,52.2544199184016,49.7067302912814,57.2166352994857,47.579153686259,-1,1000,50
0.657,50.5,49.5732433505361,47.2768532526475,53.6705520168369,45.3614350131166,-1,1000,50
0.303,50.5,51.8207282913167,49.3145280599665,56.6167335903849,46.7193090136322,-1,1000,50
0.04,50.5,55.217775812514,52.3779593547035,60.3159861829475,49.9173351971294,-1,1000,50
0.5605,50.5,50.1757910597691,47.8240076518412,55.0333021936546,45.6952532460688,-1,1000,50
0.028,50.5,55.4015084294589,52.5430853299706,60.4473941418062,50.4460508140497,-1,1000,50
0.4855,50.5,50.633552965028,48.2392667631452,55.5247038419732,45.7854795823642,-1,1000,50
0.8055,50.5,48.4622101484429,46.266308873878,53.0644641973212,43.6525603733656,-1,1000,50
0.792,50.5,48.5375570887184,46.3349087202298,53.4021059792179,43.9127159419788,-1,1000,50
0.6385,50.5,49.5978552278822,47.2992148330338,54.5589414684211,44.8689918981743,-1,1000,50
0.295,50.5,51.7402113113737,49.2416781563916,56.2951976647526,47.401141362088,-1,1000,50
0.636,50.5,49.6965476072035,47.3888730925979,54.865609886137,44.7665195210261,-1,1000,50
0.544,50.5,50.2717391304349,47.9110770410119,55.0385499241175,45.5101777905294,-1,1000,50
0.996,50.5,43.9584616738538,42.1478546741971,48.5061164769685,39.3079327148604,-1,1000,50
0.2655,50.5,52.0366704865092,49.5098524606397,57.174424984028,47.0727388035018,-1,1000,50
0.1765,50.5,52.9187413920968,50.3068719187041,58.0339624557759,47.7309988468595,-1,1000,50
0.073,50.5,54.052591710854,51.3294322964788,59.1859672436645,49.2774474038904,-1,1000,50
0.2175,50.5,52.2271016311169,49.6820349761526,56.5795628897012,47.7693408539201,-1,1000,50
0.8885,50.5,47.5487862922419,45.4338936846888,52.474914667725,42.7934925689147,-1,1000,50
0.1715,50.5,52.7566539923956,50.1605136436597,57.4141816453105,47.9096472758456,-1,1000,50
0.177,50.5,52.7845292190639,50.1856870420556,57.8154844877029,48.1724956624948,-1,1000,50
0.022,50.5,55.5000000000001,52.6315789473684,60.459144225803,50.5833204776019,-1,1000,50
0.2025,50.5,52.5347076146405,49.9600319744205,57.6344415814778,47.7184463250865,-1,1000,50
0.437,50.5,50.9485924112609,48.5248447204969,55.8795909490678,46.3006972639672,-1,1000,50
0.4385,50.5,50.8655804480653,48.4496124031008,55.652699646332,46.0771623379328,-1,1000,50
0.4375,50.5,50.8396946564887,48.4261501210654,55.457762509942,46.1164342695774,-1,1000,50
