"p","truediv","chaoest","obsD","upper","lower","l","inds","reps"
0.5755,69.7064346943527,69.3274579892879,65.6216432819406,73.2305873164137,65.44293239015,0,1000,50
0.964,69.7064346943527,66.2644293235967,62.9707264702266,69.9666349357488,62.6691116224118,0,1000,50
0.3575,69.7064346943527,70.3686942402437,66.7508450840149,74.1366312664326,66.6500225323473,0,1000,50
0.411,69.7064346943527,70.1363967593113,66.3979481369017,74.0721119364773,66.1110207271476,0,1000,50
0.8825,69.7064346943527,67.407585981417,64.0921082157031,70.9612666210865,63.8319994046984,0,1000,50
0.6375,69.7064346943527,69.0484037523094,65.680109135007,72.6873359270376,65.206731538053,0,1000,50
0.0605,69.7064346943527,72.4877350854627,68.9439581909561,76.0370160495956,68.9476671167706,0,1000,50
0.5415,69.7064346943527,69.4334424836389,65.621526704592,73.2702268065154,65.6904446339695,0,1000,50
0.6345,69.7064346943527,69.0968938834398,65.7665681515446,72.4220331072428,65.6235446872996,0,1000,50
0.926,69.7064346943527,67.1289776361845,63.9448646462566,70.6366300910091,63.5273819568675,0,1000,50
0.7665,69.7064346943527,68.293474947545,64.7648834392692,72.008479406859,64.4945012434415,0,1000,50
0.794,69.7064346943527,68.2618920060799,64.9100294729689,71.9523537207812,64.5680595401851,0,1000,50
0.074,69.7064346943527,72.336584159649,68.9158718409346,75.9356414151463,68.6894456527018,0,1000,50
0.313,69.7064346943527,70.5802473280488,67.0191353119955,74.1024115866131,67.0438990346207,0,1000,50
0.244,69.7064346943527,70.9867633205282,67.5170011406844,74.6124152107548,67.4783346293875,0,1000,50
0.9625,69.7064346943527,66.5049074854208,63.2990586875923,70.1114416130422,62.8367852771768,0,1000,50
0.8115,69.7064346943527,68.0009493834231,64.5972003932763,71.8326281781148,64.1752483996419,0,1000,50
0.0515,69.7064346943527,72.661895043361,69.060940095637,76.381424739136,69.0826427388867,0,1000,50
0.365,69.7064346943527,70.3383926221286,66.5024549636722,74.0014564602312,66.7636416890989,0,1000,50
0.6865,69.7064346943527,68.7589689009944,65.1495731827368,72.6834313369512,64.8461296146165,0,1000,50
0.253,69.7064346943527,70.9573944688849,67.0385677770906,74.6731219363696,67.2118696692611,0,1000,50
0.7015,69.7064346943527,68.6260422277568,64.9955781497256,72.431419434597,64.7957635879486,0,1000,50
0.527,69.7064346943527,69.6223010305106,66.1862586778887,73.5838138325961,65.8969671368519,0,1000,50
0.562,69.7064346943527,69.3888766404217,65.917858370028,73.2134483879603,65.6121779229571,0,1000,50
0.2615,69.7064346943527,70.9766216527847,67.1072259030286,74.9169292715349,67.0331344814366,0,1000,50
0.29,69.7064346943527,70.6937781941184,67.2430275710133,74.1340304991038,67.0861276904632,0,1000,50
0.4885,69.7064346943527,69.7283785461685,66.4234427392216,73.2530209255424,66.0826211221908,0,1000,50
0.8295,69.7064346943527,67.9896815346457,64.3245078039411,71.4874534414411,64.4885631267365,0,1000,50
0.0305,69.7064346943527,73.2691571977153,69.4244199213404,76.9472869517893,69.4553421629479,0,1000,50
0.158,69.7064346943527,71.7017361119518,67.9635609469282,75.2326502080349,68.1696264355994,0,1000,50
0.674,69.7064346943527,68.8906070649918,65.4830555272241,72.7765230978589,65.2370519783354,0,1000,50
0.182,69.7064346943527,71.4187623375003,67.8081483534887,75.1173031742954,67.7810750733139,0,1000,50
0.6055,69.7064346943527,69.1747178126081,65.8161886819415,72.962901504133,65.4347292268513,0,1000,50
0.6385,69.7064346943527,68.9893373381255,65.1421639944904,72.9454016643096,65.0886705295456,0,1000,50
0.1325,69.7064346943527,71.8254242260225,68.1946427476691,75.4772527680716,67.9756907644827,0,1000,50
0.7715,69.7064346943527,68.2010304253406,64.6648000547389,72.0295634673518,64.3638851914485,0,1000,50
0.4235,69.7064346943527,70.0390520927142,66.2477705974837,73.9501694381441,66.1605941218588,0,1000,50
0.984,69.7064346943527,65.8481358112459,62.6766646555826,69.2838010473045,62.1173825639866,0,1000,50
0.0385,69.7064346943527,72.9420370382099,69.3682262217358,76.5303456391392,69.4275537790694,0,1000,50
0.2645,69.7064346943527,70.8941673872088,67.1506978635289,74.5616284349447,66.9705516995301,0,1000,50
0.9675,69.7064346943527,66.2739436879897,62.9020538259289,69.852999382965,62.4169521162605,0,1000,50
0.3115,69.7064346943527,70.57898207823,67.1699791327979,74.1946565823506,66.9303683556927,0,1000,50
0.4135,69.7064346943527,70.099003181024,66.5978594431076,73.9812858982055,66.4246950923549,0,1000,50
0.076,69.7064346943527,72.3412987653888,68.7630391915526,75.9193122121098,68.758492062971,0,1000,50
0.833,69.7064346943527,67.9188861014466,64.5457906260493,71.6534598866439,64.3220474079365,0,1000,50
0.466,69.7064346943527,69.859268981208,66.2796402701066,73.4523282246224,66.0480267444741,0,1000,50
0.344,69.7064346943527,70.418781458463,66.7988768968605,74.1802719823451,66.8279639034477,0,1000,50
0.3285,69.7064346943527,70.5725914486768,66.9204317509132,74.4041221999371,66.7112282710419,0,1000,50
0.198,69.7064346943527,71.1720143030929,67.6230232422628,74.4966276803593,67.7475620211093,0,1000,50
0.5955,69.7064346943527,69.2899256586969,65.8285895796421,72.7712022735671,65.6994925128859,0,1000,50
