"p","truediv","chaoest","obsD","upper","lower","l","inds","reps"
0.002,100,100,100,100.002,100.002,1,10000,50
0.685966750374064,100,100,100,100,100,1,10000,50
0.571812899317592,100,100,100,100,100,1,10000,50
5e-04,100,100,100,100.0005,100.0005,1,10000,50
0.0412888491991907,100,100,100,100,100,1,10000,50
0.047,100,100,100,100.0460001,99.0460001,1,10000,50
0.003,100,100,100,100.002250075,100.002250075,1,10000,50
0.009,100,100,100,100.008750025,100.008750025,1,10000,50
0.007,100,100,100,100.007,100.007,1,10000,50
0.008,100,100,100,100.008,100.008,1,10000,50
0.0205,100,100,100,100.0193751125,100.0193751125,1,10000,50
5e-04,100,100,100,100.0005,100.0005,1,10000,50
0.016,100,100,100,100.01550005,100.01550005,1,10000,50
0.001,100,100,100,100.001,100.001,1,10000,50
0.009,100,100,100,100.00850005,100.00850005,1,10000,50
0.85737446276471,100,100,100,100,100,1,10000,50
5e-04,100,100,100,100.0005,100.0005,1,10000,50
0.0205,100,100,100,100.02000005,100.02000005,1,10000,50
5e-04,100,100,100,100.00000005,100.00000005,1,10000,50
0.908037365647033,100,100,100,100,100,1,10000,50
0.648381167091429,100,100,100,100,100,1,10000,50
0.763784570619464,100,100,100,100,100,1,10000,50
5e-04,100,100,100,100.0005,100.0005,1,10000,50
0.005,100,100,100,100.004750025,100.004750025,1,10000,50
0.005,100,100,100,100.005,100.005,1,10000,50
0.003,100,100,100,100.003,100.003,1,10000,50
0.364896922139451,100,100,100,100,100,1,10000,50
0.0165,100,100,100,100.016250025,100.016250025,1,10000,50
0.001,100,100,100,100.001,100.001,1,10000,50
0.00193318095989525,100,100,100,100,100,1,10000,50
0.001,100,100,100,100.001,100.001,1,10000,50
0.017,100,100,100,100.017,100.017,1,10000,50
0.005,100,100,100,100.00450005,100.00450005,1,10000,50
0.00882464740425348,100,100,100,100,100,1,10000,50
5e-04,100,100,100,100.0005,100.0005,1,10000,50
0.002,100,100,100,100.002,100.002,1,10000,50
0.0515,100,100,100,100.051250025,99.051250025,1,10000,50
0.004,100,100,100,100.003750025,100.003750025,1,10000,50
0.001,100,100,100,100.001,100.001,1,10000,50
0.23714287718758,100,100,100,100,100,1,10000,50
0.0595,100,100,100,100.05900005,99.05900005,1,10000,50
0.0035,100,100,100,100.002750075,100.002750075,1,10000,50
0.002,100,100,100,100.002,100.002,1,10000,50
5e-04,100,100,100,100.0005,100.0005,1,10000,50
0.556571105960757,100,100,100,100,100,1,10000,50
0.001,100,100,100,100.001,100.001,1,10000,50
0.279759986326098,100,100,100,100,100,1,10000,50
5e-04,100,100,100,100.0005,100.0005,1,10000,50
0.0585970629472286,100,100,100,100,100,1,10000,50
0.06,100,100,100,100.052750725,99.052750725,1,10000,50
