"p","truediv","chaoest","obsD","upper","lower","l","inds","reps"
0.6315,86.5111423670541,86.3546589763139,85.9272725702639,87.2547412738534,85.4553087455231,0,10000,50
0.116,86.5111423670541,87.0589932889545,86.6281555740813,87.9745133018707,86.119192433978,0,10000,50
0.458,86.5111423670541,86.5498612523619,86.1215183119285,87.4935966031624,85.6269404955336,0,10000,50
0.3115,86.5111423670541,86.7236486862921,86.2944317865913,87.6359803997681,85.7711911267135,0,10000,50
0.0945,86.5111423670541,87.093171265813,86.6621506447511,87.9980561824284,86.1700954072327,0,10000,50
0.5255,86.5111423670541,86.4885145081912,86.0604629757847,87.4132665461035,85.5188158096175,0,10000,50
0.408,86.5111423670541,86.6278932562643,86.1991742407929,87.5931363123856,85.6737917979259,0,10000,50
0.837,86.5111423670541,86.0219069303145,85.5961729514893,86.9712724379769,85.0617880570475,0,10000,50
0.316,86.5111423670541,86.7511729700421,86.321839862949,87.6635324116306,85.8544754850396,0,10000,50
0.9165,86.5111423670541,85.8375785678111,85.412747190165,86.7900584090854,84.9072612494476,0,10000,50
0.008,86.5111423670541,87.5433386750102,87.1100966485435,88.4050368637848,86.6763879244836,0,10000,50
0.082,86.5111423670541,87.1814061832215,86.7499787016677,88.1061158467896,86.2574855852729,0,10000,50
0.923,86.5111423670541,85.8495753436116,85.4246900558157,86.7853255490753,84.9262290103676,0,10000,50
0.4245,86.5111423670541,86.6010461926286,86.1724654483939,87.5088043538131,85.6823565769582,0,10000,50
0.575,86.5111423670541,86.4124475577993,85.9847965142468,87.3227399522178,85.4590595514508,0,10000,50
0.0835,86.5111423670541,87.1465000022332,86.7152267717361,88.050694301647,86.2500920779731,0,10000,50
0.3745,86.5111423670541,86.6697063358834,86.2407816107312,87.6104379741312,85.7332151043337,0,10000,50
0.503,86.5111423670541,86.4998596657532,86.0717765493614,87.4424172708602,85.5457703186496,0,10000,50
0.5255,86.5111423670541,86.4778831195769,86.0498989370361,87.4202772378963,85.5328395940363,0,10000,50
0.2135,86.5111423670541,86.9027029567015,86.4726287552444,87.8284076853522,86.0161705439963,0,10000,50
0.3605,86.5111423670541,86.6674499514699,86.2385132487604,87.565383943233,85.7524066227915,0,10000,50
0.8935,86.5111423670541,85.9200566995364,85.4948174842429,86.8715894994247,84.9841030499943,0,10000,50
0.533,86.5111423670541,86.4712743027325,86.0433198550304,87.3713728003053,85.5311444963953,0,10000,50
0.396,86.5111423670541,86.6248383833061,86.1961150869137,87.5326556514026,85.7161840368445,0,10000,50
0.3165,86.5111423670541,86.7380641778379,86.3088005447494,87.6664941735864,85.831073512249,0,10000,50
0.9445,86.5111423670541,85.7577502573141,85.3333120884318,86.6789487941292,84.8576397968098,0,10000,50
0.557,86.5111423670541,86.4389720401009,86.0111842278542,87.3696054732792,85.4889971357079,0,10000,50
0.4975,86.5111423670541,86.511896667573,86.0837500511543,87.4752316027007,85.5719064167469,0,10000,50
0.537,86.5111423670541,86.4692803408171,86.0413211556735,87.3813186657048,85.5022436909917,0,10000,50
0.279,86.5111423670541,86.7922127516623,86.3626813245994,87.6990040717809,85.8203477071584,0,10000,50
0.384,86.5111423670541,86.6519198409529,86.2230780475288,87.5733717731634,85.6919312798067,0,10000,50
0.4985,86.5111423670541,86.4943508260643,86.0662905455626,87.3865829400036,85.5834619292778,0,10000,50
0.731,86.5111423670541,86.2059536321647,85.7793102939913,87.1410819722185,85.2668871500669,0,10000,50
0.7125,86.5111423670541,86.2594256817728,85.8325248745642,87.17891027277,85.3232638140233,0,10000,50
0.9275,86.5111423670541,85.8196128888428,85.3948599517988,86.6985652743468,84.9201484941037,0,10000,50
0.9675,86.5111423670541,85.6269573403353,85.2031601532147,86.5703677407539,84.6737853720663,0,10000,50
0.35,86.5111423670541,86.6886555000412,86.259641338728,87.5883269830764,85.7393431409885,0,10000,50
0.4545,86.5111423670541,86.5598998433959,86.1314985075544,87.4835604843615,85.5695470112979,0,10000,50
0.8665,86.5111423670541,85.996283944672,85.570629667802,86.9163442385428,85.0257559691168,0,10000,50
0.477,86.5111423670541,86.5407896632614,86.1125091586812,87.4501815000739,85.6387305053577,0,10000,50
0.6375,86.5111423670541,86.3487939553462,85.9214360056514,87.2764631617885,85.3967150047864,0,10000,50
0.936,86.5111423670541,85.7830300104772,85.358473391032,86.7116715024581,84.8108523488673,0,10000,50
0.172,86.5111423670541,86.9273165746342,86.4971216679454,87.8357529203542,86.0121480786652,0,10000,50
0.653,86.5111423670541,86.3205913126529,85.8933750562708,87.2305032125502,85.3703658209613,0,10000,50
0.873,86.5111423670541,85.9796689820403,85.5541420643448,86.8839750469876,85.0796174649443,0,10000,50
0.094,86.5111423670541,87.1472167273861,86.7159111925641,88.0082159835249,86.2219920357157,0,10000,50
0.7225,86.5111423670541,86.234299866853,85.8075182354442,87.1920458302757,85.2444025952926,0,10000,50
0.0165,86.5111423670541,87.4654399104835,87.0325858794711,88.356062854227,86.5845871450542,0,10000,50
0.556,86.5111423670541,86.4275912938566,85.9998279092035,87.3168904252056,85.4849913180993,0,10000,50
0.8975,86.5111423670541,85.8934326624913,85.4682933639382,86.7881994031476,84.9484790485161,0,10000,50
