"p","truediv","chaoest","obsD","upper","lower","l","inds","reps"
0.788,75.25,74.5437466451959,73.999526403031,76.2084207740822,72.8896051702587,-1,10000,50
0.9145,75.25,74.127835858627,73.5896903787367,75.7307043104149,72.4300392169307,-1,10000,50
0.7595,75.25,74.6598530248478,74.1139308991354,76.3169042729766,73.0281736613702,-1,10000,50
0.6255,75.25,74.9687349110331,74.4182723649234,76.5503705789291,73.32727438144,-1,10000,50
0.5545,75.25,75.148696565812,74.5955800626901,76.749605269994,73.5281503484601,-1,10000,50
0.8435,75.25,74.3637913262323,73.8222036518368,76.1051944290581,72.6559403032533,-1,10000,50
0.0715,75.25,76.3524905618883,75.7814583990106,77.8742266764794,74.908897463834,-1,10000,50
0.6215,75.25,75.0112528132032,74.4601638123604,76.6683486823639,73.4177025094851,-1,10000,50
0.146,75.25,76.1358704342462,75.5680830644369,77.7544917515518,74.4977776838547,-1,10000,50
0.6095,75.25,75.0235222264406,74.4722523834844,76.6318502162303,73.3942478957962,-1,10000,50
0.8185,75.25,74.462919714987,73.9198826743622,76.1132392572129,72.7825276622202,-1,10000,50
0.4755,75.25,75.2737226277372,74.7187585926572,76.9308829697497,73.5796548057223,-1,10000,50
0.7215,75.25,74.75574854436,74.2084187966957,76.426475068302,73.1225260474573,-1,10000,50
0.0575,75.25,76.5429150150881,75.969022871234,78.1300555312826,74.8885464704991,-1,10000,50
0.45,75.25,75.3277083019436,74.7719455660236,76.9055281628089,73.6942299758619,-1,10000,50
0.74,75.25,74.7116216583753,74.1649398596503,76.2892592555039,73.1133626712304,-1,10000,50
0.0285,75.25,76.7798976268031,76.2024363442948,78.3230574572253,75.1994818045269,-1,10000,50
0.384,75.25,75.4911568364833,74.932972456138,77.223845902494,73.8821537687691,-1,10000,50
0.1505,75.25,76.0313158687142,75.4650913580396,77.5725101328087,74.5041011994199,-1,10000,50
0.8625,75.25,74.3741901700215,73.832450543333,75.9623211116563,72.7370576620812,-1,10000,50
0.25,75.25,75.7707795622738,75.2084401919921,77.3075599681785,74.0643552579013,-1,10000,50
0.2745,75.25,75.7285435793191,75.1668327853671,77.2699905774053,74.1194769985148,-1,10000,50
0.419,75.25,75.4228249276245,74.8656535846424,76.9444100596479,73.7545363543699,-1,10000,50
0.6055,75.25,75.0085518300916,74.4575026357956,76.6176499451541,73.3934894055745,-1,10000,50
0.511,75.25,75.2144955837153,74.6604071381322,76.8110314929972,73.5662991898775,-1,10000,50
0.2705,75.25,75.7635456036079,75.2013139173568,77.3168809510365,74.1779695391153,-1,10000,50
0.828,75.25,74.4407451966028,73.8980325387817,76.0989566856616,72.7670961267491,-1,10000,50
0.0825,75.25,76.3369851509714,75.7661855513884,77.9227263547287,74.7861735907698,-1,10000,50
0.962,75.25,73.7821408700964,73.2490188293928,75.3671378144781,72.0627175994331,-1,10000,50
0.0535,75.25,76.4918550976975,75.9187305173558,78.0424975553562,74.93629846218,-1,10000,50
0.697,75.25,74.8302679790214,74.2818431405175,76.4223118721542,73.1609250545689,-1,10000,50
0.7275,75.25,74.7326173232583,74.1856272765714,76.3325920185812,73.1127366705676,-1,10000,50
0.423,75.25,75.4203217752702,74.8631875247984,77.0426389826291,73.7975823153274,-1,10000,50
0.3005,75.25,75.661842489584,75.1011236630122,77.2010537032169,74.1027829189761,-1,10000,50
0.9235,75.25,74.0658985758666,73.5286548520824,75.7092460732322,72.3843770254698,-1,10000,50
0.016,75.25,76.9182246729109,76.3386750048857,78.5025882702976,75.3453131078201,-1,10000,50
0.3935,75.25,75.441831548704,74.8843785195658,77.0567904447721,73.8024827627789,-1,10000,50
0.88,75.25,74.2953863895072,73.7547977495936,75.8996152697518,72.6849104029203,-1,10000,50
0.039,75.25,76.6548759676729,76.0792989749075,78.0716708157317,75.1184966028757,-1,10000,50
0.565,75.25,75.1180974589513,74.5654326584665,76.7261315736167,73.4421031910708,-1,10000,50
0.712,75.25,74.77296657015,74.2253838936855,76.4375141038806,73.1559545138126,-1,10000,50
0.8295,75.25,74.459481799538,73.916495057204,76.1164373699476,72.9054627261985,-1,10000,50
0.169,75.25,76.031894007023,75.4656608603387,77.6125078834441,74.4281469012273,-1,10000,50
0.1255,75.25,76.2088697704053,75.6399899550093,77.9213823326791,74.4277450455454,-1,10000,50
0.8065,75.25,74.5356338324241,73.9915324090311,76.1425838841615,72.8795399125536,-1,10000,50
0.2075,75.25,75.8989228865729,75.3346742905357,77.3991501612784,74.2937529113614,-1,10000,50
0.594,75.25,75.0360208921174,74.4845667977595,76.6350203564762,73.4151334974837,-1,10000,50
0.9845,75.25,73.2125205930807,72.6876249318554,75.0381414637629,71.4774830961327,-1,10000,50
0.5085,75.25,75.2289823058785,74.6746797576359,76.8601253731254,73.6724517684512,-1,10000,50
0.4385,75.25,75.3707480993364,74.8143481949542,76.9538064122569,73.7244661870373,-1,10000,50
