"p","truediv","chaoest","obsD","upper","lower","l","inds","reps"
0.219,75.25,77.3100139297325,71.8287602355983,81.9534385407444,72.4574250790305,-1,1000,50
0.899,75.25,71.9844357976656,67.2133351256889,77.2289043972317,67.0449505873806,-1,1000,50
0.512,75.25,75.1127819548874,69.9300699300699,80.4344218251707,69.4827992065095,-1,1000,50
0.038,75.25,79.9200000000003,74.0740740740741,84.9484391003025,74.6826467276737,-1,1000,50
0.045,75.25,79.3486894360606,73.5835172921266,83.8991533277295,74.4326927527999,-1,1000,50
0.2215,75.25,77.190542420028,71.7257208434945,82.0866805136404,72.0388354798973,-1,1000,50
0.289,75.25,76.739898601936,71.3368526180625,82.0557927293686,71.4721290304024,-1,1000,50
0.5905,75.25,74.6302106678622,69.5120255804254,79.6651481662013,69.4496060050795,-1,1000,50
0.8755,75.25,72.1716514954488,67.3763643713785,77.1860864302811,67.186728629824,-1,1000,50
0.188,75.25,77.477896696138,71.9735137469411,82.2414789586686,72.6522276762508,-1,1000,50
0.4015,75.25,75.8887876025526,70.6015249929398,80.7539785517536,71.182817361031,-1,1000,50
0.037,75.25,79.7413793103451,73.9207569485512,84.6509714005013,74.6381875778477,-1,1000,50
0.796,75.25,72.79218886622,67.9163270850312,78.4467580336671,66.6380505672844,-1,1000,50
0.317,75.25,76.4228886168913,71.0631040363843,81.4886266912056,71.3150980512422,-1,1000,50
0.8495,75.25,72.3598435462844,67.5401864109145,77.7842518538879,66.8010721201855,-1,1000,50
0.8505,75.25,72.4858511101439,67.6498444053579,77.6336853709641,67.0272170006584,-1,1000,50
0.0635,75.25,79.1851616994295,73.4430082256169,84.2196178408185,73.9074697725484,-1,1000,50
0.996,75.25,68.4059161873461,64.0861317610869,73.593423461893,63.0785637231752,-1,1000,50
0.1055,75.25,78.6242719974818,72.9607471180505,83.8753130829452,73.2849438846478,-1,1000,50
0.206,75.25,77.298050139276,71.8184429761563,82.1181529618138,72.2688413496578,-1,1000,50
0.282,75.25,76.692768309535,71.2961642663625,81.724141418354,71.630145230019,-1,1000,50
0.606,75.25,74.6079163554894,69.4927032661571,79.5768917529225,69.5344297772104,-1,1000,50
0.24,75.25,77.0476631189267,71.6024631247315,82.1703348182069,71.7263973538012,-1,1000,50
0.9515,75.25,70.6506364922209,66.0501981505945,76.1469909892931,65.2894145535225,-1,1000,50
0.8025,75.25,72.9729729729732,68.073519400953,78.2374051895401,67.5742981270415,-1,1000,50
0.537,75.25,75.0225292880747,69.851913942442,79.7073398094519,70.2349689537476,-1,1000,50
0.8495,75.25,72.5068950500801,67.6681553660847,77.6382447329142,67.3265957106095,-1,1000,50
0.736,75.25,73.4774933804062,68.5119210742669,78.7884725954951,67.8456898263306,-1,1000,50
0.3445,75.25,76.2711864406782,70.9320470988793,81.3382851742493,71.1879143501344,-1,1000,50
0.3665,75.25,76.0853008377763,70.7714083510262,81.2488853702515,70.8065673638039,-1,1000,50
0.3915,75.25,75.9118541033437,70.6214689265537,80.8039590369474,70.894238705128,-1,1000,50
0.79,75.25,73.1118266978925,68.1942171303873,78.2057504872983,68.122609800653,-1,1000,50
0.003,75.25,82.4121432106916,76.2078951379363,87.1257710250784,77.6244917715605,-1,1000,50
0.1605,75.25,77.8279837955752,72.2752240531946,83.1402879060034,72.5102164255036,-1,1000,50
0.127,75.25,78.0956848030021,72.5058004640371,82.9609079746218,73.2840910904766,-1,1000,50
0.903,75.25,72.0155709342563,67.2404518558365,76.7423857496036,67.0707342541549,-1,1000,50
0.257,75.25,76.9882860665847,71.5512306811677,82.070367343829,71.5825125495334,-1,1000,50
0.12,75.25,78.1445556946185,72.5478816018572,83.1041778422265,73.0801973908476,-1,1000,50
0.109,75.25,78.5624410191887,72.9075532225139,83.4205480811427,73.2948390327203,-1,1000,50
0.454,75.25,75.6474329850071,70.3927917781219,81.5392398262716,70.1986884796063,-1,1000,50
0.4285,75.25,75.7162346521148,70.4523037903339,80.9411197739446,70.7788965175122,-1,1000,50
0.3665,75.25,76.0389709240374,70.7313622860376,80.7767529321989,71.090547907821,-1,1000,50
0.0535,75.25,79.703207276209,73.8879858135067,85.1744366678064,74.4062572582178,-1,1000,50
0.642,75.25,74.4189511323006,69.3288962839711,79.2884872976257,69.8308958459854,-1,1000,50
0.287,75.25,76.610429447853,71.2250712250712,81.6519522156078,71.3062816117614,-1,1000,50
0.576,75.25,74.7530679437297,69.6184906711222,79.7712703949235,69.7062760152414,-1,1000,50
0.1005,75.25,78.7979176526268,73.1101038163474,84.1494196840264,73.3832930241671,-1,1000,50
0.5315,75.25,75.0450721153849,69.8714365567356,79.8072879794333,70.2976950233179,-1,1000,50
0.0925,75.25,78.439070351759,72.8013977868375,83.307565682978,73.7144817635667,-1,1000,50
0.1835,75.25,77.7673984119573,72.2230247002745,82.8917045420708,72.3438193057584,-1,1000,50
