"p","truediv","chaoest","obsD","upper","lower","l","inds","reps"
0.255025088088587,100,100,100,100,100,1,10000,50
0.868202389450744,100,100,100,100,100,1,10000,50
0.119345183251426,100,100,100,100,100,1,10000,50
0.971199641237035,100,100,100,100,100,1,10000,50
0.0545632655266672,100,100,100,100,100,1,10000,50
0.500123981852084,100,100,100,100,100,1,10000,50
0.210779659450054,100,100,100,100,100,1,10000,50
0.208275951445103,100,100,100,100,100,1,10000,50
0.307940815808252,100,100,100,100,100,1,10000,50
0.567618119996041,100,100,100,100,100,1,10000,50
0.657132566673681,100,100,100,100,100,1,10000,50
0.354021982988343,100,100,100,100,100,1,10000,50
0.572872180491686,100,100,100,100,100,1,10000,50
0.75783724617213,100,100,100,100,100,1,10000,50
0.83141937549226,100,100,100,100,100,1,10000,50
0.245125643443316,100,100,100,100,100,1,10000,50
0.123368295840919,100,100,100,100,100,1,10000,50
0.683476645965129,100,100,100,100,100,1,10000,50
0.546503160847351,100,100,100,100,100,1,10000,50
0.854250729316846,100,100,100,100,100,1,10000,50
0.389916089596227,100,100,100,100,100,1,10000,50
0.713821364333853,100,100,100,100,100,1,10000,50
0.470237082568929,100,100,100,100,100,1,10000,50
0.487084922147915,100,100,100,100,100,1,10000,50
0.941837450489402,100,100,100,100,100,1,10000,50
0.0641536896582693,100,100,100,100,100,1,10000,50
0.498132670996711,100,100,100,100,100,1,10000,50
0.881924972869456,100,100,100,100,100,1,10000,50
0.760391250718385,100,100,100,100,100,1,10000,50
0.197434233734384,100,100,100,100,100,1,10000,50
0.950101130409166,100,100,100,100,100,1,10000,50
0.981919366167858,100,100,100,100,100,1,10000,50
0.169627106515691,100,100,100,100,100,1,10000,50
0.100482152542099,100,100,100,100,100,1,10000,50
0.365608718479052,100,100,100,100,100,1,10000,50
0.59344294690527,100,100,100,100,100,1,10000,50
0.0144709059968591,100,100,100,100,100,1,10000,50
0.614190088585019,100,100,100,100,100,1,10000,50
0.19701555930078,100,100,100,100,100,1,10000,50
0.0767935130279511,100,100,100,100,100,1,10000,50
0.644658496370539,100,100,100,100,100,1,10000,50
0.420267629669979,100,100,100,100,100,1,10000,50
0.400017458712682,100,100,100,100,100,1,10000,50
0.132269907742739,100,100,100,100,100,1,10000,50
0.174860561033711,100,100,100,100,100,1,10000,50
0.376964597729966,100,100,100,100,100,1,10000,50
0.699123034486547,100,100,100,100,100,1,10000,50
0.918456641258672,100,100,100,100,100,1,10000,50
0.517425266094506,100,100,100,100,100,1,10000,50
0.589018773753196,100,100,100,100,100,1,10000,50
