"p","truediv","chaoest","obsD","upper","lower","l","inds","reps"
0.109,85.15,85.944738882366,85.2208327438892,87.1173506123943,84.6131980359888,-1,10000,50
0.0455,85.15,86.2973690479067,85.5675007786643,87.6170338926847,84.9453206165511,-1,10000,50
0.675,85.15,84.8091603053435,84.1042893187553,86.1864939388733,83.383131899126,-1,10000,50
0.104,85.15,86.019414803013,85.2942480970853,87.3696020533923,84.6826543145231,-1,10000,50
0.826,85.15,84.455293342568,83.7563026617753,85.8580943116607,82.8841082039981,-1,10000,50
0.903,85.15,84.2076363752735,83.512746550506,85.5740693868464,82.8439415691255,-1,10000,50
0.164,85.15,85.8342203756481,85.1121778504068,87.2711065130093,84.3617976066091,-1,10000,50
0.95,85.15,84.0240803484995,83.3322222370368,85.3863388569563,82.6262944570349,-1,10000,50
0.475,85.15,85.1853050876048,84.4741568212037,86.4923459030865,83.8495199039663,-1,10000,50
0.1805,85.15,85.774726179692,85.0536858865316,87.0978661622088,84.336933210683,-1,10000,50
0.565,85.15,85.0406960426606,84.3319643444455,86.452674558943,83.5997604800505,-1,10000,50
0.7345,85.15,84.7022587268993,83.9991667282661,86.0471585855416,83.3331117107169,-1,10000,50
0.3095,85.15,85.4865268309198,84.7703317402162,86.831002130688,84.2148068567702,-1,10000,50
0.4845,85.15,85.1575913662006,84.4469065409196,86.4893053028693,83.8146695164058,-1,10000,50
0.0915,85.15,86.1123120195528,85.3855756439353,87.467834211931,84.7344171709044,-1,10000,50
0.0975,85.15,86.036142235408,85.3106930128836,87.3541885318051,84.6147665390439,-1,10000,50
0.133,85.15,85.8836160618423,85.1607408984458,87.1692146312038,84.5308053046475,-1,10000,50
0.3525,85.15,85.4210912098032,84.705993965545,86.8115017522778,84.0276674871514,-1,10000,50
0.206,85.15,85.7150204879386,84.9949852958675,87.0561712013571,84.359346290665,-1,10000,50
0.0485,85.15,86.2899217099539,85.560179607929,87.5387167636338,84.915809160532,-1,10000,50
0.1425,85.15,85.8660630251234,85.1434837988979,87.2484458919271,84.4572382724674,-1,10000,50
0.886,85.15,84.2353028393506,83.5399554899117,85.6832005169271,82.816669680594,-1,10000,50
0.624,85.15,84.928881935349,84.2220159718631,86.2700510824294,83.5634019402849,-1,10000,50
0.0965,85.15,86.0417688514856,85.3162245864296,87.4002723278438,84.7403016231951,-1,10000,50
0.38,85.15,85.3410398309395,84.6272845135454,86.6279065158975,83.9669114472512,-1,10000,50
0.3675,85.15,85.3841818523388,84.6697034866984,86.7919810539916,84.0327646154391,-1,10000,50
0.5605,85.15,85.0460485355306,84.3372274642495,86.4846887280645,83.6021713795933,-1,10000,50
0.323,85.15,85.4504372081575,84.7348477145317,86.8144125690896,84.0171908471867,-1,10000,50
0.9755,85.15,83.7050207944065,83.0184168055842,85.1499172603603,82.1671501395882,-1,10000,50
0.6355,85.15,84.9021998661807,84.1957787604361,86.2925203409281,83.4995140445147,-1,10000,50
0.173,85.15,85.8409997012434,85.1188429284968,87.1823193547025,84.4654326729305,-1,10000,50
0.6835,85.15,84.8097357742885,84.1048552050813,86.0899429320965,83.430990744068,-1,10000,50
0.4895,85.15,85.1657149865765,84.4548943300362,86.47566547425,83.7712301192746,-1,10000,50
0.6825,85.15,84.7870106876235,84.0825084839251,86.1706054667528,83.2968071313549,-1,10000,50
0.266,85.15,85.554112398544,84.8367825141211,86.8655833737544,84.1359512475707,-1,10000,50
0.7115,85.15,84.7354210839422,84.0317774569631,86.1446755733208,83.3115951089095,-1,10000,50
0.434,85.15,85.2633194624462,84.5508658008658,86.5801045412532,83.8918602628829,-1,10000,50
0.1655,85.15,85.86694788042,85.1443537373263,87.2673473046589,84.4246004463399,-1,10000,50
0.613,85.15,84.9599119047538,84.2525284183778,86.2524259473287,83.6333951209447,-1,10000,50
0.6795,85.15,84.8265716966502,84.1214107497068,86.3105288831352,83.4158510300688,-1,10000,50
0.1735,85.15,85.7769336483377,85.0558561807539,87.1387946595819,84.4161215331796,-1,10000,50
0.5335,85.15,85.0929478123818,84.383343403079,86.4736802754915,83.6958303638407,-1,10000,50
0.1505,85.15,85.8710774462822,85.148413685053,87.2324325904792,84.478289957065,-1,10000,50
0.9095,85.15,84.1359301399993,83.4422254375293,85.6633550984192,82.6205357573293,-1,10000,50
0.217,85.15,85.6650845598944,84.9458894684086,86.9761381428509,84.2636509827877,-1,10000,50
0.829,85.15,84.4394601414333,83.7407319944865,85.8220052152152,83.0326292186798,-1,10000,50
0.2115,85.15,85.7313357077571,85.0110259300631,87.138194090637,84.2690986705583,-1,10000,50
0.568,85.15,85.0275346691927,84.3190227087992,86.4016131067576,83.6328232462314,-1,10000,50
0.838,85.15,84.482980046504,83.7835301687735,85.8531296843336,83.1538047024204,-1,10000,50
0.646,85.15,84.8766873050824,84.1706914285618,86.2338024601286,83.4557220386318,-1,10000,50
