"p","truediv","chaoest","obsD","upper","lower","l","inds","reps"
0.5345,85.15,84.8479701036184,78.2840144042586,89.7492093880246,79.7743250798667,-1,1000,50
0.7275,85.15,83.7384744341998,77.3395204949729,88.4410321807651,79.1210725868985,-1,1000,50
0.915,85.15,81.5377081292853,75.4603078780561,86.7641619767931,75.9655254354405,-1,1000,50
0.195,85.15,87.2793989166524,80.3470994697091,92.2019723868277,82.1453081337765,-1,1000,50
0.763,85.15,83.3055370246834,76.9704433497537,87.9801293333719,77.9250629518307,-1,1000,50
0.2505,85.15,86.8393602225316,79.9744081893794,91.6825299924734,82.1481494971905,-1,1000,50
0.794,85.15,82.8220858895708,76.5579543714592,88.3246588389581,77.2497008092241,-1,1000,50
0.3325,85.15,86.1652578920134,79.4028902652056,91.1128666798571,80.9591373552135,-1,1000,50
0.749,85.15,83.472593582888,77.1128932757557,88.5376699978584,78.3080070329759,-1,1000,50
0.0305,85.15,89.789681826353,82.4674253669801,94.359062137361,84.8998498015796,-1,1000,50
0.65,85.15,84.2753500927959,77.7967947720554,88.997018683224,79.6336022578479,-1,1000,50
0.422,85.15,85.6187864244089,78.9390590464162,90.6614094740087,80.3801927691508,-1,1000,50
0.442,85.15,85.5308219178085,78.8643533123028,90.8340650157511,79.9571920480917,-1,1000,50
0.2905,85.15,86.3887928052579,79.5924864692773,90.8126070686957,81.7046379564227,-1,1000,50
0.1645,85.15,87.5701262272093,80.5931656995487,92.3823925913899,82.615776149208,-1,1000,50
0.493,85.15,85.2098259979532,78.5916378497328,90.3471945309227,79.9737562343101,-1,1000,50
0.337,85.15,86.209872281671,79.4407372100413,90.9616694321087,81.0944259953545,-1,1000,50
0.9975,85.15,78.439070351759,72.8013977868375,83.1785313647297,73.4806723791305,-1,1000,50
0.4945,85.15,85.195292512366,78.5792865000786,90.0790962144888,80.2185770186882,-1,1000,50
0.0605,85.15,88.958147818344,81.7661488143908,93.3901402811518,83.9751476576217,-1,1000,50
0.148,85.15,87.6315789473687,80.6451612903226,91.991013090421,82.950622239894,-1,1000,50
0.2075,85.15,87.1119637251485,80.2053256336221,91.738073190974,82.104737998382,-1,1000,50
0.4085,85.15,85.6334647694157,78.9515237644086,90.186932506781,80.6615087032493,-1,1000,50
0.2425,85.15,86.7940920938317,79.9360511590727,91.1970131076828,82.1809259857432,-1,1000,50
0.9715,85.15,80.3442174682325,74.4379931517046,85.3909792254162,75.2959003016015,-1,1000,50
0.573,85.15,84.704086823809,78.1616382679381,88.9668443081135,80.2981087995458,-1,1000,50
0.3115,85.15,86.2843323544656,79.5038956908889,90.8723938982235,81.5810562827044,-1,1000,50
0.7435,85.15,83.5703530199099,77.1962328238382,88.4244455912778,78.6145167874376,-1,1000,50
0.8735,85.15,82.3849579416133,76.1846716440652,87.1291804051716,77.2570100633396,-1,1000,50
0.34,85.15,86.1355406104503,79.3776789966661,90.7629850266653,81.4811219144891,-1,1000,50
0.696,85.15,83.8650100738754,77.4473358116481,88.4493046981245,79.1312946395815,-1,1000,50
0.365,85.15,86.0168761839162,79.2769938163945,90.6172930801806,81.0493364007218,-1,1000,50
0.818,85.15,83.1253120319523,76.816715317253,87.5265556289681,78.8106837078468,-1,1000,50
0.919,85.15,81.7244764397908,75.6200846944949,86.5636853746405,76.5950117434737,-1,1000,50
0.679,85.15,84.0909090909093,77.639751552795,88.4513918803528,79.6637861147781,-1,1000,50
0.367,85.15,85.9576664945795,79.2267469497702,90.7251600134987,81.2837689502449,-1,1000,50
0.8385,85.15,82.7534791252488,76.499388004896,87.6335901216387,77.9033248922927,-1,1000,50
0.777,85.15,83.3333333333336,76.9941484447182,87.7997192794567,78.7135182532752,-1,1000,50
0.8075,85.15,83.0147914242981,76.7224182906245,87.8320103034219,77.8292778533312,-1,1000,50
0.077,85.15,88.7053809270115,81.5527646387213,93.3949845132342,83.8561164555638,-1,1000,50
0.1485,85.15,87.6162076828629,80.6321561038542,92.1182197397803,83.0141081565211,-1,1000,50
0.654,85.15,84.1050681932988,77.6518092871564,88.73571889586,78.828280879331,-1,1000,50
0.103,85.15,88.0331335918226,80.9847748623259,92.2827801296269,83.3442326727397,-1,1000,50
0.7485,85.15,83.4168336673349,77.0653514180025,88.4314721013278,78.3235998541802,-1,1000,50
0.94,85.15,80.9956218582782,74.9962501874906,86.027147737575,75.6739195985029,-1,1000,50
0.091,85.15,88.2664781763566,81.1820100665692,92.9005331808992,83.4889850914243,-1,1000,50
0.352,85.15,86.0316913537722,79.2895654931811,90.5302649272624,81.5413872088454,-1,1000,50
0.331,85.15,86.0910031023788,79.3398920977468,90.5921975035093,81.3815740705367,-1,1000,50
0.0325,85.15,89.5321742247718,82.2503701266656,93.6968600892074,84.9097312331862,-1,1000,50
0.2855,85.15,86.553456939872,79.7321001435178,91.6088345657385,81.1420497064224,-1,1000,50
