"p","truediv","chaoest","obsD","upper","lower","l","inds","reps"
0.1775,85.15,87.5854813256184,80.6061583104949,92.3535161869253,82.7332564773684,-1,1000,50
0.2415,85.15,87.1119637251485,80.2053256336221,92.4416736913037,81.3902997367039,-1,1000,50
0.4105,85.15,85.6922285126096,79.0014220255965,90.4657179583824,80.5991030188561,-1,1000,50
0.914,85.15,81.6843826655767,75.5857898715042,86.7150300461367,76.7891095904707,-1,1000,50
0.069,85.15,88.6266855926192,81.4863102998696,93.0941949265884,83.9469403827228,-1,1000,50
0.0075,85.15,90.7686716336547,83.2916874895885,95.0958066159587,86.1568732089402,-1,1000,50
0.66,85.15,84.0909090909093,77.639751552795,88.8596889277083,78.9311211902386,-1,1000,50
0.7275,85.15,83.55637336902,77.1843161469589,88.6538683675554,78.4478334026561,-1,1000,50
0.722,85.15,83.6123200535657,77.2320049428483,88.6498553004311,78.3299735871691,-1,1000,50
0.8475,85.15,82.5074331020815,76.2892889838267,87.193066443909,77.4038820509123,-1,1000,50
0.3655,85.15,85.9576664945795,79.2267469497702,90.4583465256468,81.3918362197925,-1,1000,50
0.551,85.15,84.7328244274812,78.1860828772479,89.8043507187389,79.3041322509265,-1,1000,50
0.103,85.15,88.3914351442225,81.2875955129247,93.1743704288708,83.1756267180105,-1,1000,50
0.703,85.15,83.7806105333783,77.3754255648406,88.6441859251126,78.883644998536,-1,1000,50
0.667,85.15,84.048460373549,77.6036008070775,88.7117586371061,79.2531046118419,-1,1000,50
0.9185,85.15,81.4712118740828,75.4034082340522,86.5684126027112,76.5864862129336,-1,1000,50
0.1145,85.15,88.0952380952384,81.0372771474878,92.8194780719553,83.2068955992907,-1,1000,50
0.7005,85.15,83.8790931989927,77.4593338497289,88.5342749469505,79.1814776681413,-1,1000,50
0.354,85.15,86.0910031023788,79.3398920977467,90.8335601743363,81.2706074190814,-1,1000,50
0.712,85.15,83.654329258081,77.2678102302581,88.7933674713401,78.5039572925023,-1,1000,50
0.9325,85.15,81.2723722746504,75.233222991273,86.1513363026709,76.0163260643019,-1,1000,50
0.53,85.15,84.9345349430372,78.3576241968344,89.8704241441511,79.9667974794973,-1,1000,50
0.1555,85.15,87.5701262272093,80.5931656995487,92.0325429483429,82.8075542098269,-1,1000,50
0.497,85.15,85.1517217865669,78.5422557335847,89.3482779071787,80.7269471692115,-1,1000,50
0.149,85.15,87.7701634159202,80.7623970279438,92.4470963431434,82.6012705834474,-1,1000,50
0.0275,85.15,89.7735442127968,82.4538258575198,94.2088692910287,84.9372716570268,-1,1000,50
0.4125,85.15,85.589444825223,78.9141414141414,89.8811388930892,81.0806084269056,-1,1000,50
0.393,85.15,85.7805255023187,79.0763877906057,90.1749010223075,81.3771467278036,-1,1000,50
0.7885,85.15,83.1806827643633,76.8639508070715,87.9965910263852,78.3693966312324,-1,1000,50
0.1025,85.15,88.2041320854673,81.1293201362973,92.9939446719387,83.3410722244802,-1,1000,50
0.7875,85.15,83.3333333333336,76.9941484447182,88.0021879404588,78.7148273617854,-1,1000,50
0.9675,85.15,81.0218978102192,75.0187546886722,85.4121604830857,76.2420389388059,-1,1000,50
0.977,85.15,79.6142811603445,73.8116327133156,85.0066641013693,74.1705338363314,-1,1000,50
0.197,85.15,87.2032122905031,80.2825947334618,92.1576783645965,82.1821373642307,-1,1000,50
0.442,85.15,85.486907410577,78.8270534447422,90.23614860896,80.6825614401857,-1,1000,50
0.626,85.15,84.3322640553776,77.8452436556126,89.5192239500593,78.7118502415472,-1,1000,50
0.397,85.15,85.7952593610446,79.088895919013,90.6187593369001,80.6926669322844,-1,1000,50
0.2405,85.15,86.9754483719313,80.0897004645203,91.9022250811281,81.8052924295022,-1,1000,50
0.1175,85.15,87.9401408450707,80.9061488673139,92.2230945694708,83.4273126107912,-1,1000,50
0.5905,85.15,84.5606907059424,78.0396441392227,89.4314805193243,79.5958562948832,-1,1000,50
0.459,85.15,85.3554340396448,78.7153652392947,89.8448299090166,80.6745388958343,-1,1000,50
0.4645,85.15,85.3408508457204,78.702974972454,90.2630872722684,80.2301928276364,-1,1000,50
0.4075,85.15,85.7952593610446,79.088895919013,90.7802877768244,80.6056527320364,-1,1000,50
0.2115,85.15,87.0815899581593,80.1796023091725,91.6663147178847,82.2997133619642,-1,1000,50
0.1875,85.15,87.2336709745026,80.30838419531,91.7105032712979,82.6331046947989,-1,1000,50
0.812,85.15,83.19453697535,76.8757687576876,87.8135892966471,78.7273882704656,-1,1000,50
0.0495,85.15,89.1805034815214,81.953778069169,93.9011059225845,84.331492739215,-1,1000,50
0.1315,85.15,87.8010195113379,80.7884957182097,92.487642943894,83.041490801598,-1,1000,50
0.026,85.15,89.7090517241382,82.3994726433751,94.1826773984835,84.8357677447234,-1,1000,50
0.565,85.15,84.7328244274812,78.1860828772479,89.3751883242489,80.0793705981443,-1,1000,50
