"p","truediv","chaoest","obsD","upper","lower","l","inds","reps"
0.6075,100,100.124875,100,108.738632252192,96.2471322521916,1,1000,50
0.5525,100,100.24975,100,106.978595376461,96.986595376461,1,1000,50
0.6305,100,100,100,104.089303408929,97.5938034089286,1,1000,50
0.6,100,100.124875,100,108.624500253571,96.1340002535714,1,1000,50
0.5045,100,100.4995,100,107.282762139286,97.2907621392857,1,1000,50
0.602,100,100.1665,100,107.781663288393,96.2891632883929,1,1000,50
0.753,100,99.24975,99,107.822849091071,95.8318490910714,1,1000,50
0.4645,100,101.123875,100,112.277337859984,96.0385878599838,1,1000,50
0.6035,100,100.124875,100,109.711814563312,95.8736645633117,1,1000,50
0.4295,100,100.999,100,109.76371233125,97.02346233125,1,1000,50
0.828,100,99,99,103.019863549107,96.5243635491071,1,1000,50
0.486,100,100.666,100,108.425388657955,96.5582636579545,1,1000,50
0.598,100,100.1665,100,107.866100739286,96.8761007392857,1,1000,50
0.6485,100,100,100,104.081790689286,97.6695406892857,1,1000,50
0.6655,100,100,100,105.465946415179,97.4739464151786,1,1000,50
0.664,100,100,100,105.737067742857,97.4933177428571,1,1000,50
0.611,100,100.1665,100,109.180933686282,96.6924336862825,1,1000,50
0.6535,100,100,100,105.464082796429,97.4700827964286,1,1000,50
0.5985,100,100,100,104.596964641071,97.6029646410714,1,1000,50
0.546,100,100.24975,100,106.968650225731,96.6426502257305,1,1000,50
0.626,100,100,100,107.354895609172,96.6126456091721,1,1000,50
0.649,100,100,100,105.699561664854,97.4548116648539,1,1000,50
0.2855,100,101.998,100,113.015290141477,97.7775401414773,1,1000,50
0.6475,100,100,100,105.673793372321,97.4300433723214,1,1000,50
0.486,100,100.4995,100,107.334525708929,97.3425257089286,1,1000,50
0.608,100,100,100,104.765422845536,97.5216728455357,1,1000,50
0.5815,100,100.124875,100,107.790147867451,96.2986478674513,1,1000,50
0.659,100,100,100,104.060700911607,97.6651009116071,1,1000,50
0.612,100,100,100,104.811569875,97.567819875,1,1000,50
0.754,100,99.24975,99,105.986117176786,95.8932171767857,1,1000,50
0.607,100,100,100,104.544590740666,97.5505907406656,1,1000,50
0.425,100,100.999,100,110.992466419643,97.0044664196429,1,1000,50
0.5825,100,100.24975,100,107.9840174625,96.9920174625,1,1000,50
0.596,100,100,100,104.904532806169,97.3267828061688,1,1000,50
0.633,100,100,100,106.407758017532,96.9152580175325,1,1000,50
0.6135,100,100.1665,100,108.759906142033,96.269406142033,1,1000,50
0.802,100,99,99,105.584955837775,95.7178308377747,1,1000,50
0.4435,100,100.999,100,110.134871996266,96.7472719962662,1,1000,50
0.6345,100,99.999,99,108.229256577679,95.8666315776786,1,1000,50
0.654,100,100,100,104.083162995536,97.5876629955357,1,1000,50
0.403,100,100.999,100,108.861738361039,97.2017383610389,1,1000,50
0.615,100,100,100,104.578832444643,97.5848324446429,1,1000,50
0.514,100,100.666,100,108.397183058929,96.5716830589286,1,1000,50
0.6025,100,100,100,104.280072885714,97.7845728857143,1,1000,50
0.666,100,100,100,105.721286010714,97.4775360107143,1,1000,50
0.631,100,100,100,104.021409629383,97.6924096293831,1,1000,50
0.6635,100,100,100,105.72988406664,97.4861340666396,1,1000,50
0.487,100,100.4995,100,107.383794775,97.391794775,1,1000,50
0.518,100,100.4995,100,108.271524121429,97.2815241214286,1,1000,50
0.5065,100,100.4995,100,108.1617168625,97.1707168625,1,1000,50
