"p","truediv","chaoest","obsD","upper","lower","l","inds","reps"
0.354,92.2018107716651,92.7477058839106,88.1710714051157,95.5415261925601,89.8958248140588,0,1000,50
0.816,92.2018107716651,90.788161318103,86.3021379724386,93.6562677716008,87.7481128841418,0,1000,50
0.4795,92.2018107716651,92.2490800083288,87.6816771809159,95.2311638619981,89.0724386228715,0,1000,50
0.685,92.2018107716651,91.4372206507152,86.9208741031087,94.2585043215887,88.2355904796122,0,1000,50
0.3215,92.2018107716651,92.849564445327,88.2661173483094,95.6753069160002,89.8915547860565,0,1000,50
0.4775,92.2018107716651,92.2389663424809,87.6861187918658,95.1567647666849,89.3453732983538,0,1000,50
0.374,92.2018107716651,92.6612369416078,88.0525175521999,95.4520773999283,89.5326429042634,0,1000,50
0.218,92.2018107716651,93.2906259941373,88.6873125635393,95.9922003806537,90.4714606966744,0,1000,50
0.7665,92.2018107716651,91.0661761067571,86.4511453558796,94.0893931496389,87.9206828810794,0,1000,50
0.6495,92.2018107716651,91.6057620696195,87.061402132975,94.5864380436023,88.6304449468502,0,1000,50
0.518,92.2018107716651,92.1361261142837,87.6365084758799,94.9406586533573,89.1075212272384,0,1000,50
0.365,92.2018107716651,92.7082330801223,88.0607943974617,95.6464113158583,89.5880674375837,0,1000,50
0.8255,92.2018107716651,90.745724329051,86.2457863935411,93.6722828996375,87.6462538376176,0,1000,50
0.8535,92.2018107716651,90.6287954339737,86.096779707785,93.5033504944489,87.6803712561868,0,1000,50
0.978,92.2018107716651,89.2242939343967,84.8457685922128,92.1491713224361,86.0320425919098,0,1000,50
0.1915,92.2018107716651,93.4435343117732,88.8329260555059,96.1783482898953,90.5836140684918,0,1000,50
0.3265,92.2018107716651,92.869985411581,88.2533753585195,95.7904177013969,89.8072115417453,0,1000,50
0.117,92.2018107716651,93.9465728789236,89.2777473181678,96.656698476456,91.065214815743,0,1000,50
0.353,92.2018107716651,92.7800431974988,88.1677781515205,95.649915269256,89.7011213612646,0,1000,50
0.3865,92.2018107716651,92.6194667230386,88.0477276081397,95.4589110829846,89.6980755144748,0,1000,50
0.817,92.2018107716651,90.8028014581949,86.2959366969089,93.7455506434596,87.4479991686467,0,1000,50
0.6485,92.2018107716651,91.557240253036,87.0049203005342,94.7574175788096,88.4236638266719,0,1000,50
0.519,92.2018107716651,92.1351476755139,87.5710137698901,95.046991502397,89.0774818512977,0,1000,50
0.6645,92.2018107716651,91.5049226742959,86.916811736542,94.4794840495014,88.2728362040402,0,1000,50
0.2345,92.2018107716651,93.1759304765275,88.5742968051739,95.8461074870277,90.3237587921227,0,1000,50
0.9075,92.2018107716651,90.2342075273649,85.8055306077774,93.1839061046501,87.0631299348012,0,1000,50
0.9875,92.2018107716651,88.675256326371,84.2497837475681,91.8028395125615,85.6866071570054,0,1000,50
0.427,92.2018107716651,92.4801862477159,87.9127938805077,95.3463960084996,89.5455326275969,0,1000,50
0.499,92.2018107716651,92.169859767827,87.6178635522417,95.0369540968537,89.1651692926347,0,1000,50
0.704,92.2018107716651,91.2767588402658,86.7495245342203,94.2657646179167,87.9641384239411,0,1000,50
0.9035,92.2018107716651,90.14801108791,85.6748419752933,93.1906253489293,87.0022752464944,0,1000,50
0.864,92.2018107716651,90.5199704379344,86.0453114709877,93.4927627811877,87.3677491296253,0,1000,50
0.48,92.2018107716651,92.2662460749819,87.7575832516268,95.2149098518173,89.2781372048099,0,1000,50
0.707,92.2018107716651,91.4247440339226,86.9120224216773,94.3139839882386,88.4996873001891,0,1000,50
0.2045,92.2018107716651,93.4244316565931,88.7923360876897,96.1684448911811,90.3960306160632,0,1000,50
0.2115,92.2018107716651,93.3827815363533,88.7747999683461,96.1649716217619,90.5935527785359,0,1000,50
0.6675,92.2018107716651,91.4572012880102,86.9397674558533,94.2962831539232,88.3011903153222,0,1000,50
0.4115,92.2018107716651,92.4837462389667,87.9028073290572,95.39731475605,89.3656602226669,0,1000,50
0.259,92.2018107716651,93.1592388563293,88.5675222921424,95.9961833859124,90.1136956067715,0,1000,50
0.9725,92.2018107716651,89.1113546838566,84.6928992650632,92.2345664025209,85.9324579170597,0,1000,50
0.164,92.2018107716651,93.6517715333386,89.009725635635,96.6579773476795,90.7570370880595,0,1000,50
0.1325,92.2018107716651,93.8297276149072,89.2016938757638,96.5461263421151,91.0802044190596,0,1000,50
0.335,92.2018107716651,92.8027335594435,88.188228300244,95.6259607868656,89.7654234319704,0,1000,50
0.4495,92.2018107716651,92.3846023460314,87.8271196469598,95.3365174239226,89.2423401781707,0,1000,50
0.6995,92.2018107716651,91.4079960416728,86.8772646138978,94.4162313885451,88.3816163568175,0,1000,50
0.5405,92.2018107716651,92.0392565137879,87.3845766032644,95.2475228299718,88.9696622144141,0,1000,50
0.888,92.2018107716651,90.1981122632192,85.7408690716365,93.3348388891124,86.9214776616845,0,1000,50
0.335,92.2018107716651,92.8568721395965,88.1081280806666,95.8356670863883,89.6406756148928,0,1000,50
0.3545,92.2018107716651,92.7353470376112,88.1364008856391,95.592587187952,89.7648373583542,0,1000,50
0.247,92.2018107716651,93.2208289850309,88.5988770654169,96.0406271966357,90.2342611560972,0,1000,50
