"p","truediv","chaoest","obsD","upper","lower","l","inds","reps"
0.791,85.15,83.1806827643633,76.8639508070715,87.7508005845687,78.4074158926617,-1,1000,50
0.0945,85.15,88.0021141649051,80.9585492227979,92.2952960098452,83.6837937396602,-1,1000,50
0.3675,85.15,85.9428768066073,79.2141951837769,90.756276855764,81.2044607775173,-1,1000,50
0.798,85.15,83.0285904255322,76.7341927562922,87.6947186956888,78.1829658656107,-1,1000,50
0.039,85.15,89.2442379846349,82.0075446941119,93.7503407698286,84.5847323599993,-1,1000,50
0.6165,85.15,84.3750000000003,77.8816199376947,89.4460868257003,79.5017113287139,-1,1000,50
0.33,85.15,86.1503966885136,79.3902826294062,90.5977928994566,81.0701852056291,-1,1000,50
0.5325,85.15,84.8768054375534,78.3085356303837,89.7089650950088,79.4628830527696,-1,1000,50
0.806,85.15,83.0838323353296,76.7813267813268,87.6513276928996,78.3603428195426,-1,1000,50
0.5435,85.15,84.8623853211012,78.2962730974006,89.6759472977238,79.8232532681974,-1,1000,50
0.09,85.15,88.3132956152761,81.2215724496426,92.8016216724504,83.5051466022029,-1,1000,50
0.0895,85.15,88.6266855926192,81.4863102998696,93.4308567670348,83.620460367431,-1,1000,50
0.568,85.15,84.704086823809,78.1616382679381,89.5316015652804,79.7512435993314,-1,1000,50
0.258,85.15,86.598474341193,79.7702616464582,90.9116621762792,82.0948140054876,-1,1000,50
0.6225,85.15,84.318028359217,77.8331257783313,88.6923398694276,79.6134819893554,-1,1000,50
0.8915,85.15,81.8986719134287,75.7690559175633,86.8926598908992,76.5360349098272,-1,1000,50
0.9985,85.15,78.7234042553194,73.0460189919649,83.3273079720922,73.4843801130314,-1,1000,50
0.39,85.15,85.8837689133428,79.1640278657378,91.0410715768416,80.4592124741846,-1,1000,50
0.333,85.15,86.2843323544657,79.5038956908889,91.2099297702253,81.3352438489722,-1,1000,50
0.5525,85.15,84.7472005429253,78.1983109164842,89.4269060012674,79.6402972611703,-1,1000,50
0.2635,85.15,86.703697274779,79.8594473726242,91.503434676439,81.5510673517387,-1,1000,50
0.594,85.15,84.5320697241499,78.0152909970354,89.2790661378893,79.4802082215903,-1,1000,50
0.4485,85.15,85.4430379746838,78.7897888433659,90.3828083029004,79.9995610229817,-1,1000,50
0.677,85.15,83.7946653246102,77.3874013310633,88.4213718930423,78.2968595665583,-1,1000,50
0.8055,85.15,83.0009970089733,76.7106474378644,87.5953713344881,78.1276991708556,-1,1000,50
0.4625,85.15,85.3262726340966,78.6905886056028,90.0648158874663,80.4755682403479,-1,1000,50
0.3015,85.15,86.4186851211075,79.6178343949045,91.2035472552348,81.7910233559358,-1,1000,50
0.6905,85.15,83.8931810547534,77.4713356058258,88.7166629229331,78.885440862345,-1,1000,50
0.072,85.15,88.5324353066291,81.406707912732,93.1083204331936,83.8516505103259,-1,1000,50
0.97,85.15,80.3830061152239,74.471254095919,85.4819142813877,75.1852807562028,-1,1000,50
0.61,85.15,84.4320486815419,77.930174563591,89.0316540360283,79.914165143241,-1,1000,50
0.435,85.15,85.5308219178085,78.8643533123028,90.636478005616,79.9865712348745,-1,1000,50
0.32,85.15,86.3439930855664,79.5544948289578,91.452394990448,81.5157376035569,-1,1000,50
0.8535,85.15,82.5619834710746,76.3358778625954,87.2907147390495,77.6180199176631,-1,1000,50
0.5595,85.15,84.8047538200343,78.2472613458529,89.525337981333,80.0696243132317,-1,1000,50
0.6365,85.15,84.076754755092,77.6276975624903,89.4129928187795,78.8024103014017,-1,1000,50
0.7595,85.15,83.55637336902,77.1843161469589,88.1422452302145,78.8568093613802,-1,1000,50
0.015,85.15,89.9351818509186,82.5900231252065,94.1238622308028,85.5883113827816,-1,1000,50
0.766,85.15,83.19453697535,76.8757687576876,88.2613621995275,77.968475436896,-1,1000,50
0.101,85.15,88.1729920564875,81.10300081103,92.8073860597987,83.3877236291656,-1,1000,50
0.399,85.15,85.765796703297,79.0638836179633,90.5383066151562,80.8913417324135,-1,1000,50
0.6475,85.15,84.1334007074282,77.6759359950287,88.8349116544942,79.3294887074151,-1,1000,50
0.698,85.15,83.8650100738753,77.4473358116481,88.7230549786515,79.0320466332735,-1,1000,50
0.988,85.15,79.4370229007636,73.6593989393047,84.4916491766106,74.4799933787538,-1,1000,50
0.5555,85.15,84.7184531886027,78.1738586616635,89.7495169422071,79.2941623775133,-1,1000,50
0.6615,85.15,84.0343203230151,77.5915580384854,88.6058859996683,79.0035427606026,-1,1000,50
0.773,85.15,83.3333333333336,76.9941484447182,88.1114331649092,78.3487470288548,-1,1000,50
0.001,85.15,92.3290203327175,84.6023688663282,97.0770358796779,87.2619725035872,-1,1000,50
0.6175,85.15,84.3465045592708,77.857365306758,88.9299095230363,79.4251302004191,-1,1000,50
0.66,85.15,84.2185128983311,77.7484061576738,88.9410547869063,79.5288851582074,-1,1000,50
