"p","truediv","chaoest","obsD","upper","lower","l","inds","reps"
0.0225,85.15,86.4793336965828,85.7463793591316,87.8170255853701,85.1647748384967,-1,10000,50
0.8925,85.15,84.2497817712423,83.5541949219103,85.657442059407,82.7911895217427,-1,10000,50
0.5065,85.15,85.1361292563807,84.4258032270919,86.5503568372871,83.8079488772948,-1,10000,50
0.7855,85.15,84.5488445244919,83.84830165265,85.9693778263768,83.0848533489413,-1,10000,50
0.328,85.15,85.4818495334789,84.765732943863,86.8797285351611,83.9272946044199,-1,10000,50
0.1565,85.15,85.8356940509915,85.1136266916333,87.2039727956482,84.4832589242374,-1,10000,50
0.9735,85.15,83.6401840937265,82.9546453771865,85.1825242906931,82.1348387064037,-1,10000,50
0.011,85.15,86.7137742996294,85.9768344017388,88.0419783288005,85.4361748051528,-1,10000,50
0.9005,85.15,84.247368270279,83.5518213461535,85.6072820706226,82.8823441417273,-1,10000,50
0.9745,85.15,83.7581693323973,83.0706914970502,85.162497781922,82.3107925962828,-1,10000,50
0.6475,85.15,84.8694831440837,84.1636073195406,86.260824505838,83.475653614262,-1,10000,50
0.529,85.15,85.1096066010803,84.3997238441036,86.4519280544751,83.7980671387678,-1,10000,50
0.114,85.15,85.9741501465146,85.2497476607469,87.2720106972915,84.6822665854602,-1,10000,50
0.455,85.15,85.2294521073384,84.5175652855933,86.5983771476248,83.7938371104208,-1,10000,50
0.0655,85.15,86.1419865294919,85.4147483937757,87.4391988109687,84.8858428058255,-1,10000,50
0.0445,85.15,86.3416327454031,85.6110143706649,87.6532504684248,84.9312246826467,-1,10000,50
0.0915,85.15,86.0666532389259,85.3406885628116,87.4113033776923,84.6854714466245,-1,10000,50
0.6685,85.15,84.8101673811224,84.1052796248232,86.2553883905265,83.1940130980108,-1,10000,50
0.984,85.15,83.6095511724903,82.9245154720561,85.0452955838521,82.1303021216083,-1,10000,50
0.5045,85.15,85.1288809881386,84.4186761125537,86.4837955381997,83.6542619290637,-1,10000,50
0.7605,85.15,84.6251239882054,83.923314232387,86.0012277781153,83.1931948315763,-1,10000,50
0.643,85.15,84.8788487918833,84.1728168938211,86.3107752427799,83.4754061089379,-1,10000,50
0.3075,85.15,85.4982223141894,84.7818309145077,86.8283356308502,84.1718832305665,-1,10000,50
0.5625,85.15,85.0473505951358,84.3385077819141,86.4308691061419,83.6637022682952,-1,10000,50
0.303,85.15,85.50348632577,84.7870065608186,86.8333645265622,84.1663602916019,-1,10000,50
0.0435,85.15,86.2833691157486,85.5537380139213,87.5677123135334,85.0107276210716,-1,10000,50
0.752,85.15,84.6479056860298,83.9457173413384,86.1055888769649,83.2188437686418,-1,10000,50
0.0865,85.15,86.0319967786399,85.3066175755518,87.3084170203566,84.7065075865187,-1,10000,50
0.1275,85.15,85.9391249490759,85.2153135327031,87.2476597406264,84.5995345189163,-1,10000,50
0.811,85.15,84.5039712387323,83.8041731126043,85.8385634732093,83.0080442823982,-1,10000,50
0.7715,85.15,84.6172463809815,83.9155675125915,85.968776002113,83.1939718641113,-1,10000,50
0.8925,85.15,84.2452388254364,83.5497271265912,85.6777394219563,82.7088980912236,-1,10000,50
0.139,85.15,85.870192505874,85.1475436636604,87.1586895549225,84.5124918556808,-1,10000,50
0.4335,85.15,85.2714632682021,84.5588732699255,86.6215782633612,83.8799843485281,-1,10000,50
0.8445,85.15,84.4281950824101,83.7296536941523,85.8440769482721,82.974623154149,-1,10000,50
0.142,85.15,85.9016190638192,85.1784403146151,87.264631220152,84.5019630442227,-1,10000,50
0.6555,85.15,84.8653052910322,84.1594990826615,86.2926207670241,83.4580778213679,-1,10000,50
0.2495,85.15,85.6119813963683,84.8936791562247,86.9463280512444,84.2150815247946,-1,10000,50
0.384,85.15,85.3360871197897,84.6224147852283,86.6386357293383,83.9721375086109,-1,10000,50
0.6555,85.15,84.8421184819887,84.1366985769119,86.2356866824463,83.3931303700244,-1,10000,50
0.4225,85.15,85.2766993934514,84.564021729571,86.6749262813315,83.8185212394087,-1,10000,50
0.6955,85.15,84.7924751024395,84.0878819271597,86.1356257171641,83.3222840454098,-1,10000,50
0.329,85.15,85.4520437900062,84.7364273427504,86.7637364200014,84.0569590078294,-1,10000,50
0.15,85.15,85.8311258221298,85.1091354443803,87.117945218995,84.4989805473848,-1,10000,50
0.7655,85.15,84.605933838312,83.9044429080609,85.9751662746191,83.1724697205145,-1,10000,50
0.14,85.15,85.8939447303089,85.1708954016234,87.2964671153593,84.5270014651444,-1,10000,50
0.076,85.15,86.1402054821663,85.4129974666505,87.4391323132446,84.7210048335421,-1,10000,50
0.488,85.15,85.1655699083356,84.4547516776937,86.4556346666086,83.7424391271295,-1,10000,50
0.011,85.15,86.6626682290619,85.9265980628708,87.9994296350128,85.3647848650929,-1,10000,50
0.4125,85.15,85.3074018397527,84.5942100338884,86.6711981386536,83.9584298603364,-1,10000,50
