"p","truediv","chaoest","obsD","upper","lower","l","inds","reps"
0.788356940960512,100,100,100,100,100,1,10000,50
0.753073900006711,100,100,100,100,100,1,10000,50
0.444815603317693,100,100,100,100,100,1,10000,50
0.12388193118386,100,100,100,100,100,1,10000,50
0.700133491074666,100,100,100,100,100,1,10000,50
0.0943446471355855,100,100,100,100,100,1,10000,50
0.97654732875526,100,100,100,100,100,1,10000,50
0.143863689620048,100,100,100,100,100,1,10000,50
0.382209256989881,100,100,100,100,100,1,10000,50
0.713020714465529,100,100,100,100,100,1,10000,50
0.91299998993054,100,100,100,100,100,1,10000,50
0.494450615718961,100,100,100,100,100,1,10000,50
0.953920083586127,100,100,100,100,100,1,10000,50
0.325532678281888,100,100,100,100,100,1,10000,50
0.0721379707101732,100,100,100,100,100,1,10000,50
0.969611120643094,100,100,100,100,100,1,10000,50
0.128797844285145,100,100,100,100,100,1,10000,50
0.916660737013444,100,100,100,100,100,1,10000,50
0.24375071329996,100,100,100,100,100,1,10000,50
0.0673301620408893,100,100,100,100,100,1,10000,50
0.399714229861274,100,100,100,100,100,1,10000,50
0.207750060362741,100,100,100,100,100,1,10000,50
0.452392115490511,100,100,100,100,100,1,10000,50
0.535373694961891,100,100,100,100,100,1,10000,50
0.213503348873928,100,100,100,100,100,1,10000,50
0.697693722322583,100,100,100,100,100,1,10000,50
0.918249342823401,100,100,100,100,100,1,10000,50
0.35325770219788,100,100,100,100,100,1,10000,50
0.585869239876047,100,100,100,100,100,1,10000,50
0.109478299506009,100,100,100,100,100,1,10000,50
0.288210741011426,100,100,100,100,100,1,10000,50
0.561358179664239,100,100,100,100,100,1,10000,50
0.167031649500132,100,100,100,100,100,1,10000,50
0.445120555115864,100,100,100,100,100,1,10000,50
0.908289580838755,100,100,100,100,100,1,10000,50
0.881886751390994,100,100,100,100,100,1,10000,50
0.231641567312181,100,100,100,100,100,1,10000,50
0.152555087348446,100,100,100,100,100,1,10000,50
0.204556753858924,100,100,100,100,100,1,10000,50
0.12300126766786,100,100,100,100,100,1,10000,50
0.174791604280472,100,100,100,100,100,1,10000,50
0.7433646612335,100,100,100,100,100,1,10000,50
0.0751468441449106,100,100,100,100,100,1,10000,50
0.588203990133479,100,100,100,100,100,1,10000,50
0.330293114529923,100,100,100,100,100,1,10000,50
0.542380895465612,100,100,100,100,100,1,10000,50
0.82929773721844,100,100,100,100,100,1,10000,50
0.894650703761727,100,100,100,100,100,1,10000,50
0.366975678363815,100,100,100,100,100,1,10000,50
0.501610349398106,100,100,100,100,100,1,10000,50
