"p","truediv","chaoest","obsD","upper","lower","l","inds","reps"
0.996,200,166.63237,157,185.496700476139,154.034561190425,1,10000,50
0.99,200,172.030346875,163,193.03618012607,159.828474862912,1,10000,50
0.9955,200,168.479352,162,187.326389840797,156.062449840797,1,10000,50
0.8495,200,188.29757,164,218.062083518959,169.802021018959,1,10000,50
0.877,200,186.447355,160,216.301154600137,167.638954600137,1,10000,50
0.9885,200,173.578942,163,195.690872962133,159.275064837133,1,10000,50
0.9935,200,170.114273076923,159,189.489827784395,157.494932592087,1,10000,50
0.5465,200,200.028246875,170,230.989350571666,179.403100571666,1,10000,50
0.956,200,180.04345,160,204.710684545982,163.598011469058,1,10000,50
0.7545,200,193.16385,165,223.341248027269,174.094973027269,1,10000,50
0.852,200,188.036057692308,164,217.561505123488,168.843655123488,1,10000,50
0.999,200,165.094628571429,159,182.392004858095,153.560654858095,1,10000,50
0.9785,200,175.0401625,160,198.055639118185,160.04363470642,1,10000,50
0.9485,200,182.529596875,166,206.356121561191,167.615148346905,1,10000,50
0.9925,200,168.0404625,156,189.149217909814,154.973364338385,1,10000,50
0.4545,200,204.5512,161,249.040351732493,178.077698607493,1,10000,50
0.784,200,191.035657692308,163,223.114392750713,170.651772750713,1,10000,50
0.718,200,194.278621875,168,225.299375054208,174.533415185787,1,10000,50
0.695,200,195.6634,163,233.448534785339,173.953984785339,1,10000,50
0.985,200,175.332,162,196.973436208516,161.976336208516,1,10000,50
0.972,200,178.13172,162,201.814308833443,162.851038833443,1,10000,50
0.9965,200,168.094628571429,162,186.900188531651,156.535101031651,1,10000,50
0.992,200,172.528458823529,163,191.526143138358,160.278568138358,1,10000,50
0.985,200,174.969291176471,162,197.129806668261,160.918322256496,1,10000,50
0.7745,200,192.035657692308,164,222.945341127191,172.074028627191,1,10000,50
0.672,200,196.13305,163,230.974145643985,174.071493501128,1,10000,50
0.8395,200,189.036057692308,165,217.757671610491,169.841309110491,1,10000,50
0.998,200,164.49925,157,181.299945477109,153.588131191395,1,10000,50
0.972,200,176.735568421053,164,200.34557900894,161.89932900894,1,10000,50
0.963,200,178.9984,163,203.255122678422,163.523002090186,1,10000,50
0.8105,200,189.7242,159,223.809677417812,168.967608187042,1,10000,50
0.705,200,195.13305,162,232.273438600658,173.278138600658,1,10000,50
0.877,200,187.319196428571,165,215.113056830932,169.462581830932,1,10000,50
0.86,200,187.1792,161,221.837030283623,167.274920283623,1,10000,50
0.961,200,180.6234375,165,203.761981305777,165.443584877206,1,10000,50
0.973,200,177.156378947368,162,201.264628705655,161.265756205655,1,10000,50
0.986,200,172.284285714286,158,195.516355610468,157.881030610468,1,10000,50
0.9975,200,163.528658823529,156,183.371883000334,151.414161571763,1,10000,50
0.817,200,190.1792,164,219.33388183949,172.32154066302,1,10000,50
0.977,200,175.959842307692,159,199.452364976314,160.952084976314,1,10000,50
0.969,200,178.557267647059,163,201.642419766398,163.200811310515,1,10000,50
0.4985,200,202.380676923077,163,244.127403975157,177.738706606736,1,10000,50
0.9885,200,175.332,162,195.258216914541,161.572090598751,1,10000,50
0.9675,200,178.557267647059,163,202.12024333574,162.658303629857,1,10000,50
1,200,162.49975,160,175.923471036564,153.733813683622,1,10000,50
0.9845,200,173.4431,160,196.107074800843,158.314999800843,1,10000,50
0.8965,200,184.0390625,158,215.567787693234,164.571887693234,1,10000,50
0.9995,200,162.1243875,156,179.479644630183,151.585800880183,1,10000,50
0.9955,200,167.570271428571,156,187.934892337851,154.624923587851,1,10000,50
0.984,200,176.248775,164,197.335588797562,162.838338797562,1,10000,50
