"p","truediv","chaoest","obsD","upper","lower","l","inds","reps"
0.995,200,171.332,158,191.744021746763,157.528093621763,1,10000,50
0.9885,200,172.883226923077,159,194.079862014919,159.518490962287,1,10000,50
0.9285,200,182.1228875,161,208.957409532382,164.675723818096,1,10000,50
0.955,200,180.939482352941,164,204.284353726248,165.690091226248,1,10000,50
0.9645,200,177.613523076923,159,203.615558840764,161.748715983621,1,10000,50
0.993,200,174.528458823529,165,192.641126664336,161.801705611705,1,10000,50
0.9815,200,173.233870588235,159,197.389100624945,158.09463628671,1,10000,50
0.0105,200,242.39216,164,318.591215110021,203.553900824307,1,10000,50
0.962,200,180.13172,164,202.971505070441,165.174685070441,1,10000,50
0.9015,200,185.569371428571,165,211.98705431459,168.230064840906,1,10000,50
0.9965,200,165.39936,159,182.893786082716,153.889750788599,1,10000,50
0.8625,200,186.13072,160,217.700030963832,166.338000963833,1,10000,50
0.971,200,175.959842307692,159,201.080952002049,161.200807002049,1,10000,50
0.987,200,172.919660526316,159,196.52264013921,158.101479424925,1,10000,50
0.933,200,183.569371428571,163,209.662149905423,165.915624905423,1,10000,50
0.983,200,175.735568421053,163,197.927973130896,161.632401702325,1,10000,50
0.9705,200,179.692975,165,201.699547953602,165.08961402503,1,10000,50
0.9985,200,168.49925,161,185.054037416988,157.810507416988,1,10000,50
0.9985,200,160.280721875,155,177.15772729966,150.33915479966,1,10000,50
0.9625,200,181.283985714286,164,203.104289814544,166.432057314544,1,10000,50
0.8415,200,188.681842105263,165,218.695254406906,169.466734764049,1,10000,50
0.923,200,183.53108,161,209.63906244194,166.15999244194,1,10000,50
0.0495,200,228.243875,167,279.037602540722,196.822302540722,1,10000,50
0.9045,200,184.04305,160,214.247718510185,166.102748510185,1,10000,50
0.8495,200,188.4525,168,216.953096893653,171.204789970576,1,10000,50
0.955,200,180.9987,168,204.55241833565,165.33629021065,1,10000,50
0.92,200,184.569371428571,164,211.471265014253,167.44887715711,1,10000,50
0.9885,200,171.332,158,193.277373794971,157.391973794971,1,10000,50
0.9415,200,182.557267647059,167,206.220275439853,167.461613132161,1,10000,50
0.9995,200,168.53248,160,185.657677138468,156.603927138468,1,10000,50
0.9855,200,175.248775,163,196.316386115964,161.318686115964,1,10000,50
0.878,200,187.529296875,168,213.590819576223,171.144648147652,1,10000,50
0.957,200,181.18,163,204.562389692152,166.032775955888,1,10000,50
0.9965,200,169.525463157895,161,188.318108520964,156.982942270964,1,10000,50
0.9885,200,174.969291176471,162,194.315803360491,161.068728360491,1,10000,50
0.8275,200,190.53108,168,215.86606567239,172.708667458104,1,10000,50
0.857,200,188.04305,164,217.680766278962,169.998126993248,1,10000,50
0.8965,200,185.83125,165,212.457901608314,169.578636902431,1,10000,50
0.9865,200,175.03213,163,195.981529016888,161.805675445459,1,10000,50
0.871,200,187.439032352941,166,216.32618608633,169.488465033699,1,10000,50
0.9965,200,170.525263157895,160,189.709053701564,157.682789951564,1,10000,50
0.5405,200,201.13305,168,235.378694549372,179.466619549372,1,10000,50
0.8805,200,186.778971875,164,216.187767552191,168.219542552191,1,10000,50
0.9665,200,179.63157,162,202.195902452143,163.821289006765,1,10000,50
0.9745,200,176.05355,156,200.168217333277,160.639824476134,1,10000,50
0.994,200,167.114273076923,156,188.876181194591,154.271103069591,1,10000,50
0.9665,200,178.018028846154,166,202.505801632025,162.858966632025,1,10000,50
0.674,200,196.278621875,170,225.327821245727,176.845655531441,1,10000,50
0.91,200,183.04305,159,214.210662098111,164.152668348111,1,10000,50
0.996,200,165.320396428571,155,183.544685132756,152.864935132756,1,10000,50
