"p","truediv","chaoest","obsD","upper","lower","l","inds","reps"
0.9235,10.95,10.6178530720202,10.6076507893471,11.0595611308265,10.1914396909763,-1,10000,50
0.879,10.95,10.6833177839899,10.6729827955787,11.1490176831279,10.2415051863687,-1,10000,50
0.4485,10.95,10.9849932182855,10.9740356511301,11.4647351072061,10.5277340535802,-1,10000,50
0.2355,10.95,11.1297887644231,11.1185259325163,11.5883151275585,10.6839320259869,-1,10000,50
0.8625,10.95,10.69742183468,10.6870581435811,11.1329516228711,10.2443359370573,-1,10000,50
0.765,10.95,10.7823879252783,10.7718504832683,11.2648264774755,10.3515246436361,-1,10000,50
0.466,10.95,10.9650806211418,10.9541647076969,11.4323771543984,10.5047545458064,-1,10000,50
0.343,10.95,11.0571199381801,11.0460108326019,11.5337766897795,10.607777543453,-1,10000,50
0.0645,10.95,11.3033730829823,11.2917387832384,11.7758449900949,10.8309590296968,-1,10000,50
0.3925,10.95,11.0142810028492,11.0032620270605,11.4923960314799,10.5535887266658,-1,10000,50
0.9115,10.95,10.6396562621703,10.6294098764225,11.0873988280463,10.181590819384,-1,10000,50
0.7715,10.95,10.7736490701734,10.7631295650469,11.2237788196188,10.3283030817484,-1,10000,50
0.061,10.95,11.3293487805569,11.3176583764819,11.7991698263304,10.8512834516532,-1,10000,50
0.951,10.95,10.5612759973324,10.5511877155476,11.0340218436846,10.1062649710316,-1,10000,50
0.251,10.95,11.1091285505826,11.0979095311733,11.5883360954599,10.6609520333246,-1,10000,50
0.8935,10.95,10.668586066116,10.6582810153846,11.1222563821355,10.2452757559418,-1,10000,50
0.6445,10.95,10.8611587842975,10.8504589744146,11.3015201170262,10.407283424798,-1,10000,50
0.6855,10.95,10.8279980256419,10.8173667197655,11.3127853509153,10.3387187386675,-1,10000,50
0.0505,10.95,11.3426452151257,11.3309260403263,11.8310318328813,10.8786956354139,-1,10000,50
0.9795,10.95,10.497148479378,10.4871886406129,10.9393705556492,10.0644543909633,-1,10000,50
0.9805,10.95,10.4444298672046,10.4345750060207,10.9223842045431,10.0046509827236,-1,10000,50
0.9605,10.95,10.5606022680105,10.5505153399218,11.0115569714498,10.1293821416777,-1,10000,50
0.766,10.95,10.7749098804167,10.7643877883618,11.2308395065337,10.3320875024414,-1,10000,50
0.467,10.95,10.9711948804162,10.9602661854087,11.4443214962565,10.5097675036357,-1,10000,50
0.393,10.95,11.0192114921593,11.0081821616371,11.4767001025782,10.5785331078637,-1,10000,50
0.6095,10.95,10.8896633908009,10.8789045204242,11.3528211270323,10.4469074093985,-1,10000,50
0.5365,10.95,10.9355201311343,10.9246659073296,11.4220072588426,10.4805271475945,-1,10000,50
0.649,10.95,10.8679939263576,10.8572799690785,11.3490563698439,10.4251680986435,-1,10000,50
0.0505,10.95,11.3524169896374,11.3406766482766,11.8378773131899,10.8603773581499,-1,10000,50
0.6105,10.95,10.8867538071519,10.8760009727495,11.3372740735792,10.4239151733614,-1,10000,50
0.42,10.95,11.0040529779285,10.9930554670004,11.4885241278342,10.5347427303883,-1,10000,50
0.707,10.95,10.8208570802754,10.8102404975824,11.2961941538832,10.3547634041477,-1,10000,50
0.8925,10.95,10.6595669693505,10.6492802257988,11.1069058826882,10.2327877092251,-1,10000,50
0.015,10.95,11.4643477016614,11.4523635502419,11.9507829507917,10.9966771569443,-1,10000,50
0.3135,10.95,11.0708387530509,11.0597007068034,11.5447641301291,10.6290289356772,-1,10000,50
0.3555,10.95,11.0425837989536,11.0315053172959,11.4997333135374,10.5924449727721,-1,10000,50
0.866,10.95,10.687172699324,10.6768298698409,11.1421473606409,10.2562363546879,-1,10000,50
0.55,10.95,10.9180342690224,10.907216454365,11.3800776193459,10.4743240375268,-1,10000,50
0.003,10.95,11.5876856011388,11.5754298998911,12.0751886986879,11.0834662346404,-1,10000,50
0.54,10.95,10.9217526709632,10.9109271189348,11.3794417995652,10.4707270388238,-1,10000,50
0.2915,10.95,11.0781908214214,11.067037250098,11.5363158537416,10.6453958110327,-1,10000,50
0.1965,10.95,11.1565998780685,11.1452800630555,11.6479568103789,10.7056681220766,-1,10000,50
0.8065,10.95,10.7588502545368,10.748361089901,11.1898513089064,10.3187295356946,-1,10000,50
0.558,10.95,10.9192027049133,10.9083824592337,11.3911210519686,10.4425851837638,-1,10000,50
0.516,10.95,10.9433162702674,10.932445793654,11.3888560470014,10.4850624101207,-1,10000,50
0.012,10.95,11.478342563609,11.4663277525952,11.941487724541,11.0162456232883,-1,10000,50
0.3055,10.95,11.0743062803799,11.063160913233,11.5393253307063,10.6213366770106,-1,10000,50
0.987,10.95,10.4709486937128,10.4610410953631,10.9059686651573,10.0311450685047,-1,10000,50
0.2425,10.95,11.1249222290165,11.1136697248522,11.5826955133907,10.6778620213394,-1,10000,50
0.7405,10.95,10.8057532125475,10.7951677374753,11.2634929129498,10.3734690670562,-1,10000,50
