"p","truediv","chaoest","obsD","upper","lower","l","inds","reps"
0.465,10.95,10.9796351321971,10.9686887810057,11.4502245545106,10.5297326305032,-1,10000,50
0.722,10.95,10.819082095182,10.808469170571,11.2815259481618,10.3639398394078,-1,10000,50
0.693,10.95,10.837093096905,10.8264430241114,11.305614364425,10.3799110889672,-1,10000,50
0.8335,10.95,10.7247157773343,10.7142964285821,11.1719219763966,10.3040301907493,-1,10000,50
0.273,10.95,11.1041074203289,11.0928990359827,11.5703626958171,10.6538392603314,-1,10000,50
0.855,10.95,10.7180205523591,10.7076148702216,11.1586831135672,10.2866343087556,-1,10000,50
0.198,10.95,11.1531702041368,11.1418576863888,11.6276304858089,10.6836416581197,-1,10000,50
0.757,10.95,10.8043100541998,10.7937275490467,11.2560028540609,10.3631509271894,-1,10000,50
0.967,10.95,10.5472258127398,10.5371657426626,10.9741980097362,10.121307159513,-1,10000,50
0.3985,10.95,11.0129368690746,11.0019207153185,11.4779788221235,10.557640746801,-1,10000,50
0.667,10.95,10.8529491063005,10.8422662765186,11.3132796367439,10.4063183443281,-1,10000,50
0.788,10.95,10.7640737653933,10.7535738965166,11.246164068099,10.3288242715526,-1,10000,50
0.2445,10.95,11.1207723214554,11.1095286204787,11.6074014965558,10.6682232902199,-1,10000,50
0.7975,10.95,10.7604920447259,10.74999951625,11.2074917131015,10.28326063965,-1,10000,50
0.6995,10.95,10.8319041011957,10.8212647374804,11.2880144364606,10.3687308916014,-1,10000,50
0.028,10.95,11.4065396124856,11.3946816918459,11.8819284464767,10.942863728498,-1,10000,50
0.6125,10.95,10.8793552510434,10.868617757452,11.3315554676711,10.4503113893151,-1,10000,50
0.39,10.95,11.0202024922256,11.0091710798764,11.5058344147181,10.5905021592203,-1,10000,50
0.877,10.95,10.6770252712022,10.6667030756798,11.1516933076163,10.2487063751108,-1,10000,50
0.1625,10.95,11.1782744160724,11.1669084302342,11.6470224972257,10.7138548674099,-1,10000,50
0.957,10.95,10.5533595336131,10.5432871523298,11.0133027385174,10.0746653237305,-1,10000,50
0.2445,10.95,11.119449060713,11.1082081660437,11.5957065779052,10.659338052224,-1,10000,50
0.3925,10.95,11.0231158012545,11.0120782676856,11.5292036849557,10.5625497896545,-1,10000,50
0.539,10.95,10.9361707805729,10.9253152008062,11.3967158381113,10.5031246296073,-1,10000,50
0.9765,10.95,10.5030872711069,10.4931155718045,10.9390650667413,10.0681308383611,-1,10000,50
0.862,10.95,10.6987472867938,10.688380896272,11.1755356846175,10.2454383146848,-1,10000,50
0.622,10.95,10.8822774618337,10.8715339103799,11.3344848828797,10.4396539212742,-1,10000,50
0.4455,10.95,10.9813232939357,10.9703734095701,11.4376033507846,10.529792573423,-1,10000,50
0.292,10.95,11.0860959136333,11.0749256374118,11.5584775645362,10.6295820112366,-1,10000,50
0.487,10.95,10.96314261405,10.9522307503592,11.4206870405494,10.5187281195559,-1,10000,50
0.7485,10.95,10.7973565427726,10.7867883416392,11.2633302089711,10.3681540214154,-1,10000,50
0.895,10.95,10.6493266928851,10.63906071563,11.1038031798066,10.2176383427234,-1,10000,50
0.491,10.95,10.9642630159915,10.9533488111454,11.4359937639019,10.527389322611,-1,10000,50
0.7985,10.95,10.7593318561445,10.7488417048179,11.2237047504938,10.3294115147995,-1,10000,50
0.117,10.95,11.2262692229791,11.21480066589,11.6968723884706,10.7470674339359,-1,10000,50
0.28,10.95,11.084643262723,11.0734760571515,11.5197293636259,10.6396932648733,-1,10000,50
0.2595,10.95,11.1036018578628,11.0923945440505,11.5863481542628,10.6178480840321,-1,10000,50
0.576,10.95,10.9107479214583,10.8999452604749,11.3846711328376,10.4787467296597,-1,10000,50
0.3975,10.95,11.0103659749189,10.9993552177971,11.4812692770241,10.5499177587385,-1,10000,50
0.8055,10.95,10.7501702997275,10.7396989103931,11.191258841071,10.3355518732696,-1,10000,50
0.418,10.95,11.0048910626945,10.9938917937194,11.4759568698502,10.5400596490747,-1,10000,50
0.201,10.95,11.1562886813264,11.1449695285388,11.6220041237481,10.6900951220387,-1,10000,50
0.476,10.95,10.9637941504063,10.9528809253169,11.4447946250263,10.4945107483269,-1,10000,50
0.5865,10.95,10.9037661667226,10.8929780160096,11.3812070464725,10.4488305853104,-1,10000,50
0.882,10.95,10.6762865357709,10.6659658416044,11.1486120186724,10.2409082125186,-1,10000,50
0.846,10.95,10.7114415421391,10.7010492806862,11.1687734158726,10.2610181468446,-1,10000,50
0.0505,10.95,11.3229827900627,11.3113061481926,11.7989504761151,10.8798442494036,-1,10000,50
0.224,10.95,11.1332635727499,11.121993363729,11.6186388515097,10.6766117301848,-1,10000,50
0.7555,10.95,10.7896807532123,10.7791283306968,11.2690237554535,10.3485701869293,-1,10000,50
0.571,10.95,10.9087005369145,10.8979021320438,11.3877531763837,10.4725971069353,-1,10000,50
