"p","truediv","chaoest","obsD","upper","lower","l","inds","reps"
0.7365,200,197.1239875,187,216.284461331648,186.295189010219,1,10000,50
0.935,200,191.49965,188,204.746029762219,184.050529762219,1,10000,50
0.6125,200,199.56174375,192,217.486886362284,189.389296362284,1,10000,50
0.881,200,195.38875,194,205.781375205081,188.925518062223,1,10000,50
0.958,200,190.6362,189,203.362981537791,183.531031537791,1,10000,50
0.881,200,193.68145,190,208.625308378711,185.526918378711,1,10000,50
0.6055,200,199.19928,192,215.084439475376,189.136634475376,1,10000,50
0.3755,200,202.9991,194,220.446868426703,192.893268426703,1,10000,50
0.925,200,192.449755,190,204.502128508247,184.920153508247,1,10000,50
0.6875,200,198.249375,192,214.730296912886,188.839529055743,1,10000,50
0.954,200,189.9088,187,204.121934282135,182.123634282135,1,10000,50
0.92,200,193.0414625,191,205.940897886387,185.120951457816,1,10000,50
0.4095,200,202.249375,196,216.504232768127,192.485001518127,1,10000,50
0.3385,200,203.79902,194,223.502318545276,192.63638433475,1,10000,50
0.8665,200,194.049595,190,208.197264692847,185.898894692847,1,10000,50
0.782,200,196.9088,194,211.031621552747,188.87043940989,1,10000,50
0.6965,200,198.0411625,193,213.227734735473,188.11456165855,1,10000,50
0.629,200,199.16625,195,213.219506438456,190.385862688456,1,10000,50
0.834,200,195.570971428571,191,209.792378375225,187.356522125225,1,10000,50
0.1905,200,208.2208,194,235.062572764968,194.097619639968,1,10000,50
0.445,200,201.999,192,219.863508162759,191.774808162759,1,10000,50
0.252,200,207.3317,191,234.159397725923,192.618007725923,1,10000,50
0.824,200,195.545,191,212.426224319027,186.692086819027,1,10000,50
0.776,200,196.9995,192,215.314727804341,187.853537804341,1,10000,50
0.84,200,195.3746625,192,209.792306138788,186.731612388788,1,10000,50
0.954,200,190.49985,189,203.121713797832,183.345813797832,1,10000,50
0.939,200,192.38875,191,203.706825470089,185.761150470089,1,10000,50
0.654,200,198.999,189,219.649248869446,188.163261369447,1,10000,50
0.3925,200,202.9991,194,220.841978910793,192.36783605365,1,10000,50
0.501,200,201.09919,193,217.812167423956,191.414407423956,1,10000,50
0.955,200,190.285585714286,189,203.98832504236,182.95992504236,1,10000,50
0.853,200,194.68145,191,208.389376119838,186.355265405552,1,10000,50
0.349,200,203.19928,196,220.532674141145,192.919704075355,1,10000,50
0.8605,200,194.49955,190,209.81712408037,186.13119283037,1,10000,50
0.7635,200,197.06199375,192,212.240139403754,188.479910832325,1,10000,50
0.9025,200,192.69973,190,207.453572122372,183.896994622372,1,10000,50
0.239,200,207.3317,191,233.730534889077,192.637590658307,1,10000,50
0.966,200,190.083125,188,201.644500686492,183.583306936492,1,10000,50
0.9155,200,193.449755,191,204.648920541901,186.186481256186,1,10000,50
0.6765,200,198.555,193,215.015783252298,189.967788252298,1,10000,50
0.882,200,194.449755,192,207.076961496764,187.114372211049,1,10000,50
0.9215,200,192.570971428571,188,207.225508025385,185.060558025385,1,10000,50
0.725,200,197.785135714286,192,212.030313007272,189.168763007272,1,10000,50
0.9315,200,192.449755,190,205.644200733993,185.059600733993,1,10000,50
0.467,200,201.68105,194,218.493999686542,191.388567543685,1,10000,50
0.6345,200,199.0411625,194,213.844616151586,189.396461151586,1,10000,50
0.935,200,191.22705,189,205.77075994512,183.12242494512,1,10000,50
0.8075,200,195.9995,191,211.353338095376,187.271913095376,1,10000,50
0.749,200,196.9994,191,212.655674236086,187.129949236086,1,10000,50
0.532,200,200.79952,196,220.024481053551,191.189564803551,1,10000,50
