"p","truediv","chaoest","obsD","upper","lower","l","inds","reps"
0.991,200,161.4755,137,189.927250793463,141.56532375997,1,1000,50
0.996,200,160.911103448276,141,186.900630462443,143.299564285972,1,1000,50
0.9885,200,164.082522727273,133,194.780047062796,142.95832590895,1,1000,50
0.835,200,185.044869565217,143,222.025365249245,159.615543050969,1,1000,50
0.9945,200,161.300596153846,135,190.217648527987,140.891648527987,1,1000,50
0.8865,200,180.983785714286,141,217.230589843792,156.516345231723,1,1000,50
0.942,200,173.4823125,135,210.343087993839,149.879409422411,1,1000,50
0.9875,200,164.813068181818,137,192.656989011346,145.316364011346,1,1000,50
0.868,200,181.64775,135,219.98300390957,154.792542733099,1,1000,50
0.9875,200,164.4755,140,193.374298273524,145.519333987809,1,1000,50
0.817,200,186.049142857143,140,227.318060007075,158.603458954443,1,1000,50
0.9995,200,155.546951612903,138,180.851343217694,137.87570374401,1,1000,50
0.953,200,173.294596153846,141,206.591057561399,152.092422267281,1,1000,50
0.989,200,162.145739130435,134,193.215267454194,141.640770559784,1,1000,50
0.9855,200,165.21975,135,195.134333553994,144.476833553994,1,1000,50
0.9845,200,166.204605263158,134,195.684507736245,145.277436307673,1,1000,50
0.891,200,181.0559,137,219.107922473637,154.909448560594,1,1000,50
0.9535,200,175.346571428571,141,208.976481235758,153.790381235758,1,1000,50
0.9975,200,156.105304347826,131,184.033741220561,136.538841555009,1,1000,50
0.999,200,152.7785,135,175.479137861688,136.792807426905,1,1000,50
0.9555,200,174.634,142,206.309408883232,151.590813294996,1,1000,50
0.0255,200,241.143058823529,149,303.090056588084,199.833007675041,1,1000,50
0.9245,200,177.71325,141,213.620100650977,153.508887981293,1,1000,50
0.891,200,181.146,142,216.911821315526,156.839232499736,1,1000,50
0.986,200,163.562642857143,131,193.983243697505,141.794468697505,1,1000,50
0.998,200,156.911103448276,137,183.59355678706,139.364305428364,1,1000,50
0.996,200,154.650239130435,131,183.229149971165,135.83985451662,1,1000,50
0.748,200,190.830470588235,139,232.388720220699,163.166703014221,1,1000,50
0.232,200,216.549375,141,272.316299990953,177.474197718226,1,1000,50
0.918,200,180.057142857143,142,213.590891546442,156.611159403585,1,1000,50
0.999,200,148.7785,131,174.058861687733,131.201436938569,1,1000,50
0.968,200,169.562642857143,137,204.211774701408,147.25101906231,1,1000,50
0.9605,200,169.990289473684,134,206.628115929507,146.412595929507,1,1000,50
0.9675,200,170.993382352941,135,203.483542633151,149.927872178606,1,1000,50
0.9955,200,157.921365384615,137,184.004722298704,139.534222298704,1,1000,50
0.9985,200,152.944,134,178.657526300752,136.562707879699,1,1000,50
0.9935,200,158.89408,133,186.27065946648,139.30365946648,1,1000,50
0.9585,200,174.032152173913,141,205.40225726049,151.93418851049,1,1000,50
0.4405,200,204.719,146,248.717013896648,174.372793388481,1,1000,50
0.9995,200,140.4875,128,162.257500701844,125.857723778767,1,1000,50
0.9295,200,177.536857142857,143,211.251800595001,155.022884445933,1,1000,50
0.88,200,182.1453125,140,221.864957612899,154.703102499263,1,1000,50
0.5485,200,200.964975,141,249.460913239336,169.770396322042,1,1000,50
0.8805,200,182.050818181818,142,218.064290701287,157.34325649076,1,1000,50
0.98,200,168.714,142,197.551759189957,148.7931320471,1,1000,50
0.92,200,177.96,138,212.010181194663,153.279956194663,1,1000,50
0.999,200,154.65,138,178.413157662699,137.67199653738,1,1000,50
0.971,200,172.562642857143,140,201.817406104654,151.494354617239,1,1000,50
0.9585,200,173.190775,139,204.05430211917,151.223666825052,1,1000,50
0.9665,200,172.634,140,204.737225774915,150.271243016294,1,1000,50
