"p","truediv","chaoest","obsD","upper","lower","l","inds","reps"
0.8225,30.85,30.1941557594468,30.1062630661182,31.587003105587,28.8319538130801,-1,10000,50
0.662,30.85,30.5346914893747,30.4447737892418,31.928517225175,29.1337929014798,-1,10000,50
0.4755,30.85,30.8950384403613,30.8029528942763,32.2489641781229,29.5198250119357,-1,10000,50
0.629,30.85,30.6114201813112,30.5210430383332,32.064778565516,29.2613834733748,-1,10000,50
0.486,30.85,30.8697050845637,30.7777727849391,32.3547327732119,29.4345578279301,-1,10000,50
0.921,30.85,29.832586648463,29.7468188751895,31.2529210106879,28.4417537403715,-1,10000,50
0.033,30.85,32.169682447045,32.0697221415134,33.625043267884,30.783085868302,-1,10000,50
0.9045,30.85,29.8980613354288,29.8119106930554,31.2630882647791,28.5481453990262,-1,10000,50
0.376,30.85,31.0628277456072,30.9697239978197,32.4557227834205,29.6587786805809,-1,10000,50
0.4645,30.85,30.9333653422562,30.8410477073999,32.4106021104328,29.5499562469539,-1,10000,50
0.659,30.85,30.5662038480585,30.4760975966549,31.9952488510113,29.1815254668154,-1,10000,50
0.791,30.85,30.2520550763487,30.1638197048169,31.7509678382268,28.8777238633324,-1,10000,50
0.737,30.85,30.3938155774156,30.3047383882849,31.8037457061123,29.0280514350981,-1,10000,50
0.85,30.85,30.1107765803866,30.0233762007099,31.5286120127937,28.7682636683063,-1,10000,50
0.608,30.85,30.6577480490524,30.5670929349667,32.0067422269255,29.2853158786307,-1,10000,50
0.3725,30.85,31.11068796344,31.0172927610601,32.6229617966221,29.6874283068322,-1,10000,50
0.312,30.85,31.2308106517709,31.1366819381713,32.6820922876816,29.7892119527096,-1,10000,50
0.067,30.85,31.9783190898316,31.8795615667657,33.4806657492545,30.4964453680017,-1,10000,50
0.9475,30.85,29.7402700924539,29.6550407045089,31.0052648631327,28.3550662338191,-1,10000,50
0.4495,30.85,30.9444893184413,30.8521042677716,32.3002408381092,29.5483514774114,-1,10000,50
0.8975,30.85,29.9867025663387,29.9000322322347,31.3891875958813,28.6202530870629,-1,10000,50
0.824,30.85,30.1902538529635,30.1023842292405,31.6065206694628,28.8099576836013,-1,10000,50
0.7365,30.85,30.3679690361518,30.279045628705,31.9708624502726,28.937184426951,-1,10000,50
0.383,30.85,31.0620750671474,30.9689758993236,32.5791095294993,29.6094325713296,-1,10000,50
0.4235,30.85,30.981326306892,30.8887178340337,32.399855564937,29.6291665361988,-1,10000,50
0.38,30.85,31.0837049761906,30.9904741480564,32.6137513140885,29.7056424123841,-1,10000,50
0.996,30.85,28.9988816912911,28.9179147638679,30.3880868088595,27.7068169004897,-1,10000,50
0.958,30.85,29.6035802597796,29.5191449366401,30.9895746840064,28.2347164826611,-1,10000,50
0.228,30.85,31.37234477137,31.2773481312723,32.7445637283029,29.9523110361953,-1,10000,50
0.094,30.85,31.7554585152838,31.6580925999209,33.2009807975758,30.381004257736,-1,10000,50
0.1165,30.85,31.6851398943765,31.5882110269391,33.1250149341086,30.2800292946285,-1,10000,50
0.1855,30.85,31.4921595577554,31.396425077455,32.9059456245222,30.0800678102949,-1,10000,50
0.117,30.85,31.6802810448695,31.5833823402149,33.0678584027023,30.2797404017324,-1,10000,50
0.3695,30.85,31.1011079944684,31.00777116761,32.5982203871219,29.7655479494408,-1,10000,50
0.656,30.85,30.5652881769589,30.475187407165,31.9650254907435,29.1915970054162,-1,10000,50
0.7825,30.85,30.280712103987,30.1923068794379,31.6685903121238,28.9053020545155,-1,10000,50
0.583,30.85,30.7076864112268,30.6167311863248,32.2429008666329,29.2966583762795,-1,10000,50
0.966,30.85,29.5935919914099,29.5092145473345,30.9839463386877,28.2431602997764,-1,10000,50
0.1085,30.85,31.7930194624535,31.6954196948999,33.2924428433237,30.3894083292709,-1,10000,50
0.299,30.85,31.2631709278461,31.168844122117,32.674788007835,29.8541627143705,-1,10000,50
0.042,30.85,32.1122809000816,32.0126821441582,33.503243972313,30.6218075591957,-1,10000,50
0.8385,30.85,30.1433822930917,30.0557895565749,31.5325407248392,28.7871059325211,-1,10000,50
0.18,30.85,31.5264953093343,31.4305488591025,32.9389378661224,30.0965648191305,-1,10000,50
0.7725,30.85,30.3260988244428,30.2374242552522,31.7167254484628,28.9212195883742,-1,10000,50
0.4275,30.85,30.9960203329429,30.9033226634461,32.5118114539889,29.5651838621559,-1,10000,50
0.1185,30.85,31.74251452524,31.6452291336106,33.2431356784577,30.3091567509165,-1,10000,50
0.0635,30.85,31.948177429806,31.8496086957076,33.477730173711,30.55583056604,-1,10000,50
0.618,30.85,30.6382086866783,30.5476708622874,32.1858754314753,29.1919492261443,-1,10000,50
0.918,30.85,29.8685175847574,29.7825398073427,31.221240089036,28.5043517170029,-1,10000,50
0.775,30.85,30.330606339124,30.2419049980796,31.7829984991792,28.9523493630045,-1,10000,50
