"p","truediv","chaoest","obsD","upper","lower","l","inds","reps"
0.708,200,199.249975,199,210.286873082761,194.038198082761,1,10000,50
0.812,200,197.59984,196,209.567461067115,191.652386067115,1,10000,50
0.719,200,199.249775,197,212.292203434547,193.543778434547,1,10000,50
0.377,200,202.16625,198,216.691852937788,194.812388652074,1,10000,50
0.8865,200,196.1818,196,206.411725343242,190.746125343242,1,10000,50
0.738,200,198.56244375,198,209.626849514794,193.128099514794,1,10000,50
0.902,200,195.285685714286,195,206.19186813125,190.09307813125,1,10000,50
0.6465,200,199.642792857143,199,210.077108014924,194.328383014924,1,10000,50
0.116,200,206.249375,200,225.336877268874,197.839327268874,1,10000,50
0.376,200,202.9996,199,222.419857760446,194.484751510446,1,10000,50
0.704,200,199.285685714286,199,209.017473671992,194.168658671992,1,10000,50
0.9015,200,196.083325,196,205.782999974018,191.617549974018,1,10000,50
0.5335,200,200.59984,199,210.32187309408,194.965865951223,1,10000,50
0.8135,200,197.449955,197,207.691577649698,191.692777649698,1,10000,50
0.6705,200,199.642792857143,199,211.325219395543,194.226329395543,1,10000,50
0.6185,200,199.9999,199,208.932573143194,195.683798143194,1,10000,50
0.9175,200,195.6666,195,203.878221039464,191.504458539464,1,10000,50
0.401,200,202.49965,199,219.354028849547,194.39878170669,1,10000,50
0.778,200,198.39996,198,207.656921412143,193.658121412143,1,10000,50
0.656,200,199.6664,197,212.774243544918,193.664643544918,1,10000,50
0.645,200,199.642792857143,199,209.960056493098,194.350106493098,1,10000,50
0.1715,200,205.9992,198,226.118995098359,196.183588848359,1,10000,50
0.691,200,199.249775,197,210.675658096065,193.426983096065,1,10000,50
0.008,200,214.9984,199,245.778038282212,201.532063282212,1,10000,50
0.871,200,196.59984,195,208.214309270419,190.965534270419,1,10000,50
0.663,200,199.59984,198,211.262019801147,193.888257301147,1,10000,50
0.7975,200,198.2222,198,208.054434949093,192.868153699093,1,10000,50
0.6525,200,199.749925,199,210.743575745117,194.557294495117,1,10000,50
0.9315,200,196,196,203.217967095357,192.468742095357,1,10000,50
0.3115,200,203.16625,199,221.633712860254,195.636212860254,1,10000,50
0.7405,200,198.59984,197,210.562510087541,192.897310087541,1,10000,50
0.874,200,197.1249875,197,204.835605524842,192.811608024842,1,10000,50
0.8475,200,197.249975,197,207.151731360804,192.027643860804,1,10000,50
0.6785,200,199.49985,198,210.564082661223,194.315307661223,1,10000,50
0.5155,200,200.9998,199,213.784338218269,194.135703218269,1,10000,50
0.595,200,200.142742857143,199,213.140685328297,194.239397828297,1,10000,50
0.7835,200,198.249975,198,208.305442964052,192.889817964052,1,10000,50
0.8435,200,196.6664,194,210.694337390357,190.446062390357,1,10000,50
0.8,200,197.89991,197,208.069793377411,192.671033377411,1,10000,50
0.844,200,197.1248875,196,207.601011149478,191.685336149478,1,10000,50
0.607,200,199.9999,199,212.10324473386,194.31295723386,1,10000,50
0.6045,200,199.9998,198,210.412018649938,194.663093649938,1,10000,50
0.7545,200,198.89991,198,209.016705993297,193.91067385044,1,10000,50
0.4755,200,201.083125,199,214.236298744155,194.714041601298,1,10000,50
0.6385,200,199.9998,198,214.123544410089,194.458644410089,1,10000,50
0.332,200,201.9998,200,212.51983756353,196.60436256353,1,10000,50
0.757,200,199,199,206.940975824554,194.608675824554,1,10000,50
0.663,200,199.6664,197,213.330044385089,193.664844385089,1,10000,50
0.6865,200,199.249975,199,208.333413337202,193.959650837202,1,10000,50
0.271,200,203.49955,199,218.438481705179,196.273631705179,1,10000,50
