"p","truediv","chaoest","obsD","upper","lower","l","inds","reps"
0.314,170,170.695482945816,167.847191916479,173.517044214572,167.774361853112,-1,10000,5000
0.1035,170,171.845461107483,168.958875409725,174.740317374959,169.199770104327,-1,10000,5000
0.7005,170,169.195833305132,166.397103359225,171.9908579709,166.325883728634,-1,10000,5000
0.129,170,171.583600458518,168.705756915249,174.348827813985,168.75135653292,-1,10000,5000
0.843,170,168.497291977716,165.72150170196,171.354358901265,165.591281707331,-1,10000,5000
0.8715,170,168.359409201426,165.588135941236,171.30838679855,165.332884509378,-1,10000,5000
0.4825,170,170.024996174055,167.198916551021,172.742828524024,167.252178974747,-1,10000,5000
0.969,170,167.258262548134,164.52293285161,170.18668091645,164.32454032508,-1,10000,5000
0.697,170,169.235352061662,166.435321569685,172.183501127087,166.235585944302,-1,10000,5000
0.499,170,169.979906365705,167.155317377801,172.742278404212,167.239550395762,-1,10000,5000
0.458,170,170.152880636027,167.322571145557,172.859694199539,167.467946862288,-1,10000,5000
0.1295,170,171.640151333091,168.760420955994,174.482217174087,168.558312382162,-1,10000,5000
0.416,170,170.326787588068,167.490721014056,173.140770392823,167.54773337858,-1,10000,5000
0.9365,170,167.758323322753,165.00669927199,170.641268298986,164.86839895038,-1,10000,5000
0.33,170,170.575511095341,167.731200687027,173.342193560129,167.601301179719,-1,10000,5000
0.9015,170,168.113144736356,165.34993005698,170.970924364372,165.265191660564,-1,10000,5000
0.482,170,170.051598814962,167.224639547289,172.83766660668,167.186193937954,-1,10000,5000
0.735,170,169.079674928726,166.284765987449,172.024979303622,166.225027489056,-1,10000,5000
0.4685,170,170.149985195471,167.31977150812,173.003064650917,167.341395291093,-1,10000,5000
0.4735,170,170.062010810223,167.234707222198,172.8427876699,167.137752628638,-1,10000,5000
0.8475,170,168.525122867102,165.748420417553,171.240221703089,165.815089048931,-1,10000,5000
0.3145,170,170.648871898147,167.80212773098,173.401524231158,167.879522763434,-1,10000,5000
0.6265,170,169.542968180385,166.732804012258,172.397958532954,166.575925697215,-1,10000,5000
0.7445,170,169.073385187691,166.27868307283,171.927597412391,166.261316102954,-1,10000,5000
0.1955,170,171.173546248871,168.309366079604,174.080580356756,168.349202480256,-1,10000,5000
0.873,170,168.204772783092,165.438561081571,171.029648838519,165.080908386029,-1,10000,5000
0.862,170,168.41271980058,165.639700523421,171.322598696796,165.347286230455,-1,10000,5000
0.4605,170,170.119878454205,167.290660831568,172.825838507913,167.24513739323,-1,10000,5000
0.1385,170,171.505903823592,168.63065165629,174.222491476359,168.73176609187,-1,10000,5000
0.432,170,170.229355923894,167.396515474134,173.070897301668,167.37688493705,-1,10000,5000
0.6195,170,169.548717913936,166.738364163257,172.337967470969,166.807156816371,-1,10000,5000
0.1665,170,171.371866152043,168.501081776945,174.08436332235,168.580434213033,-1,10000,5000
0.24,170,171.085681433979,168.224424840691,174.042695913056,168.356885976837,-1,10000,5000
0.18,170,171.327233473836,168.457936053367,174.069277386612,168.552163882825,-1,10000,5000
0.7415,170,169.067095914593,166.272600603237,171.854705348444,165.992005353275,-1,10000,5000
0.4605,170,170.151143359869,167.320891351852,172.9893346707,167.300726103308,-1,10000,5000
0.792,170,168.782852647962,165.99769595198,171.652298674006,165.874370833126,-1,10000,5000
0.1395,170,171.479432414912,168.605062872828,174.244664356714,168.823039221234,-1,10000,5000
0.7635,170,168.956823834758,166.165953260841,171.825125555803,166.155077271217,-1,10000,5000
0.2815,170,170.832550272506,167.979708051267,173.660181266012,167.951776190541,-1,10000,5000
0.617,170,169.593579223388,166.781746071456,172.468614306194,166.867080757587,-1,10000,5000
0.3615,170,170.510935959919,167.668766997421,173.21085742702,167.675479698252,-1,10000,5000
0.9305,170,167.918343219115,165.161494909723,170.740950418551,165.10055001796,-1,10000,5000
0.0645,170,171.993848884853,169.102303511578,174.698460268271,169.283979611586,-1,10000,5000
0.2105,170,171.162411714158,168.298602111811,173.882914147859,168.185482582674,-1,10000,5000
0.2845,170,170.823211045851,167.970679038267,173.72518482561,167.894037032043,-1,10000,5000
0.258,170,170.982701660067,168.124869703226,173.862719928413,168.073412710668,-1,10000,5000
0.6165,170,169.49755899105,166.688891852247,172.255043178734,166.532213908582,-1,10000,5000
0.213,170,171.20695854665,168.341666245812,174.140819781776,168.294133959692,-1,10000,5000
0.186,170,171.270888573719,168.403467764208,174.069948803404,168.371609763618,-1,10000,5000
0.4485,170,170.137825421134,167.308014053873,173.044584352736,167.05669290947,-1,10000,5000
0.8405,170,168.447900592322,165.673728785479,171.424149510583,165.459543697411,-1,10000,5000
0.386,170,170.420264314178,167.581100873768,173.179137106372,167.521235631745,-1,10000,5000
0.6145,170,169.535494109748,166.725576370318,172.391745263853,166.61733403452,-1,10000,5000
0.6285,170,169.520547945206,166.711122966124,172.366218027173,166.619183971062,-1,10000,5000
0.5575,170,169.776721283641,166.958844644795,172.543973617732,166.930188839252,-1,10000,5000
0.266,170,170.824378393339,167.97180761181,173.496660390915,168.039140654239,-1,10000,5000
0.097,170,171.82951432686,168.943461381214,174.591124532288,169.046678015867,-1,10000,5000
0.3995,170,170.365094834696,167.527759349724,173.120094189948,167.620987309757,-1,10000,5000
0.196,170,171.232172948091,168.366041242945,174.055076047463,168.295665412577,-1,10000,5000
0.5685,170,169.680493615982,166.865793179861,172.510693918282,166.730381299369,-1,10000,5000
0.6275,170,169.448153847197,166.641115029029,172.353283463642,166.403208529656,-1,10000,5000
0.4955,170,169.981640146879,167.156993848623,172.772719711114,167.063800889727,-1,10000,5000
0.5225,170,169.895571738784,167.073769752296,172.635368929655,166.902970348117,-1,10000,5000
0.904,170,168.128974546091,165.36524221047,170.956490727463,165.1556618463,-1,10000,5000
0.6745,170,169.332795930188,166.529557331131,172.145268562052,166.406688102883,-1,10000,5000
0.0845,170,171.95421433141,169.063994103048,174.756423425864,169.241035532233,-1,10000,5000
0.019,170,172.864477983508,169.943748619207,175.458762972068,170.090594152327,-1,10000,5000
0.7925,170,168.696855176138,165.914520838864,171.693251080253,165.705977705705,-1,10000,5000
0.0865,170,171.938838677727,169.049132439852,174.578788922398,169.227568736153,-1,10000,5000
0.942,170,167.764515598627,165.012689475821,170.557777154222,164.711827759053,-1,10000,5000
0.237,170,170.959314452979,168.102259966783,173.693502682613,168.170411043969,-1,10000,5000
0.7485,170,168.9773818054,166.185835648856,171.832577205086,165.987640295436,-1,10000,5000
0.4015,170,170.35522616918,167.518217606165,173.07537146022,167.37059545383,-1,10000,5000
0.969,170,167.262739167819,164.527263812886,170.257882568106,164.271269412637,-1,10000,5000
0.9785,170,167.092237455132,164.362307120833,169.935050097448,164.07131973113,-1,10000,5000
0.713,170,169.202704806515,166.403748743652,172.089252234354,166.46472464911,-1,10000,5000
0.2145,170,171.113788358992,168.251596707653,173.894817265766,168.254334524117,-1,10000,5000
0.909,170,167.96347436957,165.205151757452,170.854235914382,165.028270831671,-1,10000,5000
0.9935,170,166.51234979084,163.801237026942,169.361532784214,163.531024501901,-1,10000,5000
0.033,170,172.615594961883,169.703223003611,175.256411816441,169.786102595371,-1,10000,5000
0.0605,170,172.286051015556,169.384726917943,174.971192748599,169.528658068979,-1,10000,5000
0.5265,170,169.895571738784,167.073769752296,172.691884053223,167.046117351936,-1,10000,5000
0.394,170,170.394126949504,167.555829602424,173.262216996668,167.462219916558,-1,10000,5000
0.843,170,168.536485056061,165.759410161715,171.506182991373,165.657138696873,-1,10000,5000
0.7625,170,168.884910313144,166.096402351925,171.634695558809,165.82977516612,-1,10000,5000
0.817,170,168.59786736091,165.818779971744,171.588168520192,165.471910631533,-1,10000,5000
0.545,170,169.812474313295,166.993417119497,172.550681768765,167.14195590452,-1,10000,5000
0.2535,170,170.89152771796,168.036726106858,173.59219776403,168.16896741901,-1,10000,5000
0.399,170,170.32098496256,167.48511057367,173.093284098652,167.360493789406,-1,10000,5000
0.727,170,169.069954617086,166.275365306978,171.89927215281,166.174192204254,-1,10000,5000
0.503,170,169.950437496176,167.126822518,172.769433338065,167.007614115683,-1,10000,5000
0.3475,170,170.516169960232,167.673827456925,173.256782499867,167.645372749847,-1,10000,5000
0.672,170,169.319605784537,166.516801545276,172.323445518962,166.223515794876,-1,10000,5000
0.3225,170,170.637223113417,167.790865465284,173.485319176908,167.585189518921,-1,10000,5000
0.3835,170,170.401096129464,167.56256786284,173.25181395251,167.342811208346,-1,10000,5000
0.6685,170,169.338531417133,166.535103934558,172.03118821,166.545920347519,-1,10000,5000
0.974,170,167.090562115445,164.360686238737,170.015636157805,164.008596603148,-1,10000,5000
0.264,170,170.939440356684,168.083046471601,173.839231323375,168.097911468284,-1,10000,5000
0.7115,170,169.193542928695,166.39488834903,171.962366311972,166.360819632958,-1,10000,5000
0.822,170,168.572285967652,165.79403738324,171.498136837277,165.521863624492,-1,10000,5000
0.5895,170,169.662642997493,166.848531566074,172.425310211274,166.921862279921,-1,10000,5000
0.351,170,170.574929119029,167.730638013801,173.477559904871,167.605722382652,-1,10000,5000
0.2035,170,171.197578339286,168.332598280988,174.01979273809,168.295341626425,-1,10000,5000
0.0655,170,172.205344410689,169.30672283135,175.026448938851,169.347046331629,-1,10000,5000
0.2515,170,170.916649288403,168.061012870112,173.736366670412,167.993461668994,-1,10000,5000
0.1495,170,171.364229966375,168.493700020556,174.023194708955,168.791727207983,-1,10000,5000
0.1375,170,171.514729442762,168.639182976886,174.226804505012,168.76880774644,-1,10000,5000
0.34,170,170.574347146689,167.73007534435,173.394863617736,167.67806318744,-1,10000,5000
0.2105,170,171.136046225046,168.273113994938,173.895873098745,168.330283853282,-1,10000,5000
0.375,170,170.465588079855,167.624922473473,173.265819776118,167.591266712127,-1,10000,5000
0.046,170,172.350789617929,169.447296807274,175.166106836411,169.541549220729,-1,10000,5000
0.5425,170,169.791712656522,166.97334103637,172.646904735989,166.927900801757,-1,10000,5000
0.4705,170,170.15172244798,167.32145127934,173.146254180828,166.973902172757,-1,10000,5000
0.4525,170,170.148247978437,167.318091770627,172.962419755344,167.242114800774,-1,10000,5000
0.328,170,170.637805514883,167.791428542664,173.378668647161,167.711361452089,-1,10000,5000
0.2035,170,171.199923294764,168.334865180606,173.951373984417,168.296125153065,-1,10000,5000
0.559,170,169.77153257902,166.953827249536,172.415255252189,166.910107501271,-1,10000,5000
0.029,170,172.671635502076,169.757382748576,175.392405849701,169.880507009888,-1,10000,5000
0.412,170,170.304159584144,167.468842421867,173.253330563426,167.214656288617,-1,10000,5000
0.716,170,169.180374467452,166.382153184721,172.026424390456,166.322479464964,-1,10000,5000
0.1575,170,171.537680304133,168.661368450879,174.554846424249,168.562389435738,-1,10000,5000
0.228,170,171.085681433979,168.224424840691,173.899684320321,168.19294416805,-1,10000,5000
0.276,170,170.838387807754,167.985351677334,173.696185594701,167.961031268672,-1,10000,5000
0.9785,170,167.055945948656,164.327195164837,169.877670155703,164.199084378502,-1,10000,5000
0.6285,170,169.53089500919,166.721128902108,172.317820505028,166.595972085375,-1,10000,5000
0.1345,170,171.634258877812,168.754725132304,174.596818618538,168.647296528373,-1,10000,5000
0.53,170,169.857475325735,167.036931865635,172.596008541715,166.955726607824,-1,10000,5000
0.4065,170,170.298938590874,167.463794327666,172.983892674237,167.362607425166,-1,10000,5000
0.1585,170,171.483549652883,168.609042840186,174.3665175634,168.59410372181,-1,10000,5000
0.461,170,170.149985195471,167.31977150812,172.998805330083,167.222669224339,-1,10000,5000
0.2155,170,171.11027448833,168.248199744263,174.033573553781,168.254407057682,-1,10000,5000
0.0435,170,172.470892626132,169.563374311149,175.270270394963,169.650935027451,-1,10000,5000
0.0875,170,171.943569355216,169.053704980998,174.694543340857,169.122949383682,-1,10000,5000
0.2755,170,170.840722933561,167.987609233943,173.581693077577,168.065351095592,-1,10000,5000
0.831,170,168.547848777232,165.770401363296,171.362674620166,165.60300384848,-1,10000,5000
0.843,170,168.533076238505,165.756113085451,171.339615430184,165.521622144477,-1,10000,5000
0.2565,170,170.899706023108,168.044632654433,173.685818066893,168.221364579981,-1,10000,5000
0.91,170,168.005242287789,165.245554894573,170.804655768081,165.090112384663,-1,10000,5000
0.835,170,168.654742708327,165.873789950702,171.365019595657,165.787359151539,-1,10000,5000
0.494,170,170.042344778328,167.215691520492,172.932184585938,167.206796711771,-1,10000,5000
0.183,170,171.309621710527,168.440910928446,174.023244334867,168.515330231738,-1,10000,5000
0.7725,170,168.883198832563,166.094747087529,171.680433030851,165.948528273192,-1,10000,5000
0.306,170,170.719380977911,167.870296693962,173.409267285558,167.697440241549,-1,10000,5000
0.9935,170,166.214517962938,163.513045070736,169.206231877103,163.094097967949,-1,10000,5000
0.3845,170,170.388900438625,167.550776262746,173.136344031096,167.41778810475,-1,10000,5000
0.8765,170,168.239300592935,165.471959121807,171.244632630407,165.246294780658,-1,10000,5000
0.6055,170,169.605085947492,166.792873274111,172.304764068433,166.884768055271,-1,10000,5000
0.572,170,169.688556416906,166.873589918165,172.488551536455,166.848988729452,-1,10000,5000
0.173,170,171.296708718504,168.428428023796,174.078069194711,168.473225410195,-1,10000,5000
0.2385,170,170.992643160808,168.13448068303,173.776405661456,168.008564977935,-1,10000,5000
0.9995,170,164.978765109442,162.317109197212,167.977841370346,161.617157585505,-1,10000,5000
0.595,170,169.629255151308,166.816245233226,172.290495829268,166.899468255453,-1,10000,5000
0.0505,170,172.33237277152,169.429496997709,175.088510745593,169.40368149499,-1,10000,5000
0.428,170,170.274578187689,167.440240578138,173.10384525873,167.542289252299,-1,10000,5000
0.9545,170,167.503149374146,164.7598460484,170.314012791269,164.439893989859,-1,10000,5000
0.666,170,169.39935147443,166.593920654647,172.153882714956,166.470018034445,-1,10000,5000
0.192,170,171.202268314483,168.337132141282,173.684561425852,168.483753279956,-1,10000,5000
0.689,170,169.27145053055,166.470231793151,172.201585815901,166.373878395284,-1,10000,5000
0.3775,170,170.464425630867,167.623798556424,173.314686433033,167.49213501438,-1,10000,5000
0.109,170,171.85963850866,168.972579129859,174.67526146226,168.978456493449,-1,10000,5000
0.7265,170,169.11570700818,166.319613074052,171.968324777716,166.152159488108,-1,10000,5000
0.627,170,169.474001783045,166.666111112963,172.130726928495,166.660480720503,-1,10000,5000
0.547,170,169.797479274146,166.978917241909,172.795948892118,166.753128263329,-1,10000,5000
0.42,170,170.293717917713,167.45874653779,173.022153130194,167.498125939098,-1,10000,5000
0.22,170,171.061680746451,168.201222486485,173.743553185651,168.298451300417,-1,10000,5000
0.985,170,166.607792692518,163.893587171721,169.702809892541,163.540781605491,-1,10000,5000
0.7725,170,168.883769322236,166.095298838662,171.759607671654,166.034441913363,-1,10000,5000
0.9575,170,167.411162753319,164.670855893241,170.289458797817,164.328941696952,-1,10000,5000
0.477,170,170.100777778534,167.272192001713,172.820651135425,167.329587647635,-1,10000,5000
0.6905,170,169.221604313552,166.422026288023,172.007705051358,166.234010314209,-1,10000,5000
0.01,170,173.14105827472,170.211027632058,175.897809216383,170.471813471573,-1,10000,5000
0.2665,170,170.894448451371,168.039549788438,173.701933781253,167.995443707696,-1,10000,5000
0.9965,170,165.827495621717,163.138524183655,168.962097039368,162.758616588774,-1,10000,5000
0.6805,170,169.275462422168,166.474111610903,172.130888809586,166.369397868545,-1,10000,5000
0.2575,170,170.931258248259,168.075136308936,173.667836830712,168.226295871351,-1,10000,5000
0.6995,170,169.28921892301,166.487415216284,172.047569388605,166.446279159974,-1,10000,5000
0.582,170,169.69374005071,166.878602491831,172.465321222247,166.879561262508,-1,10000,5000
0.977,170,166.977275459902,164.251080772111,169.978303021749,163.800570536764,-1,10000,5000
0.9165,170,167.894095245772,165.138038886705,170.861598167077,164.925074724347,-1,10000,5000
0.7935,170,168.783992275673,165.998798168701,171.579224572791,165.805156411329,-1,10000,5000
0.9965,170,165.836846661868,163.147573506139,168.93607108537,162.859767575868,-1,10000,5000
0.8695,170,168.271577097968,165.503179316075,171.120874507449,165.124828256237,-1,10000,5000
0.5255,170,169.905964635635,167.083819268774,172.667671593479,167.034012315937,-1,10000,5000
0.7715,170,168.937412566146,166.14717981777,171.645962126379,166.204086613819,-1,10000,5000
0.276,170,170.865245609179,168.011317242329,173.647314563132,168.080270832953,-1,10000,5000
0.8905,170,168.260250598225,165.492223520417,171.053766550294,165.251222722858,-1,10000,5000
0.485,170,170.005916797585,167.180467971566,172.677021278262,166.975361720808,-1,10000,5000
0.7415,170,169.000229863299,166.207932772215,171.86833764547,165.943384934732,-1,10000,5000
0.4505,170,170.133193583296,167.303535458311,173.032987859327,167.087570363925,-1,10000,5000
0.8195,170,168.643933439703,165.86333524629,171.481521268701,165.690570579907,-1,10000,5000
0.3525,170,170.574347146689,167.73007534435,173.552199030935,167.671632762007,-1,10000,5000
0.7725,170,168.799948679684,166.014230739859,171.547614508714,165.897901687094,-1,10000,5000
0.1705,170,171.370103894947,168.499378237294,174.02939000582,168.472533338595,-1,10000,5000
0.493,170,169.996667732086,167.171524671174,172.691826227017,167.11224587771,-1,10000,5000
0.6945,170,169.226759457337,166.427011769718,171.99872251365,166.278430413919,-1,10000,5000
0.3205,170,170.609272517558,167.763842194619,173.316488658186,167.735366328868,-1,10000,5000
0.4635,170,170.103092783506,167.274430430564,173.018913252253,167.145841440008,-1,10000,5000
0.6365,170,169.494111185696,166.685557696539,172.263790532142,166.736310603714,-1,10000,5000
0.4465,170,170.171413789348,167.340491043937,173.037961345005,167.414944794421,-1,10000,5000
0.388,170,170.392384743585,167.554145121996,173.146616754482,167.47001356121,-1,10000,5000
0.0385,170,172.476247645464,169.568549781935,175.083180727909,169.765854098906,-1,10000,5000
0.781,170,168.859812074009,166.072128446827,171.721673337351,166.022856687436,-1,10000,5000
0.602,170,169.634435162628,166.821254362376,172.304229105994,166.726315226207,-1,10000,5000
0.634,170,169.461364029246,166.653889868443,172.29637305448,166.574247256282,-1,10000,5000
0.242,170,170.970422578561,168.112998833296,173.77384619088,168.214676232976,-1,10000,5000
0.1085,170,171.672567070596,168.791754860359,174.363501918462,168.982136387892,-1,10000,5000
0.2205,170,171.088023325052,168.226688827729,173.845765657183,168.311399143948,-1,10000,5000
0.4625,170,170.100199037137,167.271632403861,172.895983426515,167.20885534709,-1,10000,5000
0.6555,170,169.448153847197,166.641115029029,172.301861571639,166.541683156638,-1,10000,5000
0.3225,170,170.673339523706,167.825783410757,173.539578043628,167.867963619594,-1,10000,5000
0.139,170,171.530029334569,168.653972644326,174.312115938753,168.725274380471,-1,10000,5000
0.0605,170,172.111084718106,169.215617924672,174.718183298107,169.342761180231,-1,10000,5000
0.7805,170,168.81647813608,166.030217499585,171.697192295111,165.827194445231,-1,10000,5000
0.362,170,170.529547198772,167.686761130209,173.280662934726,167.803766859547,-1,10000,5000
0.3185,170,170.661687398447,167.814517969579,173.530317354715,167.767540870504,-1,10000,5000
0.517,170,169.908851777085,167.086611015686,172.781553681638,166.829592002397,-1,10000,5000
0.0025,170,173.834583328987,170.881165819666,176.512640958219,171.170319099196,-1,10000,5000
0.536,170,169.841318372214,167.021308578548,172.740172348747,166.768618394391,-1,10000,5000
0.4,170,170.359870104646,167.522707703029,173.030988822631,167.500111752964,-1,10000,5000
0.4015,170,170.343617438117,167.506993416975,173.135054255605,167.611854502984,-1,10000,5000
0.491,170,170.012276113947,167.186617045679,172.790961537043,167.281991955951,-1,10000,5000
0.522,170,169.933685244542,167.110623890803,172.917666321843,167.109855723619,-1,10000,5000
0.55,170,169.817088704336,166.997879126935,172.866748100452,166.771283436177,-1,10000,5000
0.9505,170,167.653686737938,164.905476181053,170.432559159613,164.835132589112,-1,10000,5000
0.7575,170,168.988233862545,166.196331049796,171.825677981384,166.089046247442,-1,10000,5000
0.333,170,170.635475932873,167.789176255818,173.522719055189,167.694772886572,-1,10000,5000
0.3765,170,170.505702280913,167.663706843362,173.432178478439,167.540517857096,-1,10000,5000
0.04,170,172.383474357118,169.478886320342,175.100578276394,169.671235528167,-1,10000,5000
0.7995,170,168.757784731294,165.973450886796,171.532046254535,166.102099692373,-1,10000,5000
0.3815,170,170.423749901997,167.584470952584,173.234357980156,167.561993153054,-1,10000,5000
0.9625,170,167.462191629403,164.720222701741,170.326181031457,164.534658409966,-1,10000,5000
0.1255,170,171.563580958656,168.68640522523,174.25383234127,168.835519507114,-1,10000,5000
0.0085,170,173.180642010205,170.249278994303,175.841888799165,170.420872535655,-1,10000,5000
0.2115,170,171.099148183259,168.237443598397,173.902215366152,168.174917332243,-1,10000,5000
0.1565,170,171.370691309952,168.499946080017,174.240123384007,168.617250177032,-1,10000,5000
0.72,170,169.128293257196,166.331785338851,172.095698527301,166.140415401877,-1,10000,5000
0.426,170,170.26935900798,167.435194208082,173.123114913754,167.281263353219,-1,10000,5000
0.575,170,169.662067233621,166.847974799282,172.505199824275,166.811311475653,-1,10000,5000
0.637,170,169.488365155132,166.680001066752,172.338085379862,166.667662945433,-1,10000,5000
0.4465,170,170.180102594826,167.348892317682,172.974971898107,167.268534393927,-1,10000,5000
0.9695,170,167.149219000749,164.417436140268,170.089447512152,164.119391726214,-1,10000,5000
0.328,170,170.619170639647,167.773411940769,173.246276894235,167.748878414316,-1,10000,5000
0.499,170,170.036561516878,167.210099490009,172.687484926461,167.299878692497,-1,10000,5000
0.5385,170,169.8303564756,167.010708726644,172.478416758628,167.028739120964,-1,10000,5000
0.48,170,170.040609758587,167.214013872075,172.862087550995,167.140345209497,-1,10000,5000
0.778,170,168.835861621797,166.048964518657,171.905541764066,165.867559694147,-1,10000,5000
0.7165,170,169.168352879872,166.370527128378,172.048724005604,166.392356056773,-1,10000,5000
0.32,170,170.71238573931,167.863533661674,173.557436713374,167.663638784763,-1,10000,5000
0.7175,170,169.183237002044,166.384921532871,171.961930067539,166.34029911467,-1,10000,5000
0.137,170,171.517083094615,168.641458141504,174.381865820173,168.747813894736,-1,10000,5000
0.9015,170,168.052679699896,165.291441870306,171.091656204812,165.151383899151,-1,10000,5000
0.647,170,169.426907005826,166.620568309434,172.252340157378,166.590841600143,-1,10000,5000
0.2095,170,171.160653762146,168.296902663803,173.866216689195,168.280980617198,-1,10000,5000
0.1015,170,171.838963913646,168.952595280816,174.471395842499,169.079259292785,-1,10000,5000
0.5355,170,169.918091289128,167.095545232764,172.921553800071,167.151327746545,-1,10000,5000
0.404,170,170.345358646914,167.508676949466,173.302878507425,167.53492583291,-1,10000,5000
0.9815,170,166.777306677431,164.057603905883,169.730780101502,163.474245485023,-1,10000,5000
0.653,170,169.374100110105,166.569501124344,172.306475389001,166.471735821397,-1,10000,5000
0.401,170,170.330269353158,167.494087458713,173.011572728711,167.351604059854,-1,10000,5000
0.79,170,168.855819860106,166.068267343339,171.676450305886,166.000117560316,-1,10000,5000
0.214,170,171.114959681284,168.252729059265,173.810681259569,168.380659904786,-1,10000,5000
0.831,170,168.536485056061,165.759410161715,171.538531860675,165.432769751502,-1,10000,5000
0.1115,170,171.740974967968,168.857879077496,174.544126224837,168.979386263457,-1,10000,5000
0.245,170,170.98445595855,168.126565678643,173.723106812018,168.152818794848,-1,10000,5000
0.3605,170,170.502213340064,167.660333577,173.320899775619,167.65684319034,-1,10000,5000
0.5525,170,169.829202674059,167.009593031024,172.710159120471,166.891533760275,-1,10000,5000
0.0725,170,172.00982618389,169.117746539851,174.769016048048,169.25117852118,-1,10000,5000
0.9055,170,168.067368137964,165.305650147122,171.014515768023,165.102223069863,-1,10000,5000
0.7085,170,169.166635649682,166.368866395818,172.081005806274,166.143336647317,-1,10000,5000
0.5385,170,169.845934330995,167.025772076631,172.543085796139,167.196998302687,-1,10000,5000
0.7635,170,168.913440097304,166.123994949831,171.856856728328,165.857966918976,-1,10000,5000
0.8935,170,168.121059268601,165.357585779248,171.211828523361,165.085925318359,-1,10000,5000
0.27,170,170.876341513433,168.022044492237,173.745860954326,167.943531817293,-1,10000,5000
0.841,170,168.535916910226,165.758860639895,171.451201602182,165.545158984257,-1,10000,5000
0.817,170,168.686040508943,165.904060999605,171.662598979287,165.872241402069,-1,10000,5000
0.676,170,169.318458912461,166.515692438855,172.077220068524,166.436410350904,-1,10000,5000
0.931,170,167.789852397286,165.037199384741,170.633531935358,164.838542254017,-1,10000,5000
0.425,170,170.26935900798,167.435194208082,173.055786519168,167.425186488033,-1,10000,5000
0.911,170,167.967988818933,165.20951871163,170.85469667643,164.953493943165,-1,10000,5000
0.599,170,169.663218765272,166.849088336581,172.524714120061,166.999732924461,-1,10000,5000
0.103,170,171.743924809861,168.860730423976,174.437610213737,169.010456185458,-1,10000,5000
0.36,170,170.528383877317,167.685636383759,173.333094908907,167.63378325747,-1,10000,5000
0.82,170,168.665553362685,165.88424597316,171.478948046341,165.784933928455,-1,10000,5000
0.3145,170,170.74037013384,167.890589060921,173.731169174552,167.852977700462,-1,10000,5000
0.134,170,171.654294876637,168.774092501705,174.501704875059,168.696911322325,-1,10000,5000
0.5945,170,169.635586319219,166.82236754304,172.53784433382,166.580585168045,-1,10000,5000
0.045,170,172.424496383897,169.518533461263,175.276827148673,169.642141564893,-1,10000,5000
0.1605,170,171.443561993334,168.570388251318,174.276144532135,168.626157639841,-1,10000,5000
0.8965,170,168.097883099766,165.335167451458,171.075920430939,165.336848169526,-1,10000,5000
0.076,170,172.004500087732,169.112598550367,174.730565067449,169.29768613865,-1,10000,5000
0.443,170,170.220662088408,167.388109418259,172.99829537763,167.507515540844,-1,10000,5000
0.836,170,168.571149197016,165.792937884018,171.483273698565,165.787406452059,-1,10000,5000
0.092,170,171.8874093633,168.999422021977,174.573872889469,169.138049551214,-1,10000,5000
0.1935,170,171.154794182894,168.29123808498,173.926132254078,168.299833235801,-1,10000,5000
0.5615,170,169.746170143416,166.929302101974,172.441297096354,166.878430432143,-1,10000,5000
0.234,170,171.089779785432,168.228386857998,174.045356609808,168.358987132158,-1,10000,5000
0.643,170,169.484917723794,166.676667266703,172.18785301935,166.748791483242,-1,10000,5000
0.629,170,169.469980475106,166.662222340738,172.393914598549,166.408376801233,-1,10000,5000
0.9795,170,166.948280928593,164.22302800988,169.853076692711,163.852578178521,-1,10000,5000
0.3055,170,170.755532178683,167.905247710612,173.508697784086,167.88289921689,-1,10000,5000
0.179,170,171.268541673804,168.401199016537,173.844900060306,168.5277369542,-1,10000,5000
0.059,170,172.335937015257,169.432941830282,175.002185756194,169.465100683764,-1,10000,5000
0.4045,170,170.337813665866,167.501381886401,173.167534294879,167.613287615548,-1,10000,5000
0.5305,170,169.864400675449,167.04362845488,172.808501717487,166.812023552471,-1,10000,5000
0.083,170,171.948891678561,169.058849385471,174.659635927154,169.258596228182,-1,10000,5000
0.7175,170,169.147176143803,166.350047077063,171.998501759801,166.086680191413,-1,10000,5000
0.464,170,170.077631193997,167.249811007714,172.851810024474,167.293643853577,-1,10000,5000
0.801,170,168.719627429806,165.936545864861,171.562047637564,165.667275027432,-1,10000,5000
0.7665,170,168.947688564477,166.157118170942,171.699000543411,165.979803189176,-1,10000,5000
0.2805,170,170.840139146124,167.987044839102,173.606672428098,167.975427399691,-1,10000,5000
0.7575,170,168.980237474778,166.188597467951,171.882903897457,166.056142906351,-1,10000,5000
0.656,170,169.430352077594,166.623899865701,172.188390086318,166.777418079739,-1,10000,5000
0.5305,170,169.892685048629,167.070978434478,172.785100890434,166.734950611327,-1,10000,5000
0.538,170,169.887489253542,167.065954297438,172.784099512753,166.958416536893,-1,10000,5000
0.155,170,171.328407720145,168.459071184065,173.884756351079,168.644127426346,-1,10000,5000
0.3195,170,170.671008971366,167.823530201522,173.460314119805,167.775995461743,-1,10000,5000
0.713,170,169.162628914815,166.364991482112,171.985004442411,166.269401541522,-1,10000,5000
0.569,170,169.760579688493,166.943235960909,172.602349662398,166.733086926589,-1,10000,5000
0.18,170,171.321362483723,168.452260629338,174.101960701665,168.496772117429,-1,10000,5000
0.201,170,171.12491656826,168.262354663391,173.830902982637,168.249577733386,-1,10000,5000
0.6985,170,169.238216457016,166.438091687416,171.927845068991,166.38761724669,-1,10000,5000
0.903,170,168.085449740787,165.323140610638,170.97774904671,165.061670185395,-1,10000,5000
0.0655,170,172.251622772564,169.351451680644,174.948959068526,169.363827675868,-1,10000,5000
0.6195,170,169.576322064425,166.765058050917,172.388406852324,166.574261700007,-1,10000,5000
0.0165,170,172.970336080377,170.046048469926,175.682745661567,170.206771471593,-1,10000,5000
0.593,170,169.647674406768,166.834056837026,172.451105519116,166.719505388742,-1,10000,5000
0.8125,170,168.71279510819,165.929937743087,171.555938524704,165.671253904582,-1,10000,5000
0.6695,170,169.387872648238,166.58281998061,172.246425096626,166.533439796305,-1,10000,5000
0.543,170,169.803246283485,166.984493819904,172.433452289529,166.846408684846,-1,10000,5000
0.6815,170,169.324766901149,166.521792707012,172.080910896142,166.450917659724,-1,10000,5000
0.4885,170,170.070109910297,167.242538474146,172.950908190895,167.109973233367,-1,10000,5000
0.2575,170,170.913727796087,168.058188467175,173.893161644347,167.904282154444,-1,10000,5000
0.945,170,167.674491140871,164.92560206091,170.472831033085,164.882874777097,-1,10000,5000
0.39,170,170.412131830376,167.573237883617,173.056509117911,167.651558359124,-1,10000,5000
0.9565,170,167.434149935532,164.693094418551,170.20955859717,164.371844750368,-1,10000,5000
0.516,170,169.924444036585,167.101688061253,172.729658390559,166.918525270119,-1,10000,5000
0.5475,170,169.849973500755,167.029677833157,172.698739948522,167.133560901487,-1,10000,5000
0.641,170,169.465384928276,166.657778251827,172.360415236308,166.410875432948,-1,10000,5000
0.831,170,168.622319058589,165.842429790607,171.344759292111,165.763156700544,-1,10000,5000
0.37,170,170.469656776165,167.628856301839,173.362109249906,167.512428503068,-1,10000,5000
0.2345,170,171.069875346024,168.209144521933,173.841103584676,168.192303951447,-1,10000,5000
0.1905,170,171.269715115722,168.402333382731,174.037244190457,168.458075730973,-1,10000,5000
0.1895,170,171.263261384151,168.396094557775,174.016889321539,168.341157549269,-1,10000,5000
0.313,170,170.658192071111,167.811138632138,173.284794442763,167.785377099413,-1,10000,5000
0.8375,170,168.563760561576,165.785791494526,171.435480782095,165.518580348604,-1,10000,5000
0.879,170,168.316898349993,165.547017008301,171.240978524235,165.331480441903,-1,10000,5000
0.1675,170,171.395366377094,168.523798930885,174.072085941551,168.626315319444,-1,10000,5000
0.6815,170,169.282913582588,166.481317466554,172.062717978348,166.311652030457,-1,10000,5000
0.526,170,169.932530038579,167.109506859845,172.826437218229,167.143234350594,-1,10000,5000
0.399,170,170.370319885228,167.532811301093,173.106479435662,167.546655550034,-1,10000,5000
0.063,170,172.298519807696,169.396778073281,175.064947915292,169.339454503026,-1,10000,5000
0.731,170,169.072241648687,166.277577136168,171.816818129916,166.203910320261,-1,10000,5000
0.8375,170,168.573422753619,165.795136897045,171.421119960648,165.738126818233,-1,10000,5000
0.929,170,167.653686737938,164.905476181053,170.632325583097,164.574461893831,-1,10000,5000
0.606,170,169.6177451476,166.805114912044,172.430698029616,166.702695272993,-1,10000,5000
0.6465,170,169.389020460852,166.583929981443,172.275415983306,166.442836703029,-1,10000,5000
0.333,170,170.626740566811,167.780730718638,173.42917950767,168.004974238146,-1,10000,5000
0.173,170,171.308447721713,168.439776042474,174.096115917874,168.502950373068,-1,10000,5000
0.7245,170,169.141453611701,166.344512793556,172.083514930183,166.22584490066,-1,10000,5000
0.639,170,169.503880331854,166.695004817486,172.394375683141,166.62655114859,-1,10000,5000
0.272,170,170.844225741966,167.990995682631,173.561189142406,167.99224841233,-1,10000,5000
0.485,170,170.020948675745,167.195002875754,172.769447603059,167.027045991588,-1,10000,5000
0.998,170,165.76096867136,163.074143289988,168.72618664335,162.561712651549,-1,10000,5000
0.435,170,170.227037480933,167.394273776683,172.986537422025,167.295671742659,-1,10000,5000
0.539,170,169.828625779167,167.009035188804,172.413222797415,166.972710430068,-1,10000,5000
0.544,170,169.824010761126,167.004572585197,172.516652213762,166.943009873681,-1,10000,5000
0.4675,170,170.074738313847,167.247013804569,172.88519509506,167.224959919276,-1,10000,5000
0.35,170,170.537109175132,167.694072349931,173.317396021176,167.745692030118,-1,10000,5000
0.2255,170,171.097977077423,168.236311452519,173.979847663933,167.886348791509,-1,10000,5000
0.1205,170,171.648990774661,168.768965412488,174.377967911067,168.814533767751,-1,10000,5000
0.2075,170,171.151278627915,168.287839520716,173.844778443661,168.289271341589,-1,10000,5000
0.128,170,171.708533393781,168.826520620471,174.453845857721,168.787276351645,-1,10000,5000
0.044,170,172.302082651236,169.40022157549,174.858281033187,169.54549411837,-1,10000,5000
0.5455,170,169.815358278308,166.996205846203,172.683890961696,166.859190420978,-1,10000,5000
0.9835,170,166.866927005107,164.144315682348,169.701601288463,163.931821787769,-1,10000,5000
0.4445,170,170.193427153333,167.361775909277,173.090485380739,167.218523117883,-1,10000,5000
0.251,170,170.920155211023,168.064402278953,173.860966680516,167.922994922351,-1,10000,5000
0.859,170,168.434847938657,165.661103766802,171.135341596213,165.579157099037,-1,10000,5000
0.6385,170,169.461938431711,166.654445340675,172.296473173892,166.765151700474,-1,10000,5000
0.3675,170,170.465006853379,167.624360513065,173.318159657883,167.388998377478,-1,10000,5000
0.42,170,170.293717917713,167.45874653779,173.159034776058,167.31070957586,-1,10000,5000
0.5835,170,169.675886645173,166.861338227933,172.412045337713,166.793239160481,-1,10000,5000
0.4595,170,170.134351519112,167.304655084723,172.811564614034,167.460860445594,-1,10000,5000
0.351,170,170.505120780856,167.663144622875,173.4288340842,167.698941778138,-1,10000,5000
0.6385,170,169.476299758981,166.66833335,172.397804132942,166.423672508126,-1,10000,5000
0.6385,170,169.455620218756,166.648335349778,172.187675634358,166.580119310969,-1,10000,5000
0.9205,170,167.818576689012,165.064986085022,170.831788405702,164.790456858079,-1,10000,5000
0.971,170,167.152013213017,164.420139494046,170.095969406343,164.1367421926,-1,10000,5000
0.0445,170,172.390012792619,169.4852056364,175.133425424484,169.601968494307,-1,10000,5000
0.546,170,169.827472001142,167.007919515543,172.536155557854,166.967881571212,-1,10000,5000
0.8685,170,168.347503998654,165.576620581174,171.242079134234,165.382140603791,-1,10000,5000
0.483,170,170.029622122386,167.203389547113,172.838933791024,167.055761933884,-1,10000,5000
0.03,170,172.62155499237,169.70898303589,175.39968191166,169.906025647117,-1,10000,5000
0.3475,170,170.553398786903,167.709821758001,173.392510026354,167.724663257977,-1,10000,5000
0.075,170,172.112269733785,169.216763289438,174.889667520724,169.275723122999,-1,10000,5000
0.0065,170,173.247255489022,170.313649617135,175.725143021103,170.622144043394,-1,10000,5000
0.2945,170,170.695482945816,167.847191916479,173.311652522166,167.933999481604,-1,10000,5000
0.176,170,171.299056390437,168.430697505205,174.079689636394,168.581466526582,-1,10000,5000
0.135,170,171.494137744147,168.619277904804,174.121016143617,168.785671594594,-1,10000,5000
0.167,170,171.387728097029,168.516415184003,174.045210460442,168.552234249703,-1,10000,5000
0.402,170,170.338394025295,167.501943022539,172.993840035635,167.498305605559,-1,10000,5000
0.485,170,170.037139825321,167.210658676227,172.839942743496,167.060706663469,-1,10000,5000
0.0175,170,173.024810778448,170.098691260669,175.77684086887,170.259643220091,-1,10000,5000
0.9955,170,166.160932987241,163.461192678246,169.064155392801,163.209969146753,-1,10000,5000
0.27,170,170.902042825499,168.046891804689,173.754425647365,168.150133238136,-1,10000,5000
0.8385,170,168.62288778711,165.842979866662,171.459690977154,165.740559573762,-1,10000,5000
0.607,170,169.601633766314,166.789534957419,172.308680343581,166.770514494094,-1,10000,5000
0.794,170,168.786271577263,166.001002646056,171.756291764862,165.87750045476,-1,10000,5000
0.458,170,170.099041566157,167.270513219389,172.857021332341,167.116927378252,-1,10000,5000
0.3485,170,170.536527460833,167.693509925779,173.325889101349,167.564835775417,-1,10000,5000
0.0985,170,171.851368073698,168.964585022979,174.495297827135,168.867506081499,-1,10000,5000
0.8035,170,168.77658497063,165.991634021645,171.543385888236,165.755914811016,-1,10000,5000
0.2125,170,171.127845284957,168.26518593303,173.953692061641,168.226127370336,-1,10000,5000
0.4505,170,170.181840462397,167.35057267366,172.973619456188,167.305979760827,-1,10000,5000
0.832,170,168.526827097779,165.750068786279,171.482818678867,165.610983943859,-1,10000,5000
0.68,170,169.250247976411,166.449727188897,172.024057068209,166.150914241981,-1,10000,5000
0.144,170,171.528852322905,168.652834885502,174.346624166962,168.684290812077,-1,10000,5000
0.251,170,171.013114597088,168.154271454804,173.852326679082,168.303759353464,-1,10000,5000
0.456,170,170.114668753616,167.285623473519,172.893060398106,167.071730191114,-1,10000,5000
0.6775,170,169.290938642829,166.489078316462,172.040233846683,166.345874070066,-1,10000,5000
0.9185,170,167.762826750781,165.011055740735,170.847615607513,164.661071918604,-1,10000,5000
0.3695,170,170.459194806612,167.618741116207,173.227444755987,167.738800130238,-1,10000,5000
0.553,170,169.781333731794,166.96330480487,172.702622483219,166.648779995493,-1,10000,5000
0.4215,170,170.20211820698,167.37017932041,172.891906051804,167.348219473799,-1,10000,5000
0.31,170,170.687324174474,167.839303936839,173.392491240549,167.576049320133,-1,10000,5000
0.914,170,168.034605146407,165.273958112968,170.913187226577,164.966023055545,-1,10000,5000
0.5305,170,169.881716520611,167.060372277334,172.556058436045,166.90081856401,-1,10000,5000
0.577,170,169.694316029571,166.87915946305,172.432601118571,166.955299167444,-1,10000,5000
0.508,170,169.95217067624,167.128498417293,172.900458174952,167.055489489808,-1,10000,5000
0.94,170,167.676740574787,164.927778125959,170.648660404356,164.790397660203,-1,10000,5000
0.001,170,174.495918132289,171.520114163788,176.995533277765,171.851227462562,-1,10000,5000
0.082,170,171.977874553673,169.086863303416,174.573290817129,169.12515167252,-1,10000,5000
0.5565,170,169.78018059626,166.962189742511,172.427247494525,166.861318975069,-1,10000,5000
0.5825,170,169.674734941559,166.860224527118,172.490580826275,166.79089888018,-1,10000,5000
0.9775,170,166.999027968454,164.272126634097,169.950921980869,163.94024615,-1,10000,5000
0.6515,170,169.433223077758,166.626676264363,172.175474068534,166.526750769691,-1,10000,5000
0.6855,170,169.30011107198,166.497948745271,172.092898370969,166.455866903092,-1,10000,5000
0.9815,170,166.854675068084,164.132461461698,169.806495181906,163.897818241794,-1,10000,5000
0.0185,170,172.810104180349,169.891201674448,175.381175790512,170.109438252953,-1,10000,5000
0.9355,170,167.660433546172,164.912002955223,170.495626615245,164.583498504821,-1,10000,5000
0.036,170,172.563164434627,169.652551574376,175.456058675389,169.833883501986,-1,10000,5000
0.354,170,170.498143089531,167.656398271127,173.245518437437,167.705732330299,-1,10000,5000
0.3115,170,170.695482945816,167.847191916479,173.287783309319,167.965642236807,-1,10000,5000
0.8575,170,168.351472212495,165.580458856568,171.267259627212,165.299588382577,-1,10000,5000
0.6,170,169.631557339504,166.81847147571,172.592317411418,166.654408329865,-1,10000,5000
0.3715,170,170.439436811782,167.599637984782,173.186190520518,167.520700665416,-1,10000,5000
0.941,170,167.733558789782,164.982742805103,170.417037531915,164.942810300119,-1,10000,5000
0.1565,170,171.458849190291,168.585165854086,174.175706844066,168.528936372857,-1,10000,5000
0.3405,170,170.62441128691,167.778478718978,173.55795670868,167.635547930934,-1,10000,5000
0.511,170,169.955059388237,167.131291657474,172.696371814585,167.201978959983,-1,10000,5000
0.501,170,170.030778648801,167.204507833531,172.746479098273,167.22859317052,-1,10000,5000
0.235,170,171.063436665983,168.202920002691,173.96635350976,168.154565350183,-1,10000,5000
0.059,170,172.151977191026,169.255141971213,174.887446306816,169.392624336362,-1,10000,5000
0.491,170,170.005338701506,167.179908987258,172.736878648353,167.224070093136,-1,10000,5000
0.613,170,169.538943598926,166.728912127194,172.252749985002,166.644265189112,-1,10000,5000
0.228,170,170.992643160808,168.13448068303,173.651570726307,168.245036669132,-1,10000,5000
0.251,170,170.906716621999,168.051410287435,173.740553956846,168.138090085254,-1,10000,5000
0.614,170,169.590702786315,166.778964502765,172.342702973227,166.698942820388,-1,10000,5000
0.1045,170,171.81416096473,168.928620900525,174.580220454848,168.948702454601,-1,10000,5000
0.348,170,170.57842103647,167.734014109785,173.471215559424,167.699678919434,-1,10000,5000
0.7815,170,168.822748776757,166.036282248397,171.720739966432,165.869590128461,-1,10000,5000
0.8865,170,168.157249479502,165.392592396572,171.107846385703,165.144746206688,-1,10000,5000
0.9655,170,167.252107587315,164.516978152145,170.195288491478,164.347069420379,-1,10000,5000
0.374,170,170.44292318392,167.603008809214,173.221043224677,167.543976701069,-1,10000,5000
0.866,170,168.358842248826,165.587587554437,171.200114321905,165.343805602603,-1,10000,5000
0.48,170,170.110616984863,167.281705738097,172.95429283715,167.191362497119,-1,10000,5000
0.611,170,169.555043071288,166.744480757687,172.499013566027,166.632160720908,-1,10000,5000
0.085,170,171.91105120367,169.022273755235,174.679211466067,169.179152419019,-1,10000,5000
0.8485,170,168.580812236145,165.802284092266,171.287211068159,165.799004126467,-1,10000,5000
0.783,170,168.798238920664,166.012577112842,171.850102600904,165.66601727012,-1,10000,5000
0.937,170,167.677302942696,164.928322151193,170.772440800173,164.500156348379,-1,10000,5000
0.086,170,171.922874562843,169.033701939493,174.577935754359,169.187519950233,-1,10000,5000
0.976,170,166.891436277816,164.16802926131,169.963216660748,163.945795754406,-1,10000,5000
0.568,170,169.750780931686,166.933760683761,172.427279688568,166.876034061846,-1,10000,5000
0.498,170,169.942349789931,167.119002099015,172.864192411722,167.049908000228,-1,10000,5000
0.381,170,170.394126949504,167.555829602424,173.067725433808,167.455757326478,-1,10000,5000
0.5745,170,169.740983306003,166.924286482137,172.65831215268,166.93349027794,-1,10000,5000
0.2185,170,171.131945656751,168.269149870601,173.944613911706,168.361851751371,-1,10000,5000
0.064,170,172.109899718745,169.21447257541,174.764976591925,169.370362838874,-1,10000,5000
0.3845,170,170.417359766573,167.578292578293,173.24463607725,167.702816183089,-1,10000,5000
0.524,170,169.906542056075,167.084377610693,172.657901291718,167.078159988658,-1,10000,5000
0.7525,170,169.019655571107,166.226719947871,171.879040527148,166.186805238653,-1,10000,5000
0.717,170,169.19239776373,166.393780866046,172.116523184185,166.377216397057,-1,10000,5000
0.0755,170,172.159683745468,169.262590597802,175.046692236908,169.262293108508,-1,10000,5000
0.0985,170,171.906913412144,169.018274255813,174.756535564121,169.063875807136,-1,10000,5000
0.5045,170,169.971815854517,167.147494291913,172.821965759736,167.146519911699,-1,10000,5000
0.311,170,170.684410516577,167.836486980924,173.483975516242,167.777479196855,-1,10000,5000
0.601,170,169.594729825538,166.782858724912,172.244727475117,166.866843512565,-1,10000,5000
0.987,170,166.606682262612,163.892512734448,169.613924381297,163.597706300061,-1,10000,5000
0.2035,170,171.165927726518,168.302001110793,173.995490964854,168.348340898726,-1,10000,5000
0.011,170,173.417321960645,170.477986177645,176.034146981284,170.723946607631,-1,10000,5000
0.53,170,169.910006661139,167.087727740573,172.789995401626,166.959591198797,-1,10000,5000
0.1615,170,171.46237739214,168.588576438061,174.376528075595,168.568339917238,-1,10000,5000
0.818,170,168.576264785617,165.797885745361,171.452023556795,165.537205612374,-1,10000,5000
0.3425,170,170.558053533293,167.714322132253,173.253248971183,167.679501801081,-1,10000,5000
0.248,170,170.883934278303,168.029384978845,173.587966188437,167.866234980361,-1,10000,5000
0.8615,170,168.487070694135,165.711615389969,171.234376197224,165.766994085949,-1,10000,5000
0.2795,170,170.788781470981,167.937392939912,173.455496826025,167.850802930964,-1,10000,5000
0.0915,170,171.799991065507,168.914924309222,174.504910502338,168.916918837501,-1,10000,5000
0.422,170,170.233992999279,167.400999049162,173.008989360627,167.298866885648,-1,10000,5000
0.017,170,173.003854911379,170.078440176609,175.653150315411,170.239055838681,-1,10000,5000
0.7015,170,169.222749873917,166.423134147032,171.895553511684,166.593513363878,-1,10000,5000
0.127,170,171.594200908854,168.716003725249,174.323910626624,168.851852969702,-1,10000,5000
0.954,170,167.403314917127,164.663263625885,170.387070354027,164.364928623085,-1,10000,5000
0.3625,170,170.491747374165,167.650214592275,173.210132656627,167.662530551145,-1,10000,5000
0.2505,170,170.924245635868,168.068356762062,173.610898479159,168.091755461958,-1,10000,5000
0.334,170,170.594718541747,167.749771021563,173.396504112854,167.832731787515,-1,10000,5000
0.388,170,170.389481146223,167.55133772988,173.102542872439,167.599715914201,-1,10000,5000
0.0955,170,171.854321709091,168.967439974317,174.569673690341,169.099246440704,-1,10000,5000
0.678,170,169.284633174303,166.482980444909,172.170832789363,166.298970162636,-1,10000,5000
0.055,170,172.273584027953,169.37267747716,175.085191356089,169.399815019526,-1,10000,5000
0.35,170,170.498724541995,167.65696044637,173.300567501304,167.586045518224,-1,10000,5000
0.2705,170,170.877509587187,168.023173756124,173.664756828816,167.998475229436,-1,10000,5000
0.654,170,169.425184522479,166.61890258126,172.39936034183,166.577544422505,-1,10000,5000
0.16,170,171.42181183546,168.549363051957,174.246231165243,168.566920665405,-1,10000,5000
0.815,170,168.675227228254,165.893602479114,171.51930078467,165.763818359728,-1,10000,5000
0.753,170,168.949401352407,166.158774678732,171.739304405545,165.99875940359,-1,10000,5000
0.673,170,169.40222142407,166.596696054324,172.185858818397,166.584014290677,-1,10000,5000
0.327,170,170.668678482672,167.82127705279,173.424796963629,167.799186417544,-1,10000,5000
0.7005,170,169.218740480494,166.419256705032,171.984938974455,166.383451189709,-1,10000,5000
0.1535,170,171.431804465903,168.559022627363,174.23228108579,168.581524135111,-1,10000,5000
0.0355,170,172.535770242196,169.626076277454,175.302260298534,169.762956410102,-1,10000,5000
0.1375,170,171.509433962265,168.634064080944,174.212873938332,168.664339183324,-1,10000,5000
0.3315,170,170.569691510921,167.72557412464,173.388154368367,167.64391519346,-1,10000,5000
0.41,170,170.343037043095,167.506432246998,173.167516617779,167.463791265408,-1,10000,5000
0.314,170,170.760197965018,167.909758579349,173.694710618378,167.794581251113,-1,10000,5000
0.766,170,168.900315199509,166.111301216267,171.823232751915,165.750562788658,-1,10000,5000
0.421,170,170.250224752772,167.416693453338,173.025275620157,167.46762083686,-1,10000,5000
0.26,170,170.936518085183,168.080221328035,173.592640340017,168.008166335998,-1,10000,5000
0.8375,170,168.541598540958,165.764356022053,171.49404173196,165.504424797726,-1,10000,5000
0.2255,170,171.039442218809,168.179723579806,173.728661261998,168.220315888522,-1,10000,5000
0.6215,170,169.537793753603,166.727800193404,172.340013741531,166.602224948938,-1,10000,5000
0.4895,170,170.053912481505,167.226876703624,172.972678611544,167.155269456787,-1,10000,5000
0.349,170,170.54467182218,167.701384207225,173.444727483399,167.603257435629,-1,10000,5000
0.077,170,172.060736631265,169.166954250489,174.715552298521,169.230187770734,-1,10000,5000
0.308,170,170.775946876538,167.924984550901,173.631523293113,167.879347116797,-1,10000,5000
0.2875,170,170.792865610151,167.941341448259,173.573696226551,167.869385966908,-1,10000,5000
0.644,170,169.43494572456,166.628342147973,172.257414421862,166.448288637602,-1,10000,5000
0.0735,170,172.006275416469,169.114314512038,174.704648542616,169.107687216838,-1,10000,5000
0.7545,170,168.981379769554,166.189702221292,171.742252249263,166.032664951867,-1,10000,5000
0.9665,170,167.240358465383,164.505611286401,170.247887457756,164.23609539223,-1,10000,5000
0.891,170,168.184402364237,165.418857088033,171.062035774214,165.239909058886,-1,10000,5000
0.873,170,168.338434498016,165.567848048452,171.21366280414,165.374423403414,-1,10000,5000
0.169,170,171.449441361857,168.576071638087,174.445308376216,168.648182416511,-1,10000,5000
0.7995,170,168.688886339558,165.906813461015,171.54177359368,165.648631676033,-1,10000,5000
0.0475,170,172.235007165693,169.335392451706,174.816960408908,169.617127134127,-1,10000,5000
0.016,170,173.021217983548,170.095219303766,175.804948629109,170.214891779153,-1,10000,5000
0.059,170,172.273584027953,169.37267747716,175.13874360702,169.388391716802,-1,10000,5000
0.8375,170,168.564328895153,165.786341194922,171.330794579273,165.739812440392,-1,10000,5000
0.2605,170,170.879845782606,168.025432329437,173.535626792956,168.059994802772,-1,10000,5000
0.0265,170,172.786214428401,169.868114395983,175.437090046598,169.948558558835,-1,10000,5000
0.809,170,168.729876949869,165.946459034457,171.628048652176,165.669146440711,-1,10000,5000
0.7445,170,169.087680730532,166.292508522491,171.940438125363,166.285629756661,-1,10000,5000
0.513,170,169.951015218936,167.127381147363,172.684832466921,167.075045192609,-1,10000,5000
0.4485,170,170.163884208914,167.333210622312,172.886749963047,167.410219159105,-1,10000,5000
0.6315,170,169.453897151535,166.646669066379,172.259659824025,166.497728440748,-1,10000,5000
0.5565,170,169.776721283641,166.958844644795,172.634482104641,166.947288208476,-1,10000,5000
0.612,170,169.571145601563,166.760052295952,172.528264308757,166.70947680064,-1,10000,5000
0.0205,170,172.836988048856,169.917182365315,175.517169181717,170.104392552427,-1,10000,5000
0.1775,170,171.375978226219,168.505056836756,174.183547170987,168.376049866946,-1,10000,5000
0.752,170,168.98366440544,166.191911772038,171.725796150852,166.064241531679,-1,10000,5000
0.6935,170,169.245664338742,166.445294425081,172.074220825006,166.358608831797,-1,10000,5000
0.859,170,168.290269156715,165.521259550577,171.335531771589,165.31863303675,-1,10000,5000
0.4535,170,170.163884208914,167.333210622312,172.938650075019,167.250860826925,-1,10000,5000
0.9105,170,168.12840914441,165.364695299012,170.913443179488,165.324556905983,-1,10000,5000
0.277,170,170.796366456339,167.944726031768,173.445825185221,167.938085975396,-1,10000,5000
0.3905,170,170.394707692728,167.556391103426,173.162583685385,167.653925496171,-1,10000,5000
0.1925,170,171.321949564628,168.452828154532,174.230137592179,168.358582322432,-1,10000,5000
0.8245,170,168.717349927782,165.934343099123,171.532579461059,165.778908886508,-1,10000,5000
0.875,170,168.268178987934,165.49989242507,171.200404300516,165.164061235778,-1,10000,5000
0.3445,170,170.544090056286,167.700821734026,173.30813191603,167.656617471691,-1,10000,5000
0.2765,170,170.781197159284,167.930060488408,173.493818230663,168.152940541511,-1,10000,5000
0.202,170,171.164755706348,168.300868095878,173.902365941647,168.275530395522,-1,10000,5000
0.3645,170,170.475469536397,167.63447637695,173.326339125633,167.649571645721,-1,10000,5000
0.7475,170,168.994517269587,166.202407940486,171.905202196155,166.004001067496,-1,10000,5000
0.1115,170,171.727996867369,168.845334296877,174.507808184222,168.961475065504,-1,10000,5000
0.9455,170,167.735247048404,164.984375979595,170.558404406096,164.890869044802,-1,10000,5000
0.63,170,169.499282946328,166.69055898012,172.220477583343,166.619659486222,-1,10000,5000
0.923,170,167.997903176486,165.238455615298,170.846427070833,165.113731107509,-1,10000,5000
0.5595,170,169.754815576902,166.937662138204,172.722738972413,166.774510569169,-1,10000,5000
0.7215,170,169.124288338391,166.32791215225,171.923102932069,166.011760293355,-1,10000,5000
0.486,170,170.049285211376,167.222402450812,172.679460625093,167.369872543604,-1,10000,5000
0.8395,170,168.589339367188,165.810531621726,171.36342607362,165.720438312568,-1,10000,5000
0.627,170,169.519973145351,166.710567116007,172.520902500855,166.590937854015,-1,10000,5000
0.8415,170,168.543871300514,165.766554276943,171.271236776463,165.684429329189,-1,10000,5000
0.331,170,170.61218361072,167.766656712512,173.361158407133,167.823417426852,-1,10000,5000
0.0705,170,172.083833860537,169.18927881378,174.695579854664,169.25302234105,-1,10000,5000
0.036,170,172.588779916942,169.677307696223,175.344906800552,169.785062905762,-1,10000,5000
0.863,170,168.361677050009,165.590329524756,171.190968548922,165.368296237056,-1,10000,5000
0.0195,170,172.902739399138,169.980724185877,175.561988174609,170.139901364963,-1,10000,5000
0.7065,170,169.210722263589,166.411502363043,171.952013994687,166.269451118494,-1,10000,5000
0.629,170,169.503305645025,166.694449074846,172.45423222958,166.614525521576,-1,10000,5000
0.3425,170,170.552816961469,167.709259228202,173.29903922505,167.767413344418,-1,10000,5000
0.1255,170,171.657241741603,168.77694101921,174.418495349483,168.729240195081,-1,10000,5000
0.674,170,169.345988131047,166.542315071413,172.205315828393,166.417428966899,-1,10000,5000
0.2405,170,171.004340524215,168.145789125003,173.687307983471,168.112075990669,-1,10000,5000
0.8505,170,168.46833489463,165.693493547895,171.470920442371,165.308361977665,-1,10000,5000
5e-04,170,174.978388007882,171.986199827326,177.557136793199,172.341763625811,-1,10000,5000
0.5245,170,169.86324641128,167.042512319385,172.555801209654,166.92128433578,-1,10000,5000
0.5925,170,169.607962872497,166.795655306771,172.394084454374,166.807886910714,-1,10000,5000
0.6555,170,169.381559956905,166.576715240437,172.245029642266,166.432174867344,-1,10000,5000
0.7565,170,168.965960093009,166.174789290367,171.749784293279,165.894001034285,-1,10000,5000
0.737,170,169.068239383989,166.2737064737,171.92694289097,166.262292694137,-1,10000,5000
0.3035,170,170.794032542934,167.942469627604,173.685263777242,167.770884216788,-1,10000,5000
0.363,170,170.451639738297,167.611436463533,173.175757887064,167.7859448304,-1,10000,5000
0.065,170,172.150198853365,169.253423150483,174.918718813335,169.414607253974,-1,10000,5000
0.3485,170,170.551653322508,167.708134179924,173.252180890333,167.692395110871,-1,10000,5000
0.1325,170,171.623653477787,168.744473618489,174.472322398424,168.690712102191,-1,10000,5000
0.378,170,170.440017863901,167.600199779438,173.12660268504,167.408998756223,-1,10000,5000
0.4225,170,170.275158116296,167.440801304699,173.063375581567,167.345383027396,-1,10000,5000
0.044,170,172.430443225048,169.524280962762,175.143435682385,169.644063249649,-1,10000,5000
0.9585,170,167.440879085548,164.69960439155,170.275723673834,164.470542727684,-1,10000,5000
0.5035,170,169.972393722632,167.148053059478,172.8702739971,167.191971972833,-1,10000,5000
0.83,170,168.649622355732,165.868837558013,171.419981179254,165.731987883802,-1,10000,5000
0.708,170,169.225041041177,166.425349909298,171.982477901391,166.508123506305,-1,10000,5000
0.0275,170,172.689528441356,169.774675051272,175.357645951081,169.943598712146,-1,10000,5000
0.2495,170,170.972761315254,168.115259822134,173.791495662687,168.230829656503,-1,10000,5000
0.868,170,168.309531985376,165.539891803127,171.303952504469,165.189652194764,-1,10000,5000
0.133,170,171.530029334569,168.653972644326,174.179869753373,168.727852495649,-1,10000,5000
0.6515,170,169.378690707295,166.573940506451,172.208971090023,166.492814954028,-1,10000,5000
0.549,170,169.813627887545,166.994532599003,172.638757766857,166.981366453106,-1,10000,5000
0.755,170,169.019655571107,166.226719947871,171.774421540547,166.167721619823,-1,10000,5000
0.3055,170,170.722878812197,167.873678414467,173.560311173585,167.809487022968,-1,10000,5000
0.18,170,171.246835898297,168.380215998141,174.032136319489,168.397020620226,-1,10000,5000
0.6905,170,169.235352061662,166.435321569685,172.172741500072,166.309565756368,-1,10000,5000
0.4135,170,170.241528785614,167.40828537086,173.065470253397,167.429868971853,-1,10000,5000
0.1525,170,171.486490658197,168.611885789053,174.267693377194,168.654409828084,-1,10000,5000
0.6795,170,169.269158106434,166.468014835629,172.158078134513,166.25426491716,-1,10000,5000
0.2315,170,171.010774756286,168.152009416513,173.737535940799,168.207748081633,-1,10000,5000
0.5345,170,169.877675840979,167.056465085199,172.739417601129,167.021952741874,-1,10000,5000
0.6705,170,169.311578006259,166.509038110589,172.304891056826,166.302461796567,-1,10000,5000
0.1975,170,171.184682232335,168.320131424359,174.089388234302,168.281616959447,-1,10000,5000
0.358,170,170.508028320806,167.665955763014,173.221956335669,167.748563235317,-1,10000,5000
0.363,170,170.471400562612,167.630542284804,173.121968880168,167.762473379755,-1,10000,5000
0.232,170,171.025984866108,168.166713753347,173.908843955394,168.201301036279,-1,10000,5000
0.7395,170,168.969957516705,166.178655348792,171.774408780697,165.971118557015,-1,10000,5000
0.1645,170,171.361293153089,168.490861055696,174.11484235504,168.542003286248,-1,10000,5000
0.356,170,170.508609840695,167.666518002354,173.166012549319,167.748188195569,-1,10000,5000
0.9685,170,167.240917909949,164.506152530105,170.172710461711,164.216602448562,-1,10000,5000
0.8065,170,168.678641798699,165.89690502734,171.502141342032,165.823274968843,-1,10000,5000
0.267,170,170.875173455647,168.02091524353,173.518844863582,168.083775017234,-1,10000,5000
0.904,170,167.958395904093,165.200239209946,170.870863133869,164.956550175398,-1,10000,5000
0.867,170,168.429173502768,165.655615228389,171.182437266985,165.696214781438,-1,10000,5000
0.2995,170,170.740953239622,167.891152807812,173.383869642555,167.97766509389,-1,10000,5000
0.147,170,171.463553491691,168.589713330051,174.150975762959,168.585777592663,-1,10000,5000
0.097,170,171.867909739698,168.980573993214,174.729566781009,168.977033131365,-1,10000,5000
0.3605,170,170.513843698202,167.671578326101,173.256498846724,167.734206392596,-1,10000,5000
0.943,170,167.729619651826,164.978932190359,170.464197650671,164.8433026811,-1,10000,5000
0.1715,170,171.346023346517,168.476099980457,174.256782851494,168.416545222943,-1,10000,5000
0.305,170,170.742119463134,167.892280312951,173.57431392949,168.044209939037,-1,10000,5000
0.25,170,170.940024822974,168.08361151171,173.757471400047,167.952341343362,-1,10000,5000
0.702,170,169.26801191766,166.466906379012,172.011307551742,166.549302050966,-1,10000,5000
0.4285,170,170.232833706748,167.399878132889,173.110663433708,167.038432653353,-1,10000,5000
0.07,170,172.013968931171,169.121750748364,174.818058586542,169.213535186263,-1,10000,5000
0.254,170,170.992643160808,168.13448068303,173.778958086599,168.00709357044,-1,10000,5000
0.1835,170,171.30786073334,168.439208605222,174.114639225268,168.441130148977,-1,10000,5000
0.251,170,170.913143509608,168.057623597979,173.648972194438,168.07128761065,-1,10000,5000
0.435,170,170.245007065875,167.411648502503,173.060024938177,167.418825398824,-1,10000,5000
0.127,170,171.709123131189,168.827090670277,174.568364059841,168.84810761248,-1,10000,5000
0.516,170,169.940039158101,167.116767828017,172.817575726101,167.034434005855,-1,10000,5000
0.0415,170,172.574481965889,169.663489435055,175.289225182356,169.744173100126,-1,10000,5000
0.6615,170,169.40968374826,166.603912526282,172.264608391358,166.457308650561,-1,10000,5000
0.7785,170,168.842703914841,166.055582124449,171.597777202979,165.897132342465,-1,10000,5000
0.7505,170,168.946546725151,166.156013850765,171.818500099442,165.835083271163,-1,10000,5000
0.373,170,170.469075521944,167.628294315054,173.379499516701,167.53117839441,-1,10000,5000
0.26,170,170.926583109398,168.07061655025,173.944186903959,167.964146037306,-1,10000,5000
0.057,170,172.248655464791,169.348583737794,174.930303770995,169.441289497253,-1,10000,5000
0.754,170,168.99623100715,166.204065351438,171.754137279635,165.949087939377,-1,10000,5000
0.0765,170,171.885045536903,168.997137188496,174.580242868271,169.152629036451,-1,10000,5000
0.87,170,168.364511946657,165.593071585885,171.255443627664,165.447350702295,-1,10000,5000
0.1805,170,171.205199679472,168.339965927991,173.817457731995,168.563659181966,-1,10000,5000
0.615,170,169.562518865717,166.751710038786,172.371130212059,166.656177298636,-1,10000,5000
0.725,170,169.057948716215,166.263754169064,172.010292301484,165.967313726455,-1,10000,5000
0.401,170,170.338974388678,167.502504162437,173.129879778641,167.410568270388,-1,10000,5000
0.4005,170,170.351743383729,167.514850191469,173.153546456792,167.563708123626,-1,10000,5000
0.907,170,168.070193131966,165.308382788091,171.108842928332,165.126205161975,-1,10000,5000
0.3145,170,170.659357164314,167.812265062829,173.517071657152,167.646814139203,-1,10000,5000
0.7725,170,168.799378756162,166.013679527193,171.862945175929,165.669582746277,-1,10000,5000
0.932,170,167.727931506482,164.977299123641,170.592715771046,164.70180855543,-1,10000,5000
0.4785,170,170.099041566157,167.270513219389,173.019315908238,167.152578453398,-1,10000,5000
0.419,170,170.298938590874,167.463794327666,173.105284779148,167.493021915214,-1,10000,5000
0.1865,170,171.296708718504,168.428428023796,174.065394142805,168.361030206622,-1,10000,5000
0.511,170,169.947548941291,167.124029427199,172.747340901921,167.197215601662,-1,10000,5000
0.444,170,170.172572245482,167.341611165032,172.95321910239,167.441009989503,-1,10000,5000
0.323,170,170.618588365379,167.772848984303,173.523147516919,167.727643332854,-1,10000,5000
0.6565,170,169.42001728257,166.613905596561,172.140501811706,166.755306649955,-1,10000,5000
0.3075,170,170.725793783594,167.876496618967,173.519188102778,167.859717261351,-1,10000,5000
0.0725,170,172.092126686242,169.197294196871,174.854195030229,169.310126728327,-1,10000,5000
0.8845,170,168.231941018713,165.464840376069,171.013245900725,165.383405677813,-1,10000,5000
0.8805,170,168.226846306042,165.45991237243,171.18223026141,165.27742815813,-1,10000,5000
0.18,170,171.370103894947,168.499378237294,174.308428898065,168.493999770234,-1,10000,5000
0.836,170,168.570012441711,165.791838399379,171.411368758509,165.543587781198,-1,10000,5000
0.3245,170,170.652949348553,167.80606988116,173.464872838325,167.776200499492,-1,10000,5000
0.7885,170,168.845555033959,166.058339615874,171.570369950422,165.97526794191,-1,10000,5000
0.4435,170,170.207333265244,167.375221772169,173.073733107836,167.357911773482,-1,10000,5000
0.2105,170,171.115545348444,168.253295240787,173.983885600521,168.199619277896,-1,10000,5000
0.427,170,170.268199233717,167.434072833822,173.162067854986,167.424341553236,-1,10000,5000
0.094,170,171.801762175091,168.916636261672,174.395459186292,169.079696440711,-1,10000,5000
0.052,170,172.253996692393,169.353746104864,175.092856896452,169.587369255911,-1,10000,5000
0.976,170,166.977833145743,164.251620342235,169.972394145554,163.944250397093,-1,10000,5000
0.7065,170,169.213585825253,166.41427168794,171.969699873185,166.374880037729,-1,10000,5000
0.941,170,167.586810269406,164.840780290318,170.563713931793,164.695647862187,-1,10000,5000
0.43,170,170.23341335104,167.400438589149,172.980457635427,167.376850900092,-1,10000,5000
0.9025,170,168.113710035375,165.350476870775,171.162803483807,165.214596686544,-1,10000,5000
0.415,170,170.260081256237,167.426223634555,173.058359972855,167.514582946022,-1,10000,5000
0.3795,170,170.40806587953,167.569306665237,173.190087213085,167.552143468968,-1,10000,5000
0.237,170,170.966329943302,168.109042249165,173.616081060737,168.225981400398,-1,10000,5000
0.338,170,170.52140428188,167.6788882219,173.160232373021,167.801882711793,-1,10000,5000
0.602,170,169.593003928167,166.781189750295,172.329253748911,166.749545975733,-1,10000,5000
0.835,170,168.568307337501,165.790189199764,171.413183374868,165.595863952985,-1,10000,5000
0.2865,170,170.800450958287,167.948674884955,173.654785577633,167.978281404786,-1,10000,5000
0.6635,170,169.374100110105,166.569501124344,172.028703469721,166.461426512901,-1,10000,5000
0.609,170,169.578047622278,166.766726702688,172.279482431564,166.708469295855,-1,10000,5000
0.9055,170,168.108057216256,165.345008895561,170.917070236329,165.274117580099,-1,10000,5000
0.583,170,169.715629996504,166.899770012117,172.527993228986,166.730064936558,-1,10000,5000
0.179,170,171.352483317168,168.482344735095,173.996105649349,168.550783927034,-1,10000,5000
0.4835,170,170.035983212369,167.209540307532,172.760353606311,167.213862443763,-1,10000,5000
0.2535,170,170.975100115933,168.11752087179,173.787725647861,168.008149602029,-1,10000,5000
0.3745,170,170.461519577759,167.620988829737,173.393975497729,167.593151868622,-1,10000,5000
0.8255,170,168.566033918878,165.787990317981,171.351255940671,165.644026573773,-1,10000,5000
0.4345,170,170.176047708521,167.344971618293,172.960422790584,167.15439157962,-1,10000,5000
0.8435,170,168.559782333843,165.781943693821,171.470095373296,165.642761797105,-1,10000,5000
0.476,170,170.077631193997,167.249811007714,172.856212467374,167.070463095004,-1,10000,5000
0.702,170,169.24509140149,166.444740346205,171.992922040537,166.276528726692,-1,10000,5000
0.092,170,171.840735826878,168.954307996945,174.653028050316,169.002151469135,-1,10000,5000
0.3815,170,170.416197975254,167.577169286456,173.228899302272,167.511810844436,-1,10000,5000
0.05,170,172.339501406431,169.436386802939,175.128604360339,169.476177177401,-1,10000,5000
0.74,170,169.088252602529,166.293061588298,172.032272927243,165.90994952477,-1,10000,5000
0.506,170,169.959103750013,167.135202350589,172.795482047694,167.152225178312,-1,10000,5000
0.746,170,169.024226974908,166.231141077045,171.916405769111,166.068632120851,-1,10000,5000
0.0795,170,171.932925696914,169.043417111251,174.576568338214,169.186987204285,-1,10000,5000
0.822,170,168.630281607005,165.850131187454,171.576188671179,165.550572452712,-1,10000,5000
0.1335,170,171.552395625663,168.675592979047,174.38004536259,168.775773209785,-1,10000,5000
0.5785,170,169.735220525078,166.918713924693,172.504025932872,167.136028847874,-1,10000,5000
0.2445,170,171.014869519708,168.155968023461,173.826589868275,168.119025367296,-1,10000,5000
0.523,170,169.911739016657,167.089402855892,172.515103600481,167.199982919051,-1,10000,5000
0.544,170,169.86324641128,167.042512319385,172.643482733847,167.157149340286,-1,10000,5000
0.793,170,168.760632983177,165.976205651158,171.61906914595,165.724440002228,-1,10000,5000
0.4005,170,170.32446649042,167.488476792797,172.973977625029,167.540796632616,-1,10000,5000
0.033,170,172.659112650617,169.745280232483,175.320300104124,169.860927407297,-1,10000,5000
0.2725,170,170.858822323229,168.005107355264,173.51281521928,167.915165917777,-1,10000,5000
0.4845,170,170.028465611705,167.202271275653,172.737860008594,167.211517696357,-1,10000,5000
0.182,170,171.25152857275,168.384752423899,174.032874145543,168.552941518442,-1,10000,5000
0.4705,170,170.063167777291,167.235825927574,172.739828668183,167.289965357684,-1,10000,5000
0.194,170,171.304338887576,168.435804061998,174.032856001509,168.511364239742,-1,10000,5000
0.281,170,170.799283937796,167.947546622239,173.558949991192,167.967449356526,-1,10000,5000
0.5545,170,169.744441162391,166.927630195205,172.509095592444,166.815371273086,-1,10000,5000
0.426,170,170.288497564631,167.453699052212,172.996682555811,167.614979969022,-1,10000,5000
0.7605,170,168.901456413999,166.112404942176,171.657498213248,166.215007720387,-1,10000,5000
0.158,170,171.346023346517,168.476099980457,174.129055692894,168.56264645617,-1,10000,5000
0.6035,170,169.611415311336,166.798993868469,172.467201283428,166.569271721644,-1,10000,5000
0.1105,170,171.657831126738,168.77751073425,174.307387355554,169.000564040355,-1,10000,5000
0.4735,170,170.071266987567,167.243657284297,172.904481492226,167.21260226597,-1,10000,5000
0.8595,170,168.369047979875,165.597459072588,171.449357832355,165.409736781489,-1,10000,5000
0.8355,170,168.54443949998,165.767103849775,171.370994706711,165.611252790142,-1,10000,5000
0.892,170,168.063978270516,165.302371097211,170.968697032745,164.872058578135,-1,10000,5000
0.2075,170,171.124330836951,168.261788420897,173.911761228695,168.348925016805,-1,10000,5000
0.192,170,171.198750808995,168.333731723165,173.947100895758,168.364901172454,-1,10000,5000
0.382,170,170.429559531886,167.590088051832,173.258146863169,167.517138992764,-1,10000,5000
0.094,170,171.830104895586,168.944032221006,174.576883892658,169.157726408879,-1,10000,5000
0.527,170,169.908274340945,167.08605265884,172.592764188975,167.165075154052,-1,10000,5000
0.361,170,170.516751535657,167.674389749059,173.351983266227,167.750634085769,-1,10000,5000
0.705,170,169.238789347723,166.438645722028,172.226786631423,166.370403063962,-1,10000,5000
0.2555,170,170.913143509608,168.057623597979,173.623068231515,168.212046582778,-1,10000,5000
0.8865,170,168.244396059996,165.476887843075,171.207627388358,165.376417418641,-1,10000,5000
0.6465,170,169.464810502446,166.657222757377,172.243718038351,166.666142839681,-1,10000,5000
0.0785,170,172.003316555599,169.111454595266,174.716542699906,169.289866591967,-1,10000,5000
0.575,170,169.717358390647,166.901441360848,172.446787761192,166.905340781439,-1,10000,5000
0.1785,170,171.223962792737,168.358104422431,173.812333579984,168.385599982587,-1,10000,5000
0.749,170,169.063093893507,166.268730172454,171.868647000968,166.106762464888,-1,10000,5000
0.128,170,171.542977529054,168.666489004632,174.255823818834,168.652796393006,-1,10000,5000
0.0665,170,172.175098924487,169.277489817959,174.780859288771,169.371469741162,-1,10000,5000
0.595,170,169.652279845669,166.838510332309,172.574128878774,166.762991937587,-1,10000,5000
0.7355,170,168.99908731366,166.206827776485,171.888189729561,166.064424439449,-1,10000,5000
0.8665,170,168.450738393426,165.676473609395,171.23347944316,165.735737261,-1,10000,5000
0.66,170,169.40968374826,166.603912526282,172.385785988242,166.429503807849,-1,10000,5000
0.0765,170,172.012193443616,169.120034635783,174.716167368322,169.232337588233,-1,10000,5000
0.0785,170,172.041197664136,169.148068836498,174.81633220719,169.234065780334,-1,10000,5000
0.5205,170,169.844780317778,167.024656179745,172.594580154793,166.890243026153,-1,10000,5000
0.3685,170,170.420264314178,167.581100873768,173.224199997684,167.412724589884,-1,10000,5000
0.506,170,169.976438909459,167.151964537039,172.62053651003,167.116465271324,-1,10000,5000
0.2735,170,170.878677676912,168.024303035191,173.714753937669,167.919007526128,-1,10000,5000
0.3865,170,170.416778868933,167.577730930492,173.257714587487,167.495178321663,-1,10000,5000
0.568,170,169.731186811247,166.914813355856,172.532773196207,166.761360520973,-1,10000,5000
0.799,170,168.785701746094,166.000451521228,171.628064186855,165.916385143159,-1,10000,5000
0.9415,170,167.538512578374,164.794056867133,170.600510310229,164.464327582,-1,10000,5000
0,170,174.447208739982,171.473056438642,177.108253829649,171.735998307143,-1,10000,5000
0.286,170,170.84364193059,167.990431265035,173.697662566025,167.795046202175,-1,10000,5000
0.157,170,171.492961224994,168.61814061404,174.327865963809,168.582153037204,-1,10000,5000
0.8245,170,168.707671230104,165.924981997139,171.493223893711,165.913423151169,-1,10000,5000
0.011,170,173.246655138837,170.313069484326,176.027605704581,170.519218159182,-1,10000,5000
0.2045,170,171.250355380026,168.383618294543,174.179774858712,168.099948224138,-1,10000,5000
0.2,170,171.191130042939,168.326364621838,173.996377603436,168.098057942904,-1,10000,5000
0.172,170,171.371278728984,168.500513926567,174.150407179564,168.353862172562,-1,10000,5000
0.623,170,169.522847183605,166.71334640366,172.433507308966,166.43782598229,-1,10000,5000
0.347,170,170.542344782418,167.699134337069,173.189409763596,167.735508756486,-1,10000,5000
0.696,170,169.278901337776,166.477437312921,172.051638743742,166.361149134625,-1,10000,5000
0.656,170,169.418294939309,166.612240001599,172.227240329085,166.504983136948,-1,10000,5000
0.2095,170,171.126673786249,168.264053413741,173.721667783412,168.392037862068,-1,10000,5000
0.801,170,168.754936575553,165.970696213876,171.734088067963,165.652109346446,-1,10000,5000
0.595,170,169.594154522511,166.782302396328,172.614968910737,166.634401167254,-1,10000,5000
0.35,170,170.526057282021,167.683386936123,173.275062669122,167.731923781027,-1,10000,5000
0.9865,170,166.645000649981,163.929588962949,169.667300733757,163.434920697012,-1,10000,5000
0.8585,170,168.469470279014,165.694591728526,171.267088513659,165.676588939121,-1,10000,5000
0.4335,170,170.232254066404,167.399317680381,173.027533610875,167.371640715198,-1,10000,5000
0.4025,170,170.300098783936,167.464916100077,173.044296080699,167.458877983153,-1,10000,5000
0.0495,170,172.246281692179,169.346289453452,174.947436730166,169.532130805517,-1,10000,5000
0.813,170,168.682056507393,165.90020770706,171.800183206464,165.682793346995,-1,10000,5000
0.295,170,170.700145451069,167.851699666311,173.441435577193,167.826642313667,-1,10000,5000
0.1145,170,171.671977584265,168.791185049152,174.521078561105,168.798474310259,-1,10000,5000
0.0355,170,172.522671746243,169.613417099746,175.122952129018,169.842942952557,-1,10000,5000
0.598,170,169.605661324685,166.793429673218,172.349472674932,166.683580796366,-1,10000,5000
0.0155,170,173.128467244281,170.198860348431,175.860893369555,170.302406589176,-1,10000,5000
0.5945,170,169.671855750924,166.857440340122,172.490577957528,166.737676295203,-1,10000,5000
0.2585,170,170.976269540268,168.118651419426,173.791836616479,168.140661675613,-1,10000,5000
0.1675,170,171.384202966615,168.51300751905,174.141936365255,168.670928992418,-1,10000,5000
0.723,170,169.10312263232,166.307442590671,172.019490941348,166.15248115864,-1,10000,5000
0.996,170,166.123388857323,163.424862151129,169.220108336894,163.052076727037,-1,10000,5000
0.6855,170,169.291511890532,166.489632690572,172.042881468622,166.416159444716,-1,10000,5000
0.82,170,168.571717580417,165.793487631806,171.333383284369,165.67801732941,-1,10000,5000
0.2015,170,171.218098878067,168.35243572304,174.005144089205,168.490901089708,-1,10000,5000
0.543,170,169.849396464741,167.029119856756,172.68106366288,166.89143836471,-1,10000,5000
0.825,170,168.655311655585,165.874340234812,171.471990715423,165.775842794343,-1,10000,5000
0.267,170,170.90145861891,168.04632701143,173.729744755573,167.980356855245,-1,10000,5000
0.6935,170,169.302404334575,166.500166500167,172.096470058685,166.453782060286,-1,10000,5000
0.3085,170,170.739787032041,167.890025317816,173.793094154859,167.813071105368,-1,10000,5000
0.137,170,171.689074331634,168.807711136245,174.567688004162,168.673820135758,-1,10000,5000
0.0655,170,172.131232204155,169.235091234638,174.745311419988,169.319976787007,-1,10000,5000
0.054,170,172.235600525027,169.335965943151,174.896306500002,169.445102087922,-1,10000,5000
0.232,170,171.066363278644,168.20574927251,173.872879567515,168.219846849223,-1,10000,5000
0.0585,170,172.310990404765,169.408830943539,175.184202953129,169.441304177966,-1,10000,5000
0.45,170,170.176626966163,167.345531706958,172.973226262534,167.193892686589,-1,10000,5000
0.594,170,169.72196761381,166.905898454451,172.636514563542,166.869430750846,-1,10000,5000
0.834,170,168.541030360647,165.763806467441,171.370936535167,165.611910599026,-1,10000,5000
0.2835,170,170.778863660431,167.927804478299,173.546395181095,167.971058834787,-1,10000,5000
0.4755,170,170.059696923313,167.232469856347,173.008340039914,167.101115067354,-1,10000,5000
0.585,170,169.664370312553,166.850201888744,172.526512252682,166.900411097929,-1,10000,5000
0.433,170,170.221821215165,167.38923017693,172.918380229526,167.42124385801,-1,10000,5000
0.0525,170,172.208903401811,169.310162673204,174.764859799824,169.374681910629,-1,10000,5000
0.38,170,170.431302498091,167.591773255034,173.154743766717,167.539519697557,-1,10000,5000
0.5655,170,169.697195982527,166.88194437491,172.597538966504,166.566246188214,-1,10000,5000
0.4055,170,170.333751260596,167.497454038699,172.992083606776,167.547175647513,-1,10000,5000
0.8475,170,168.443927831405,165.669886184788,171.352296080954,165.509732160849,-1,10000,5000
0.4155,170,170.305319848345,167.46996426191,173.012772617839,167.451061180948,-1,10000,5000
0.8695,170,168.300466575551,165.531123161777,171.266160590808,165.208029346619,-1,10000,5000
0.9225,170,167.935264558085,165.177863523442,171.019318893027,164.846910080578,-1,10000,5000
0.972,170,167.248750526887,164.513730315932,170.13267885305,164.291899269165,-1,10000,5000
0.825,170,168.588202366541,165.809431903724,171.609458029758,165.438229064286,-1,10000,5000
0.86,170,168.34637025763,165.575523963746,171.18489851003,165.295338046592,-1,10000,5000
0.794,170,168.802228412257,166.016435627127,171.68813923056,165.802805300053,-1,10000,5000
0.79,170,168.80963796841,166.023601915248,171.630663238212,165.906406899424,-1,10000,5000
0.476,170,170.018635906086,167.192766572147,172.749121716206,167.054668160866,-1,10000,5000
0.212,170,171.103832766923,168.24197233429,173.988139428944,168.246319377217,-1,10000,5000
0.6365,170,169.475725259155,166.667777785185,172.266275403939,166.488017211115,-1,10000,5000
0.217,170,171.198164572133,168.333165000168,174.132168354292,168.184847690596,-1,10000,5000
0.7315,170,169.142025847487,166.345066205336,171.970787586882,166.410183046428,-1,10000,5000
0.1535,170,171.517671517672,168.64202694225,174.342244772471,168.698080785785,-1,10000,5000
0.0435,170,172.331778745231,169.428922872566,174.977582224181,169.678825102307,-1,10000,5000
0.9395,170,167.722304600748,164.9718558014,170.692432117703,164.561044035768,-1,10000,5000
0.7325,170,169.052803852085,166.258778463503,171.858107605201,166.172471401074,-1,10000,5000
0.1115,170,171.73684535955,168.853887354195,174.461156106029,168.86913715639,-1,10000,5000
0.65,170,169.380986099207,166.576160286244,172.217425753457,166.451333268117,-1,10000,5000
0.2575,170,170.943531704649,168.087001832148,173.934042996462,168.067668781909,-1,10000,5000
0.7635,170,168.945404901259,166.154909545267,171.985951509898,165.949790880127,-1,10000,5000
0.6615,170,169.399925456579,166.594475727185,172.146197953655,166.654592889981,-1,10000,5000
0.193,170,171.235105337247,168.368876003058,174.08390061599,168.35788594707,-1,10000,5000
0.355,170,170.490584568377,167.649090336036,173.184653251419,167.618647312826,-1,10000,5000
0.643,170,169.468831565032,166.66111129629,172.451516059552,166.494356291906,-1,10000,5000
0.514,170,169.947548941291,167.124029427199,172.840869820003,166.963253039697,-1,10000,5000
0.924,170,167.839985497175,165.085695984786,170.85504145882,165.025312700938,-1,10000,5000
0.846,170,168.531939996629,165.755014089176,171.430882162278,165.738882545478,-1,10000,5000
0.049,170,172.260525309325,169.360056092051,174.918883126831,169.530423619856,-1,10000,5000
0.7045,170,169.210149562887,166.410948509124,172.122593836349,166.192876796339,-1,10000,5000
0.695,170,169.23019639436,166.430335590129,171.874201113163,166.441135356801,-1,10000,5000
0.428,170,170.220662088408,167.388109418259,172.938677041256,167.24852615989,-1,10000,5000
0.548,170,169.775568210761,166.957729642009,172.620609794457,166.812426038256,-1,10000,5000
0.349,170,170.495235886698,167.653587451464,173.150021171708,167.761601183087,-1,10000,5000
0.844,170,168.443360309428,165.669337256383,171.373597305545,165.338980948321,-1,10000,5000
0.498,170,169.997823810237,167.172642531395,172.862401509164,167.178300116054,-1,10000,5000
0.2505,170,170.980947397581,168.123173762025,173.701369194178,168.151765172608,-1,10000,5000
0.484,170,170.086310424953,167.258203178575,172.853134640986,167.153660286028,-1,10000,5000
0.331,170,170.631399317407,167.785234899329,173.460289682972,167.838143017123,-1,10000,5000
0.2845,170,170.874589432743,168.020350624868,173.676079697642,168.010293218002,-1,10000,5000
0.483,170,170.064324760101,167.236944647916,172.930421553672,167.035762089554,-1,10000,5000
0.404,170,170.333170932804,167.496892932636,173.161167552732,167.559534111321,-1,10000,5000
0.024,170,172.777257474228,169.859458284216,175.570065561837,170.023088097573,-1,10000,5000
0.2405,170,171.019549489456,168.160492373922,173.856975903927,168.178693710032,-1,10000,5000
0.756,170,168.940837760026,166.15049247006,171.889022570941,165.964171120963,-1,10000,5000
0.1545,170,171.494137744147,168.619277904804,174.250013372129,168.447888608375,-1,10000,5000
0.1835,170,171.265608139356,168.39836316791,174.053345435287,168.522856590775,-1,10000,5000
0.2255,170,171.083925057747,168.222726890403,173.863682972255,168.170076274332,-1,10000,5000
0.9245,170,167.848437846222,165.093872375833,170.68268091791,164.923975382536,-1,10000,5000
0.013,170,173.177042740905,170.245800887321,175.826035574119,170.391423450829,-1,10000,5000
0.533,170,169.799209335815,166.980590176198,172.644556257846,166.869935006331,-1,10000,5000
0.247,170,171.009604859895,168.150878420189,173.776115185254,168.00501723595,-1,10000,5000
0.1755,170,171.31901420034,168.449990566801,174.11510050819,168.52519464591,-1,10000,5000
0.9255,170,167.929059671162,165.171861321705,170.814268692025,164.971875672837,-1,10000,5000
0.5505,170,169.813051098461,166.993974857387,172.614703766683,167.028986419025,-1,10000,5000
0.1255,170,171.669030213338,168.788336050826,174.414062160392,168.955219898349,-1,10000,5000
0.208,170,171.146005566225,168.282741931684,173.810635505648,168.275937321969,-1,10000,5000
0.741,170,169.059663740515,166.265412803767,171.956199835124,166.029922462728,-1,10000,5000
0.8585,170,168.420095200558,165.646834323349,171.199052072659,165.644903100304,-1,10000,5000
0.086,170,171.881499919208,168.993710054112,174.579704852952,169.00072426763,-1,10000,5000
0.6985,170,169.211294968169,166.412056220649,172.099476077793,166.12213859104,-1,10000,5000
0.5595,170,169.817088704336,166.997879126935,172.634796579315,167.074916800187,-1,10000,5000
0.5945,170,169.656885534626,166.842964065362,172.493104871656,166.891383253771,-1,10000,5000
0.473,170,170.068374323911,167.240860286985,172.796648328673,167.278698422531,-1,10000,5000
0.4905,170,170.023839726303,167.197798339391,172.774975466926,167.200724035726,-1,10000,5000
0.2455,170,171.000246264982,168.141830997283,173.792988836908,168.20979322171,-1,10000,5000
0.5885,170,169.68740454129,166.8724760538,172.345546010389,166.853580405405,-1,10000,5000
0.5945,170,169.635586319219,166.82236754304,172.518872317021,166.659443868095,-1,10000,5000
0.755,170,169.0093708166,166.216773267024,171.828243784592,166.178814733291,-1,10000,5000
0.548,170,169.795172580092,166.976686715001,172.652106385474,166.818735342528,-1,10000,5000
0.6235,170,169.529745273038,166.72001707213,172.264772945497,166.714733667293,-1,10000,5000
0.5275,170,169.86959505834,167.04865124919,172.659769772289,166.856355664045,-1,10000,5000
0.4575,170,170.132614621298,167.302975650725,172.777526146879,167.230505507743,-1,10000,5000
0.5075,170,169.915781316911,167.093311588924,172.594678233231,167.017138234107,-1,10000,5000
0.623,170,169.549867907444,166.739476237957,172.258035491482,166.688062268866,-1,10000,5000
0.733,170,169.057377049181,166.263201298183,171.992294152147,165.996747272188,-1,10000,5000
0.1255,170,171.610693101934,168.731945681812,174.357101792495,168.855316805995,-1,10000,5000
0.5525,170,169.751357297832,166.934318023231,172.661539946125,166.617696295095,-1,10000,5000
0.4205,170,170.277477870229,167.443044248499,173.145568912985,167.435991130051,-1,10000,5000
0.035,170,172.55720843544,169.646795372035,175.424141913346,169.77187264582,-1,10000,5000
0.9415,170,167.685176489529,164.935938881338,170.636085900981,164.725009112382,-1,10000,5000
0.4575,170,170.159830095436,167.329290657671,173.14058648609,167.08630892122,-1,10000,5000
0.0595,170,172.213648952148,169.314749346445,175.151260438435,169.272179202234,-1,10000,5000
0.134,170,171.595378817521,168.71714233653,174.556829212753,168.740520881014,-1,10000,5000
0.4905,170,170.018057723503,167.192207505593,172.900527958385,167.160828910272,-1,10000,5000
0.8115,170,168.68774799579,165.905712465492,171.559831258667,165.725694407058,-1,10000,5000
0.06,170,172.236193888449,169.33653943848,174.904803458696,169.504543013879,-1,10000,5000
0.466,170,170.070688446964,167.243097877351,172.817089970005,167.186687613448,-1,10000,5000
0.1845,170,171.289079229122,168.421052631579,174.064923887616,168.481816600921,-1,10000,5000
0.8365,170,168.501835168502,165.725895997057,171.383109169287,165.551814708115,-1,10000,5000
0.809,170,168.704255484281,165.921678330961,171.641268543549,165.750848029874,-1,10000,5000
0.7605,170,168.953968956673,166.163192194318,172.025980328926,166.091548480724,-1,10000,5000
0.91,170,168.119363234671,165.355945207654,170.940036784641,165.202273274894,-1,10000,5000
0.5935,170,169.636737491433,166.823480738561,172.382420975947,166.695462872042,-1,10000,5000
0.74,170,169.090540129199,166.295273888316,172.000260999196,166.240972998331,-1,10000,5000
0.286,170,170.851231789709,167.997768989628,173.695671227702,167.965599255375,-1,10000,5000
0.06,170,172.340095485962,169.436960978668,175.150081875921,169.366500660164,-1,10000,5000
0.7155,170,169.104266589097,166.308548924649,172.026193550787,166.048016132347,-1,10000,5000
0.247,170,170.958145260567,168.101129639591,173.748689784233,168.12197141721,-1,10000,5000
0.742,170,169.048230902403,166.254355864124,171.854008598936,166.167603639922,-1,10000,5000
0.7245,170,169.106554549083,166.310761636764,172.100554235122,166.213345816408,-1,10000,5000
0.9915,170,166.618342514923,163.90379502847,169.519626875491,163.663274904099,-1,10000,5000
0.599,170,169.625801986178,166.81290598091,172.406939825107,166.794277153519,-1,10000,5000
0.253,170,170.958729854774,168.101694801287,173.784357621853,168.004122635201,-1,10000,5000
0.435,170,170.230515169056,167.397636345375,173.072703458713,167.371246982722,-1,10000,5000
0.7045,170,169.213013105167,166.413717815587,171.820518217341,166.467113806635,-1,10000,5000
0.9665,170,167.302479670716,164.565711088438,170.19819291997,164.328551424517,-1,10000,5000
0.2385,170,170.983286422228,168.125435024563,173.721164204328,168.188662406941,-1,10000,5000
0.413,170,170.261820757673,167.427905543873,172.917560602929,167.497567920167,-1,10000,5000
0.4735,170,170.085153142978,167.2570841738,173.023533121297,167.007046134746,-1,10000,5000
0.515,170,169.941772126083,167.118443525664,172.571829787527,167.306460922445,-1,10000,5000
0.395,170,170.423749901997,167.584470952584,173.333759506298,167.635332474196,-1,10000,5000
0.282,170,170.841306724987,167.988173632576,173.760879331815,167.771927392797,-1,10000,5000
0.0875,170,171.79408763062,168.909218051666,174.452153458876,169.102601123548,-1,10000,5000
0.6455,170,169.519398349394,166.710011269597,172.226823497545,166.707974005163,-1,10000,5000
0.0475,170,172.277145840297,169.376119999593,174.946255253627,169.536877597239,-1,10000,5000
0.6,170,169.6269530256,166.814019050161,172.595731691175,166.738440814901,-1,10000,5000
0.908,170,168.066238166954,165.304557116031,170.875375956656,165.123855354182,-1,10000,5000
0.6775,170,169.302404334575,166.500166500167,171.914619760991,166.49973419902,-1,10000,5000
0.9725,170,166.898121874521,164.174497790211,170.085476958561,163.650335588077,-1,10000,5000
0.3255,170,170.639552743135,167.79311779748,173.48064001942,167.696829628343,-1,10000,5000
0.5075,170,169.888643847208,167.067070746222,172.74461742027,166.974905650246,-1,10000,5000
0.473,170,170.14303654017,167.313052760498,173.025239581748,167.389344400526,-1,10000,5000
0.818,170,168.642226839734,165.861684623958,171.431591230921,165.667709509522,-1,10000,5000
0.073,170,172.103974966695,169.208746061666,174.683970572197,169.071336442586,-1,10000,5000
0.424,170,170.240949086056,167.407724862056,172.923937338426,167.341903573162,-1,10000,5000
0.6825,170,169.324766901149,166.521792707012,172.156782923017,166.448097810157,-1,10000,5000
0.2875,170,170.784114122526,167.932880586287,173.660451424308,167.992381757403,-1,10000,5000
0.5335,170,169.920401324153,167.097778936322,172.849350185452,167.051221020211,-1,10000,5000
0.25,170,170.96282212617,168.105651039565,173.731142375574,168.179318480268,-1,10000,5000
0.0125,170,173.19264065515,170.2608737107,175.873913686697,170.489085526849,-1,10000,5000
0.3715,170,170.445828602989,167.605817933152,173.336087735389,167.465688111148,-1,10000,5000
0.001,170,173.881136879009,170.926146230737,176.597339426503,171.212286881308,-1,10000,5000
0.53,170,169.883448299297,167.062046844198,172.802180285796,166.953819267279,-1,10000,5000
0.46,170,170.161567548986,167.330970620028,172.996243325258,167.268543046312,-1,10000,5000
0.3035,170,170.754365771939,167.904120031297,173.635441620116,167.854366112928,-1,10000,5000
0.6745,170,169.266865744409,166.465797937156,172.159428537349,166.024939812942,-1,10000,5000
0.062,170,172.1733201091,169.275770543308,174.888496688502,169.34659045701,-1,10000,5000
0.554,170,169.857475325735,167.036931865635,172.632221028587,167.10650751505,-1,10000,5000
0.113,170,171.706174484659,168.824240459742,174.433873232312,168.974621665997,-1,10000,5000
0.1925,170,171.279690021275,168.411976112445,173.990723548961,168.425911661462,-1,10000,5000
0.525,170,169.917513790186,167.094986816206,172.677043409826,167.063162179142,-1,10000,5000
0.575,170,169.720815284549,166.904784158733,172.491091774855,166.859593739445,-1,10000,5000
0.9305,170,167.686863774338,164.937571129328,170.753067941087,164.698769549671,-1,10000,5000
0.7055,170,169.16434606366,166.366652137312,172.078839007316,166.399063248896,-1,10000,5000
0.381,170,170.456288931849,167.615931559063,173.33101467729,167.626544378532,-1,10000,5000
0.1265,170,171.626599290768,168.747321136277,174.464682688265,168.887239613283,-1,10000,5000
0.626,170,169.515374886838,166.706120448506,172.149534702544,166.812203103885,-1,10000,5000
0.5055,170,169.982218081797,167.157552679703,172.741552641375,167.318025444911,-1,10000,5000
0.295,170,170.753782574542,167.90355619732,173.540688345413,168.010798680292,-1,10000,5000
0.4015,170,170.304739714269,167.46940334001,173.073566077364,167.300057329714,-1,10000,5000
0.0045,170,173.818869577613,170.865982974913,176.375107366046,171.039534980771,-1,10000,5000
0.7305,170,169.089396358127,166.294167730949,171.841977215157,166.081109518471,-1,10000,5000
0.5515,170,169.737525590491,166.920942903022,172.722692047606,166.719095861825,-1,10000,5000
0.946,170,167.584001501703,164.838063086824,170.466923973203,164.604242946947,-1,10000,5000
0.621,170,169.568845052843,166.757827612428,172.401871696459,166.678131006657,-1,10000,5000
0.1475,170,171.410644979909,168.538568365985,174.077665338095,168.647175842479,-1,10000,5000
0.677,170,169.240508043114,166.440307847993,172.197839313351,166.110062242268,-1,10000,5000
0.497,170,170.008807336954,167.18326294918,172.855634926644,167.219576775934,-1,10000,5000
0.72,170,169.047659301087,166.253803055745,171.901109781587,166.087883413992,-1,10000,5000
0.062,170,172.127083806731,169.231081657382,174.738866213148,169.47743973956,-1,10000,5000
0.4665,170,170.132614621298,167.302975650725,173.048720044079,167.091186997487,-1,10000,5000
0.0925,170,171.850186647968,168.963443069457,174.500138602174,168.994900292895,-1,10000,5000
0.254,170,170.98445595855,168.126565678643,173.77361272409,168.224997999439,-1,10000,5000
0.655,170,169.404517453799,166.598916440647,172.278098861537,166.505975319965,-1,10000,5000
0.8075,170,168.778864072164,165.993838308722,171.565142425964,165.852134899966,-1,10000,5000
0.152,170,171.428865336017,168.556181460843,174.149407009716,168.316213722648,-1,10000,5000
0.581,170,169.720815284549,166.904784158733,172.790358366402,166.608726014297,-1,10000,5000
0.46,170,170.146510796876,167.31641206686,173.077389449284,167.288259773745,-1,10000,5000
0.6825,170,169.266292663604,166.465243721763,171.976273492138,166.513714721709,-1,10000,5000
0.4385,170,170.205015422117,167.372980644989,172.869985744997,167.538417894608,-1,10000,5000
0.955,170,167.453778135049,164.712083278429,170.307353401833,164.522210840978,-1,10000,5000
0.6695,170,169.328781320491,166.52567492856,172.085076141412,166.49269875664,-1,10000,5000
0.0925,170,171.86436482891,168.977147530568,174.569211387854,169.096793677329,-1,10000,5000
0.6005,170,169.633284021661,166.820141196568,172.42203418826,166.837327554737,-1,10000,5000
0.547,170,169.83901048691,167.019076918966,172.80212792813,166.953135267025,-1,10000,5000
0.0425,170,172.473867595819,169.566249533693,175.211574988871,169.709083410373,-1,10000,5000
0.3205,170,170.647124479048,167.800438294745,173.311932887793,167.842747270836,-1,10000,5000
0.9605,170,167.332717487349,164.59496471084,170.288283050949,164.434340567114,-1,10000,5000
0.94,170,167.78478442533,165.032296820488,170.548725799476,164.854566081318,-1,10000,5000
0.962,170,167.314797461916,164.577627975564,170.305163480915,164.419208065864,-1,10000,5000
0.6895,170,169.27374301676,166.472448809722,172.104864580774,166.341517296755,-1,10000,5000
0.8785,170,168.274408961172,165.505918491645,171.103435832047,165.431624284755,-1,10000,5000
0.585,170,169.677038364422,166.862451943614,172.420537708135,166.738669561608,-1,10000,5000
0.263,170,170.925414364641,168.06948664856,173.770528908862,168.027731755524,-1,10000,5000
0.1215,170,171.672567070596,168.791754860359,174.302345801385,168.873945573103,-1,10000,5000
0.5835,170,169.722543784309,166.90645560789,172.434827189175,167.019885597426,-1,10000,5000
0.8965,170,168.164036878698,165.399157787489,170.944069314812,165.208692987323,-1,10000,5000
0.555,170,169.769226589878,166.951597392884,172.545575276962,166.96787216588,-1,10000,5000
0.212,170,171.211649035811,168.346200594599,174.096855002922,168.275157930478,-1,10000,5000
0.8825,170,168.210432108527,165.444035246197,171.097578162098,165.200891259116,-1,10000,5000
0.2275,170,171.051731216642,168.191603875135,173.783007042353,168.169229082934,-1,10000,5000
0.0445,170,172.485768500949,169.577751399016,175.410579910909,169.609845082943,-1,10000,5000
0.2655,170,170.886854752156,168.032208413709,173.652230400765,168.066524409638,-1,10000,5000
0.8835,170,168.257419211535,165.489484798136,171.153890670954,165.304852002713,-1,10000,5000
0.744,170,168.9773818054,166.185835648856,171.845653366167,165.950751832655,-1,10000,5000
0.519,170,169.987997647131,167.163141196019,172.656547263586,167.277301700613,-1,10000,5000
0.7,170,169.193542928695,166.39488834903,172.195793133884,166.217070587558,-1,10000,5000
0.2425,170,171.039442218809,168.179723579806,173.966902131737,168.163665159152,-1,10000,5000
0.7935,170,168.806218092434,166.020294320778,171.652390734535,165.900501605029,-1,10000,5000
0.8175,170,168.585928411256,165.807232511482,171.551304418628,165.473007397703,-1,10000,5000
0.0955,170,171.835420196806,168.949169952728,174.499052110464,168.887710944217,-1,10000,5000
0.3875,170,170.410389256255,167.571553053154,173.18209332471,167.611553053501,-1,10000,5000
0.2685,170,170.87342139891,168.019221398928,173.685661273836,167.937453141016,-1,10000,5000
0.6385,170,169.465959357999,166.658333749979,172.587534873191,166.355071100396,-1,10000,5000
0.1735,170,171.310208710968,168.441478377167,173.9707948891,168.613936178638,-1,10000,5000
0.2805,170,170.850064075182,167.996640067199,173.612536078929,168.011426705503,-1,10000,5000
0.6665,170,169.327634324112,166.524565703933,172.310587581406,166.275425562149,-1,10000,5000
0.2755,170,170.81970909911,167.967293408627,173.444359590708,167.902862713652,-1,10000,5000
0.651,170,169.389020460852,166.583929981443,172.127276673982,166.511633966678,-1,10000,5000
0.565,170,169.736373049959,166.919828406416,172.503464254095,166.904412741371,-1,10000,5000
0.3715,170,170.428978551073,167.589526324963,173.204809010078,167.440512440318,-1,10000,5000
0.574,170,169.692588104718,166.877488560548,172.505566144301,166.770222336815,-1,10000,5000
0.05,170,172.317523342743,169.415145036306,175.135318578453,169.62284749963,-1,10000,5000
0.8645,170,168.284604457969,165.515780274491,171.243266877459,165.271076625926,-1,10000,5000
0.246,170,170.967499247668,168.110172682769,173.717925626633,168.13444179828,-1,10000,5000
0.834,170,168.637676075342,165.857283125017,171.317942451187,165.79294707347,-1,10000,5000
0.047,170,172.26705442116,169.366366549465,174.94735859901,169.507731253292,-1,10000,5000
0.708,170,169.187244713216,166.38879737505,171.919786463875,166.283366604267,-1,10000,5000
0.22,170,171.09504938297,168.233481154485,173.845153736183,168.202021668723,-1,10000,5000
0.2885,170,170.796366456339,167.944726031768,173.450088071662,168.054512111674,-1,10000,5000
0.8645,170,168.333333333334,165.562913907285,171.24740142902,165.314893693543,-1,10000,5000
0.6785,170,169.323046493985,166.520128953188,172.269785357363,166.444645393504,-1,10000,5000
0.4565,170,170.166780122533,167.336010709505,173.059542420208,167.120331552135,-1,10000,5000
0.383,170,170.409227559973,167.570429851667,173.088422144421,167.556795538575,-1,10000,5000
0.478,170,170.027887362264,167.201712145532,172.805213552565,167.063177243512,-1,10000,5000
0.707,170,169.147176143804,166.350047077063,172.033666379784,166.084535675912,-1,10000,5000
0.4735,170,170.074159749626,167.246454375167,172.769314354625,167.27879180722,-1,10000,5000
0.595,170,169.626377503936,166.813462513679,172.253699742982,166.876389445666,-1,10000,5000
0.8175,170,168.686609667385,165.904611484581,171.552691922659,165.834056698043,-1,10000,5000
0.043,170,172.410225638586,169.504741047607,175.107543083905,169.602529008995,-1,10000,5000
0.796,170,168.774305930648,165.989429793111,171.548115144168,165.884418342853,-1,10000,5000
0.6095,170,169.567694801892,166.756715292925,172.358274746423,166.764464027066,-1,10000,5000
0.611,170,169.553893007577,166.74336861623,172.36613551283,166.572125461811,-1,10000,5000
0.137,170,171.547686448093,168.671040868993,174.276303245207,168.644063704054,-1,10000,5000
0.3095,170,170.650036864095,167.803254040702,173.548909485167,167.750450169142,-1,10000,5000
0.0245,170,172.903337368148,169.981302056774,175.848020594116,170.007725105279,-1,10000,5000
0.322,170,170.685575967799,167.837613751943,173.435340928673,167.896174316565,-1,10000,5000
0.585,170,169.648825743052,166.835170188557,172.376196787419,166.85556405823,-1,10000,5000
0.0375,170,172.437579975926,169.531178479034,174.960493938366,169.688401426243,-1,10000,5000
0.271,170,170.844225741966,167.990995682631,173.645341659057,168.062529468072,-1,10000,5000
0.602,170,169.607387479688,166.795098892814,172.575276484229,166.641967926889,-1,10000,5000
0.091,170,171.875,168.987427335406,174.53649632678,169.021332035104,-1,10000,5000
0.479,170,170.024417948213,167.198357443336,172.704533984358,167.081406187315,-1,10000,5000
0.606,170,169.613141583464,166.800663199437,172.467001230259,166.725729493684,-1,10000,5000
0.1735,170,171.342499931457,168.472693945765,174.087998073282,168.531076933665,-1,10000,5000
0.773,170,168.890044963027,166.101368343072,171.708274855043,166.060688387869,-1,10000,5000
0.956,170,167.407799304854,164.667601978646,170.29666817914,164.347174040351,-1,10000,5000
0.999,170,165.106256501709,162.440506164617,168.240182443982,161.978369735577,-1,10000,5000
0.5895,170,169.69834799108,166.883058365681,172.58023826999,166.809050430343,-1,10000,5000
0.096,170,171.8200657793,168.934328469151,174.472844874656,169.075444123813,-1,10000,5000
0.8745,170,168.335033687209,165.56455858833,170.981481389105,165.598516992726,-1,10000,5000
0.589,170,169.625226472325,166.812349451855,172.466933645817,166.664049230245,-1,10000,5000
0.888,170,168.237602172502,165.470316279963,170.98198667171,165.316259375033,-1,10000,5000
0.395,170,170.419683396736,167.580539207143,173.376537126535,167.583495253677,-1,10000,5000
0.7615,170,168.971099672502,166.179759969955,171.777980796396,166.021777635933,-1,10000,5000
0.227,170,171.040027369142,168.180289270098,173.805854685976,168.336447352273,-1,10000,5000
0.989,170,166.707792034572,163.990344248531,169.500719533111,163.6888331852,-1,10000,5000
0.448,170,170.143615573101,167.313612635524,172.857843145134,167.145535084719,-1,10000,5000
0.0345,170,172.672231873647,169.757959101912,175.459387944988,169.82940929975,-1,10000,5000
0.412,170,170.32098496256,167.48511057367,173.096424207829,167.517759578559,-1,10000,5000
0.321,170,170.638970329742,167.792554708762,173.480273706681,167.591848657545,-1,10000,5000
0.9595,170,167.480143243343,164.737589493695,170.32316079956,164.572576769707,-1,10000,5000
0.287,170,170.816790919838,167.96447215485,173.562772906187,167.978081647567,-1,10000,5000
0.1975,170,171.171788068134,168.307666414205,173.973352294226,168.513986418361,-1,10000,5000
0.369,170,170.467913025393,167.627170352788,173.370739726984,167.442657777396,-1,10000,5000
0.7105,170,169.192970344275,166.394334605695,172.129163414478,166.281161633096,-1,10000,5000
0.2515,170,170.897953463252,168.042938331602,173.723807190973,168.104789405727,-1,10000,5000
0.7355,170,169.052232219844,166.258225625713,171.962621665843,166.076128904648,-1,10000,5000
0.2525,170,170.893280146026,168.038420304418,173.481495475777,167.999164974165,-1,10000,5000
0.694,170,169.26801191766,166.466906379012,172.031549451094,166.342636105683,-1,10000,5000
0.2275,170,171.023644673107,168.164451380294,173.681262920504,168.201991449743,-1,10000,5000
0.2815,170,170.859990157481,168.006236391495,173.560007782604,168.034482454964,-1,10000,5000
0.6555,170,169.428629524197,166.622234070914,172.146392881855,166.634134630785,-1,10000,5000
0.927,170,167.832097406064,165.078065417136,170.707182505873,164.659308469343,-1,10000,5000
0.3045,170,170.720546906747,167.871423918992,173.510372018455,167.792025237143,-1,10000,5000
0.1195,170,171.690253543183,168.808850985675,174.385888024124,168.946426172822,-1,10000,5000
0.4975,170,169.985685773836,167.160905744652,172.795206123445,167.197503744772,-1,10000,5000
0.6455,170,169.43494572456,166.628342147973,172.386295289981,166.580947260815,-1,10000,5000
0.1285,170,171.674925056401,168.794034143657,174.462984325082,168.754932988573,-1,10000,5000
0.0635,170,172.24034754688,169.340554014557,174.914239429241,169.375318540189,-1,10000,5000
0.9505,170,167.431907005717,164.690924541912,170.465660513198,164.208251674176,-1,10000,5000
0.6175,170,169.529170410811,166.719461162702,172.389500437546,166.580506970404,-1,10000,5000
0.9925,170,166.565606759242,163.852768456376,169.427001883707,163.547345621034,-1,10000,5000
0.7875,170,168.819898427792,166.033525489467,171.71995608604,165.800358367228,-1,10000,5000
0.2525,170,170.892695999344,168.037855568102,173.529813564342,168.215557325228,-1,10000,5000
0.507,170,169.944082805038,167.120677841469,172.780040041266,166.842351527843,-1,10000,5000
0,170,174.099121059743,171.136758806698,176.775734544312,171.413589889945,-1,10000,5000
0.5645,170,169.740983306003,166.924286482137,172.58706094622,166.761842385867,-1,10000,5000
0.247,170,170.946454215962,168.089827203658,173.742095656891,168.172384697325,-1,10000,5000
0.9105,170,167.952189307767,165.194235381962,170.805296101651,165.144142180053,-1,10000,5000
0.184,170,171.219858010295,168.354136292775,174.061136671535,168.321077420991,-1,10000,5000
0.689,170,169.268585010107,166.467460605475,172.106937056693,166.381659501444,-1,10000,5000
0.2145,170,171.064021980504,168.203485849041,173.738500606419,168.100185320541,-1,10000,5000
0.3775,170,170.494654458029,167.653025298842,173.456220757571,167.629627908048,-1,10000,5000
0.0585,170,172.074357324045,169.18011930582,174.708075824076,169.48933718453,-1,10000,5000
0.8535,170,168.453576290147,165.679218524262,171.27362317273,165.599490602585,-1,10000,5000
0.315,170,170.670426343226,167.822966908667,173.395735893437,167.885614478769,-1,10000,5000
0.2075,170,171.238624336813,168.372277841198,174.057677963786,168.335132828291,-1,10000,5000
0.851,170,168.407614132833,165.634762098791,171.392779196837,165.311549122078,-1,10000,5000
0.544,170,169.84420331705,167.024098236894,172.624777280231,166.931970321919,-1,10000,5000
0.541,170,169.849396464741,167.029119856756,172.610522224698,167.109178025016,-1,10000,5000
0.263,170,170.852399520199,167.99889792723,173.43859535131,168.060007292121,-1,10000,5000
0.885,170,168.209866158847,165.443487813433,171.140924801483,165.213672087385,-1,10000,5000
0.7945,170,168.765190386174,165.980613464347,171.746614347568,165.836944073348,-1,10000,5000
0.623,170,169.558493356034,166.747817271072,172.449443211013,166.695313012527,-1,10000,5000
0.7445,170,169.016227180528,166.223404255319,171.719492739898,166.178187475411,-1,10000,5000
0.258,170,170.982116901905,168.124304385691,173.873425147513,167.978554044151,-1,10000,5000
0.265,170,170.911974948636,168.05649387098,173.749517353964,168.008450569681,-1,10000,5000
0.3815,170,170.493491612587,167.651901004906,173.315950808716,167.629034680234,-1,10000,5000
0.044,170,172.489339092754,169.581202262892,175.191939931759,169.587610700143,-1,10000,5000
0.94,170,167.760012079929,165.008332920813,170.639706690641,164.730136209898,-1,10000,5000
0.5965,170,169.63846427905,166.825150559698,172.562003085797,166.761993513642,-1,10000,5000
0.1465,170,171.554750311403,168.677869126215,174.315531724198,168.600269737414,-1,10000,5000
0.46,170,170.137246427612,167.307454216315,173.037352616649,167.21890823957,-1,10000,5000
0.3935,170,170.366836482596,167.52944329966,173.155245451937,167.574917467213,-1,10000,5000
0.177,170,171.28321085359,168.415379692474,174.093938999408,168.579981236377,-1,10000,5000
0.164,170,171.423575156183,168.551067602462,174.194759690235,168.595761706096,-1,10000,5000
0.752,170,168.943692194359,166.153253114543,171.822154919014,166.003381100569,-1,10000,5000
0.708,170,169.205568096823,166.40651781049,171.958351653073,166.19826467793,-1,10000,5000
0.809,170,168.762911653907,165.978409528489,171.495008900654,165.956691842256,-1,10000,5000
0.6515,170,169.409109699981,166.603357390858,172.309668025091,166.319625140646,-1,10000,5000
0.8585,170,168.472308806929,165.69733724379,171.269681946246,165.604983994662,-1,10000,5000
0.5955,170,169.630406237595,166.81735834704,172.436528739745,166.833581186165,-1,10000,5000
0.861,170,168.388328848143,165.616108485176,171.229826875879,165.526900662652,-1,10000,5000
0.4025,170,170.366255929339,167.528881979253,173.351649645966,167.450643825843,-1,10000,5000
0.8815,170,168.183836589699,165.418309821878,171.117788413645,165.038204652268,-1,10000,5000
0.1745,170,171.406531241965,168.534591724952,174.198612045219,168.684545296037,-1,10000,5000
0.441,170,170.225878283135,167.393152950472,173.206119856844,167.302517759899,-1,10000,5000
0.336,170,170.581913096884,167.737390341681,173.272611822416,167.724215915299,-1,10000,5000
0.261,170,170.883934278303,168.029384978845,173.535962318691,168.048247300581,-1,10000,5000
0.7925,170,168.844984802432,166.057788110262,171.722189230942,166.035049107907,-1,10000,5000
0.38,170,170.460938379028,167.620426895703,173.325005566581,167.628415656433,-1,10000,5000
0.0735,170,171.999766056924,169.108022822819,174.620121128779,169.397667254052,-1,10000,5000
0.6855,170,169.235352061662,166.435321569685,172.043506643497,166.352633195138,-1,10000,5000
0.4905,170,170.016901370134,167.1910893837,172.921221330184,167.095606042809,-1,10000,5000
0.454,170,170.163305038019,167.332650616119,172.934952810592,167.153774228868,-1,10000,5000
0.0225,170,172.829220738816,169.90967601623,175.67348727139,170.028681074002,-1,10000,5000
0.1645,170,171.339563862929,168.469855688722,174.116903512716,168.359217585454,-1,10000,5000
0.8135,170,168.626868994175,165.846830501222,171.563377005092,165.595502378254,-1,10000,5000
5e-04,170,174.329201318061,171.359048614562,176.901218596109,171.761542608232,-1,10000,5000
0.727,170,169.096831146693,166.30135801689,171.960039493988,166.124486535302,-1,10000,5000
0.123,170,171.567702238497,168.690389033775,174.278197095242,168.768875052273,-1,10000,5000
0.6965,170,169.254831862362,166.454160188826,172.146683587221,166.40684154051,-1,10000,5000
0.8585,170,168.356574476612,165.585394043562,171.477856336723,165.351771799492,-1,10000,5000
0.497,170,169.960259317304,167.136319725094,172.820390341801,166.940707829089,-1,10000,5000
0.3295,170,170.696648548251,167.848318831239,173.539609658808,167.93923411443,-1,10000,5000
0.2255,170,171.086852371501,168.225556826593,173.79022873303,168.355270618784,-1,10000,5000
0.14,170,171.516494675596,168.640889344594,174.275806768461,168.637894235403,-1,10000,5000
0.75,170,168.987662666892,166.195778627223,171.731401176595,166.113794574256,-1,10000,5000
0.2245,170,171.096220448728,168.234613262271,173.867832902523,168.084339872883,-1,10000,5000
0.826,170,168.638244907459,165.857833299609,171.482372348992,165.786745999519,-1,10000,5000
0.6375,170,169.519973145351,166.710567116007,172.312901013727,166.754170848922,-1,10000,5000
0.7365,170,169.151182146676,166.353921294633,171.924232538134,166.290064402997,-1,10000,5000
0.047,170,172.451260399851,169.544400287547,175.334332523714,169.568121921953,-1,10000,5000
0.9425,170,167.678990069058,164.929954248431,170.592934515793,164.700705841936,-1,10000,5000
0.616,170,169.568845052843,166.757827612428,172.400481360068,166.682587887097,-1,10000,5000
0.3755,170,170.469656776165,167.628856301839,173.313340389012,167.485293226079,-1,10000,5000
0.0485,170,172.194668319901,169.296404144376,174.740523875235,169.600347178793,-1,10000,5000
0.648,170,169.47802328183,166.670000066668,172.042755333543,166.787169690408,-1,10000,5000
0.189,170,171.334866362574,168.465314676361,174.142173124065,168.299172463903,-1,10000,5000
0.293,170,170.791115240874,167.939649207661,173.500243319806,167.706957327779,-1,10000,5000
0.229,170,171.034761160279,168.175198194471,173.906280969632,168.274920595285,-1,10000,5000
0.3255,170,170.593554330951,167.748645429688,173.322270756881,167.70398287727,-1,10000,5000
0.3575,170,170.516751535657,167.674389749059,173.233546279428,167.622921533076,-1,10000,5000
0.405,170,170.32098496256,167.48511057367,173.102571959513,167.353935129665,-1,10000,5000
0.101,170,171.841326472742,168.954878910038,174.481337214791,169.132135762321,-1,10000,5000
0.1045,170,171.815341895176,168.929762383396,174.492837279883,169.146430083253,-1,10000,5000
0.5895,170,169.687980477143,166.873032984124,172.578299758866,166.831943609315,-1,10000,5000
0.5415,170,169.837279614092,167.017403213415,172.541196548509,166.941239696985,-1,10000,5000
0.2365,170,170.947623248467,168.090957378857,173.522430017783,168.219425448758,-1,10000,5000
0.414,170,170.308220578016,167.472768927772,173.137785280226,167.425785036341,-1,10000,5000
0.058,170,172.188737730326,169.290672083968,174.873000059332,169.36137231146,-1,10000,5000
0.7885,170,168.854679262234,166.067164203891,171.632124223924,165.746353704432,-1,10000,5000
0.879,170,168.291402142228,165.522355449327,171.068328583713,165.336108452499,-1,10000,5000
0.7165,170,169.164918454355,166.367205696413,172.168831048527,166.254647570595,-1,10000,5000
0.938,170,167.65537338909,164.907107826162,170.655012666413,164.702138767471,-1,10000,5000
0.914,170,167.960652961947,165.202422528324,170.705452487846,165.123700904673,-1,10000,5000
0.791,170,168.777154740243,165.992185087926,171.706164417254,165.856730204553,-1,10000,5000
0.7625,170,168.913440097304,166.123994949831,171.829468478628,165.844640080038,-1,10000,5000
0.8285,170,168.55637257381,165.778645721087,171.430080734403,165.526086221689,-1,10000,5000
0.302,170,170.768947001681,167.918217111538,173.694467035869,167.772419528281,-1,10000,5000
0.25,170,170.885686550636,168.031079028377,173.629872430578,168.119346860647,-1,10000,5000
0.575,170,169.734644268507,166.918156689412,172.499035526574,167.001018888721,-1,10000,5000
0.8715,170,168.179876274511,165.414479060181,171.138786901574,165.091320508686,-1,10000,5000
0.303,170,170.794616015305,167.943033722961,173.712737717354,167.670955261432,-1,10000,5000
0.463,170,170.13608845239,167.306334552439,173.067260624074,167.166502256266,-1,10000,5000
0.5855,170,169.667249249148,166.852985834182,172.414388604315,166.80088491739,-1,10000,5000
0.8645,170,168.333333333334,165.562913907285,171.008194033584,165.329450220213,-1,10000,5000
0.1595,170,171.425926306911,168.5533403901,174.164988362031,168.75651304928,-1,10000,5000
0.1405,170,171.547097819076,168.670471872512,174.251791794342,168.693471865594,-1,10000,5000
0.577,170,169.719662970935,166.903669877893,172.570278953822,166.85365891131,-1,10000,5000
0.4535,170,170.119878454205,167.290660831568,172.942949711574,167.228565958743,-1,10000,5000
0.7935,170,168.776015204864,165.991082959023,171.751047762102,165.680320100559,-1,10000,5000
0.366,170,170.478957382819,167.637848602906,173.293930840845,167.459092304465,-1,10000,5000
0.9065,170,167.984355732368,165.225350856033,170.911121888071,164.962025636212,-1,10000,5000
0.099,170,171.884454590462,168.996565989779,174.763259364452,169.008197903683,-1,10000,5000
0.347,170,170.549326092222,167.705884128651,173.281815184307,167.722987612825,-1,10000,5000
0.455,170,170.159830095436,167.329290657671,173.027194098735,167.236625780604,-1,10000,5000
0.071,170,172.195261401328,169.296977371766,175.14303788293,169.17418607075,-1,10000,5000
0.7155,170,169.151754448291,166.354474769017,172.052151180222,166.37147030928,-1,10000,5000
0.277,170,170.791115240874,167.939649207661,173.560725285988,168.013589845718,-1,10000,5000
0.0925,170,171.896274291373,169.0079906978,174.713063628086,169.162073855216,-1,10000,5000
0.395,170,170.380770947855,167.542916117964,173.190466668628,167.499136766882,-1,10000,5000
0.9945,170,166.098000976754,163.400294774132,169.019689410653,162.987727168933,-1,10000,5000
0.805,170,168.649053446857,165.868287310413,171.516938472742,165.675406529567,-1,10000,5000
0.6535,170,169.452748459521,166.645558229291,172.294027418184,166.536567031927,-1,10000,5000
0.7625,170,168.939125145725,166.148836127403,171.913423340746,166.078821233865,-1,10000,5000
0.1665,170,171.39419121277,168.522662927711,174.149773189558,168.641176581944,-1,10000,5000
0.234,170,171.027740052888,168.168410573084,173.821124617124,168.098432648757,-1,10000,5000
0.008,170,173.537711780571,170.594316479752,176.356339006892,170.68539731379,-1,10000,5000
0.249,170,170.946454215962,168.089827203658,173.759963970215,168.136819659103,-1,10000,5000
0.518,170,169.897881161538,167.076002873707,172.673176101094,166.946236032483,-1,10000,5000
0.59,170,169.657461263328,166.843520798713,172.346867465886,166.888800485398,-1,10000,5000
0.7005,170,169.175222149282,166.377170390188,172.13609314248,166.173607081351,-1,10000,5000
0.7845,170,168.821038555828,166.034628182054,171.622421591459,165.952828690905,-1,10000,5000
0.008,170,173.391459963377,170.452995881856,176.035462243843,170.809159838149,-1,10000,5000
0.874,170,168.306698939899,165.537151502912,171.192733079435,165.272016362706,-1,10000,5000
0.7895,170,168.818188264612,166.031871478049,171.556195262791,166.003748206033,-1,10000,5000
0.246,170,170.986210293032,168.128261688277,173.787414538483,168.012436307217,-1,10000,5000
0.0295,170,172.658516369665,169.744703965236,175.409192050351,169.879873994845,-1,10000,5000
0.914,170,167.961781513622,165.203514209154,170.812947863217,164.892317770346,-1,10000,5000
0.988,170,166.528988934708,163.817337116422,169.489555943517,163.54733471122,-1,10000,5000
0.795,170,168.793679732605,166.008167601846,171.705392722379,165.772103291438,-1,10000,5000
0.608,170,169.62004702338,166.807340857456,172.471438499337,166.750164207877,-1,10000,5000
0.4775,170,170.078788373612,167.25092991517,172.887757473128,167.193471096227,-1,10000,5000
0.7585,170,168.949972289434,166.159326855335,171.626037333934,166.085067678211,-1,10000,5000
0.1675,170,171.350721458684,168.480641574283,174.033539495601,168.591912162367,-1,10000,5000
0.5295,170,169.862092162799,167.041396198806,172.75984380965,166.748722955946,-1,10000,5000
0.6175,170,169.575746886278,166.76450184108,172.525724515215,166.755071623601,-1,10000,5000
0.8335,170,168.585928411256,165.807232511482,171.459830264788,165.572361547888,-1,10000,5000
0.556,170,169.759426834859,166.942121166592,172.557698241434,166.746178844599,-1,10000,5000
0.5325,170,169.906542056075,167.084377610693,172.657574173124,167.215665012002,-1,10000,5000
0.276,170,170.869917393222,168.015833812178,173.744735289353,167.929867209595,-1,10000,5000
0.6095,170,169.566544566545,166.75560298826,172.537591159933,166.621093331839,-1,10000,5000
0.4885,170,170.060853858897,167.233588531789,173.028317259116,167.102664241079,-1,10000,5000
0.4165,170,170.294297976702,167.459307388305,173.107465273635,167.424026674927,-1,10000,5000
0.3895,170,170.389481146223,167.55133772988,173.163592273504,167.649454440119,-1,10000,5000
0.4265,170,170.259501430323,167.425663005625,172.96911795037,167.529529162344,-1,10000,5000
0.5635,170,169.758273996883,166.941006387163,172.700635693671,166.8064551306,-1,10000,5000
0.354,170,170.532455571853,167.689573062347,173.192199513458,167.628448504867,-1,10000,5000
0.2665,170,170.923661277475,168.06779182451,173.698227531116,168.023115833081,-1,10000,5000
0.057,170,172.207123887862,169.308442734805,174.827209101601,169.461155350351,-1,10000,5000
0.346,170,170.546998925447,167.703634137752,173.426103588169,167.508301731686,-1,10000,5000
0.3135,170,170.658192071111,167.811138632138,173.286015704671,167.985237123232,-1,10000,5000
0.6765,170,169.339678561147,166.536213299582,172.244675688318,166.470764620405,-1,10000,5000
0.4555,170,170.143615573101,167.313612635524,173.035554752726,167.131042155756,-1,10000,5000
0.333,170,170.595300653105,167.750333823164,173.340274612905,167.666618006722,-1,10000,5000
0.789,170,168.760632983177,165.976205651158,171.572689272083,165.809264704268,-1,10000,5000
0.685,170,169.32591385868,166.522901894698,172.023611495486,166.467906440235,-1,10000,5000
0.4205,170,170.2832775316,167.448651870904,173.004214880494,167.422721739908,-1,10000,5000
0.3935,170,170.39644994615,167.558075629013,173.160983467279,167.587126661565,-1,10000,5000
0.5535,170,169.753086419753,166.93599006397,172.548331528261,166.918761137275,-1,10000,5000
0.3295,170,170.540017806159,167.696884527279,173.009811832118,167.817113212443,-1,10000,5000
0.439,170,170.263560294654,167.429587486982,173.108514965301,167.404214911531,-1,10000,5000
0.0985,170,171.74687475309,168.863581866753,174.412763158072,169.127063367523,-1,10000,5000
0.2375,170,171.008434979512,168.149747439079,173.696905519736,168.204326100655,-1,10000,5000
0.872,170,168.340134954948,165.56949282753,171.385370668141,165.320418353944,-1,10000,5000
0.873,170,168.371316088141,165.599652903128,171.174362667426,165.428470951322,-1,10000,5000
0.423,170,170.26761935251,167.433512152324,173.232553241187,167.408002243304,-1,10000,5000
0.7235,170,169.109414586131,166.313527609709,171.797313645983,166.27246323845,-1,10000,5000
0.748,170,168.984235574063,166.192464168905,171.97216026299,166.153689132775,-1,10000,5000
0.881,170,168.120493920155,165.357038918433,171.356350822813,164.958171683771,-1,10000,5000
0.5315,170,169.84420331705,167.024098236894,172.575965670633,166.929053020752,-1,10000,5000
0.007,170,173.452819584088,170.51228711541,176.126447604387,170.665123056068,-1,10000,5000
0.7915,170,168.773166433737,165.988327700796,171.510676183686,165.944786249612,-1,10000,5000
0.4885,170,170.011697974619,167.18605802025,172.883707804177,167.037433284361,-1,10000,5000
0.5675,170,169.688556416906,166.873589918165,172.342467333771,166.887167699014,-1,10000,5000
0.9425,170,167.677865314378,164.928866180017,170.668679611978,164.573643925326,-1,10000,5000
0.2415,170,170.977438980599,168.119781982267,173.803504111318,168.207435974193,-1,10000,5000
0.82,170,168.614357262104,165.83472910897,171.510949539795,165.679671891827,-1,10000,5000
0.603,170,169.616594233138,166.804001961615,172.204696224724,166.901671205662,-1,10000,5000
0.109,170,171.721508552587,168.839062605524,174.388595484389,168.952525719257,-1,10000,5000
0.8465,170,168.493884745398,165.718206133562,171.461105815317,165.548039517812,-1,10000,5000
0.3645,170,170.490003171432,167.648528213571,173.418672603584,167.580907366401,-1,10000,5000
0.5025,170,169.963148304279,167.139113226721,172.853417692566,166.948368371482,-1,10000,5000
0.405,170,170.339554756016,167.503065306095,173.149178219001,167.410901493126,-1,10000,5000
0.3445,170,170.545253592043,167.701946684197,173.231325664407,167.709972902813,-1,10000,5000
0.715,170,169.121427798225,166.325145700828,171.983493522079,166.298542224695,-1,10000,5000
0.66,170,169.345988131047,166.542315071413,172.342936163114,166.259430273857,-1,10000,5000
0.2255,170,171.061095447952,168.200656655364,173.803975187152,168.353127785073,-1,10000,5000
0.2775,170,170.835468990262,167.982529816899,173.730945393439,167.993130729188,-1,10000,5000
0.69,170,169.200414244039,166.401533556533,172.041802981059,166.04262379859,-1,10000,5000
0.9115,170,168.04872555907,165.287616982311,170.88310676765,165.263558334665,-1,10000,5000
0.8005,170,168.783992275673,165.998798168701,171.631041806062,165.817611115717,-1,10000,5000
0.003,170,173.597366611805,170.651958743182,176.347574249675,170.91487883319,-1,10000,5000
0.448,170,170.155197059425,167.324810922964,172.873022351764,167.374353364645,-1,10000,5000
0.0895,170,171.875,168.987427335406,174.683327573607,169.126825868161,-1,10000,5000
0.4735,170,170.103671544594,167.274990047138,173.110206013424,167.079647217639,-1,10000,5000
0.441,170,170.191109688928,167.359535142155,172.87801579622,167.265848278867,-1,10000,5000
0.653,170,169.423462074154,166.61723688639,172.258177628627,166.478676606678,-1,10000,5000
0.2795,170,170.817958179582,167.965600644988,173.511136501128,168.007614307531,-1,10000,5000
0.109,170,171.800581431311,168.915494956183,174.507430343582,169.007685893708,-1,10000,5000
0.369,170,170.437693679198,167.597952623411,173.082369383114,167.46432549837,-1,10000,5000
0.2445,170,170.975100115933,168.11752087179,173.804296437227,168.1728667787,-1,10000,5000
0.7235,170,169.154616014454,166.357242196182,172.014425859285,166.289252542173,-1,10000,5000
0.626,170,169.512501101942,166.703341401775,172.221832630321,166.558648927839,-1,10000,5000
0.254,170,170.910222137139,168.054799308959,173.640917460839,168.09254454199,-1,10000,5000
0.2505,170,170.974515409765,168.116955603674,173.874579075191,167.901238402162,-1,10000,5000
0.649,170,169.421165530867,166.615016011703,172.243612424195,166.422337278008,-1,10000,5000
0.0685,170,172.185772588728,169.287806199319,174.923446858369,169.274437770103,-1,10000,5000
0.733,170,169.076815897516,166.282000971087,171.970589023485,166.171974777448,-1,10000,5000
0.5765,170,169.754815576902,166.937662138204,172.658653687738,167.001037701758,-1,10000,5000
0.1275,170,171.679641222344,168.79859289493,174.635392238214,168.866787106021,-1,10000,5000
0.902,170,167.986613487987,165.227534838226,170.998277698183,165.054659287081,-1,10000,5000
0.8635,170,168.323131931399,165.553046507162,171.16030041934,165.251248854026,-1,10000,5000
0.7655,170,168.931133404742,166.141106964967,171.791630327072,166.100864787746,-1,10000,5000
0.324,170,170.655861932428,167.808885816122,173.508481752392,167.819599636719,-1,10000,5000
0.319,170,170.641300007168,167.79480708631,173.512269019666,167.808806503832,-1,10000,5000
0.058,170,172.180435591189,169.282647851465,174.897157658734,169.445906722982,-1,10000,5000
0.3905,170,170.374384035006,167.536740807259,173.246500804962,167.306332881949,-1,10000,5000
0.3665,170,170.492910195814,167.651338863592,173.31043685298,167.468369835173,-1,10000,5000
0.039,170,172.453044963006,169.546125023313,175.104707309448,169.698073406835,-1,10000,5000
0.722,170,169.079103114749,166.28421297682,172.003516125405,165.990802826318,-1,10000,5000
0.7645,170,168.87178984844,166.083712834617,171.719713152981,165.876457890804,-1,10000,5000
0.7545,170,168.970528592673,166.179207657538,171.9331222753,166.108688473293,-1,10000,5000
0.27,170,170.914896381028,168.059318216958,173.833675850083,168.085915578526,-1,10000,5000
0.0365,170,172.452450104517,169.545550107492,175.109888345341,169.843312339719,-1,10000,5000
0.326,170,170.669843719063,167.822403619594,173.470264809624,167.901203020902,-1,10000,5000
0.6175,170,169.574596541689,166.763389432538,172.364223747294,166.913770726265,-1,10000,5000
0.3205,170,170.684993240199,167.837050364542,173.54940344211,167.582568989765,-1,10000,5000
0.669,170,169.299537766039,166.497394315779,172.339552119255,166.114144442092,-1,10000,5000
0.3495,170,170.617423828765,167.771723082705,173.515843065923,167.528590786636,-1,10000,5000
0.685,170,169.276608711846,166.475220163479,172.136015652874,166.312211981397,-1,10000,5000
0.356,170,170.568527641689,167.724448857461,173.421265882341,167.593137940052,-1,10000,5000
0.4375,170,170.185895624764,167.354493635509,172.926064216575,167.386063328634,-1,10000,5000
0.2205,170,171.094463856102,168.232915106306,173.80523503927,168.169327373445,-1,10000,5000
0.433,170,170.216025739237,167.383626533652,173.055607568738,167.172273692888,-1,10000,5000
0.3625,170,170.458032444818,167.617617282047,173.16717658415,167.6016632091,-1,10000,5000
0.9765,170,167.043666240106,164.315314515943,169.971059767954,164.07817473872,-1,10000,5000
0.4505,170,170.211389642623,167.379143889155,172.932063946751,167.430307776513,-1,10000,5000
0.5005,170,170.007651109411,167.18214494692,172.726858442541,167.135313021518,-1,10000,5000
0.076,170,171.94711753417,169.057134549192,174.546101472363,169.29606159861,-1,10000,5000
0.99,170,166.472983727304,163.763146086552,169.178261707363,163.477617958244,-1,10000,5000
0.6475,170,169.435519947945,166.628897449911,172.383289819294,166.431708207417,-1,10000,5000
0.0565,170,172.365644780936,169.461654216884,175.229835448755,169.308939560369,-1,10000,5000
0.7215,170,169.121999898517,166.32569898375,171.917837719652,166.214518512235,-1,10000,5000
0.767,170,168.900315199509,166.111301216267,171.727559785092,166.028082755415,-1,10000,5000
0.462,170,170.14303654017,167.313052760498,173.050137019493,167.261869306648,-1,10000,5000
0.711,170,169.182664487376,166.384367855871,172.072196115554,166.281983702196,-1,10000,5000
0.9395,170,167.769582346191,165.017590875187,170.560636050018,164.942130463584,-1,10000,5000
0.4935,170,169.978750531237,167.154199749269,172.84681292738,167.169493267786,-1,10000,5000
0.8095,170,168.79709910056,166.011474713132,171.524909898461,165.963549467219,-1,10000,5000
0.0295,170,172.619766940009,169.707254985151,175.258884119327,169.83062430356,-1,10000,5000
0.172,170,171.377153140801,168.506192602578,174.06075123115,168.462764508948,-1,10000,5000
0.352,170,170.508028320806,167.665955763014,173.458426754229,167.602125241239,-1,10000,5000
0.9545,170,167.359044485136,164.620434663796,170.454984586607,164.224586165338,-1,10000,5000
0.4,170,170.339554756016,167.503065306095,173.283563889388,167.345170736261,-1,10000,5000
0.5015,170,169.997823810237,167.172642531395,172.963733844925,167.027577730726,-1,10000,5000
0.007,170,173.632334963326,170.685747057378,176.433718173283,170.758595559515,-1,10000,5000
0.2045,170,171.1583098823,168.294636786515,173.99104630245,168.520812420862,-1,10000,5000
0.487,170,169.994355622956,167.16928899558,172.873660621662,166.994259361014,-1,10000,5000
0.0985,170,171.86141084829,168.974292251177,174.662577585627,168.915505937366,-1,10000,5000
0.484,170,170.004760609358,167.179350006687,172.71797435189,167.123706309563,-1,10000,5000
0.5,170,169.986841702623,167.162023462862,172.794771425672,167.095297070714,-1,10000,5000
0.279,170,170.845393376687,167.992124529202,173.602486655913,168.123893563536,-1,10000,5000
0.0685,170,172.046526033243,169.153218985757,174.697672989961,169.172462636252,-1,10000,5000
0.1285,170,171.522967506871,168.647146321637,174.055534335361,168.818136058568,-1,10000,5000
0.753,170,168.923713179395,166.133930529436,171.739921810994,165.989715733337,-1,10000,5000
0.184,170,171.263848066923,168.396661704578,173.975117045141,168.437632555066,-1,10000,5000
0.232,170,171.031835628811,168.172369952306,173.916809315646,168.081756644631,-1,10000,5000
0.739,170,169.031084544281,166.23777321178,171.909832142278,166.044482794623,-1,10000,5000
0.7895,170,168.753797340175,165.969594370311,171.654105945383,165.829071761552,-1,10000,5000
0.3775,170,170.417940668174,167.578854229858,173.288892449413,167.507601530735,-1,10000,5000
0.13,170,171.601857604268,168.723404973291,174.376721954337,168.911897980198,-1,10000,5000
0.7075,170,169.23420633067,166.434213548411,172.037104035181,166.5073096522,-1,10000,5000
0.2965,170,170.749700304307,167.899609465508,173.539061942855,168.007418167738,-1,10000,5000
0.473,170,170.030200383627,167.203948688452,172.68425965787,167.181845327777,-1,10000,5000
0.7235,170,169.120855701804,166.324592421586,171.929510804234,166.130998504209,-1,10000,5000
0.3265,170,170.636058322412,167.789739321861,173.389027822871,167.646191404195,-1,10000,5000
0.397,170,170.36973930823,167.532249958117,173.174963707321,167.443782610574,-1,10000,5000
0.718,170,169.077959498397,166.283106966597,171.867301056177,166.112721952045,-1,10000,5000
0.1935,170,171.242730019113,168.376246826108,174.027895798588,168.294129268704,-1,10000,5000
0.124,170,171.610693101934,168.731945681812,174.242222506264,168.703746660145,-1,10000,5000
0.027,170,172.681774379061,169.767181287582,175.368822027341,169.939021309081,-1,10000,5000
0.675,170,169.303550989171,166.50127539977,172.362459711517,166.314420940908,-1,10000,5000
0.652,170,169.373526302952,166.568946218219,172.387346931487,166.444378569357,-1,10000,5000
0.0395,170,172.404280191871,169.49899487096,174.954388740239,169.720963400217,-1,10000,5000
0.889,170,168.148200466154,165.383839352754,171.126837654261,165.174837828212,-1,10000,5000
0.9085,170,168.112014149722,165.348836440238,170.915319702645,165.369672145872,-1,10000,5000
0.168,170,171.403005338024,168.531183324851,174.05942471021,168.593004911836,-1,10000,5000
0.4435,170,170.200379925241,167.368498570673,172.897057969719,167.351885492717,-1,10000,5000
0.39,170,170.431883494749,167.592334996967,173.266730569583,167.652855308263,-1,10000,5000
0.1405,170,171.539446009422,168.663075267584,174.234617480831,168.831640152107,-1,10000,5000
0.429,170,170.257182166161,167.423420527451,173.005860047804,167.389116787059,-1,10000,5000
0.41,170,170.359870104646,167.522707703029,173.184561194334,167.654273124809,-1,10000,5000
0.957,170,167.478460116041,164.735961201386,170.490741240414,164.396690257702,-1,10000,5000
0.7095,170,169.159194721706,166.36167027117,172.024247660185,166.105824352031,-1,10000,5000
0.4385,170,170.18705427808,167.35561394407,172.969894244991,167.339758767283,-1,10000,5000
0.4015,170,170.366836482596,167.52944329966,173.150116287589,167.430531181588,-1,10000,5000
0.794,170,168.783992275673,165.998798168701,171.699123052878,165.811710415162,-1,10000,5000
0.4,170,170.359870104646,167.522707703029,173.189204969528,167.47863259584,-1,10000,5000
0.385,170,170.425492749375,167.586156042822,173.227897969434,167.544861917215,-1,10000,5000
0.053,170,172.262305927106,169.361777079255,174.952551912876,169.41405969186,-1,10000,5000
0.065,170,172.138344207827,169.2419652377,174.741391136375,169.378948573144,-1,10000,5000
0.5355,170,169.858629511472,167.038047926557,172.549385626143,167.112876335286,-1,10000,5000
0.39,170,170.359289598866,167.522146427758,173.188628201264,167.430873445899,-1,10000,5000
0.6115,170,169.539518527436,166.729468099651,172.448866525692,166.596868824908,-1,10000,5000
0.2885,170,170.767197122627,167.916525336925,173.443029099603,167.934803742179,-1,10000,5000
0.3625,170,170.466169310294,167.62548443765,173.491463665792,167.374837165816,-1,10000,5000
0.64,170,169.479746839735,166.671666816671,172.269742726414,166.582347639424,-1,10000,5000
0.801,170,168.762341980456,165.977858553669,171.382113020011,165.930792349666,-1,10000,5000
0.3295,170,170.613930314303,167.768345468577,173.48805228396,167.781284523841,-1,10000,5000
0.128,170,171.627777644277,168.748460170301,174.329406770317,168.841171020725,-1,10000,5000
0.0075,170,173.42995504246,170.490193404075,176.105936938035,170.640684312596,-1,10000,5000
0.598,170,169.649977094963,166.836283554948,172.39775953906,166.891375231605,-1,10000,5000
0.536,170,169.848242404477,167.028003915136,172.641083698313,166.77015304497,-1,10000,5000
0.065,170,172.090349584877,169.195576550847,174.763211038603,169.431966048933,-1,10000,5000
0.4005,170,170.366255929339,167.528881979253,173.284097622325,167.523420760579,-1,10000,5000
1,170,164.30050280982,161.660577451583,167.284795366468,161.21940319712,-1,10000,5000
0.8765,170,168.265347334411,165.497153448961,171.09198064432,165.400718706065,-1,10000,5000
0.305,170,170.764280737229,167.913705788321,173.702080674008,167.726649612486,-1,10000,5000
0.545,170,169.80612993506,166.987282248584,172.610080561474,166.912556945649,-1,10000,5000
0.71,170,169.209576866061,166.410394658892,172.222783890631,166.343459051416,-1,10000,5000
0.1485,170,171.508257233227,168.632926590714,174.295989109918,168.728931243836,-1,10000,5000
0.7,170,169.218167725515,166.418702799495,171.98049650873,166.426510899386,-1,10000,5000
0.028,170,172.771286687333,169.853688033128,175.464501104982,169.919156871779,-1,10000,5000
0.0375,170,172.643610684256,169.730298555595,175.47724616079,169.685262866906,-1,10000,5000
0.7865,170,168.850117024834,166.062751792647,171.824008892551,165.838226329885,-1,10000,5000
0.173,170,171.354832518174,168.484615669743,174.145022975528,168.43792367199,-1,10000,5000
0.224,170,171.113788358992,168.251596707653,173.919142558036,168.265600773574,-1,10000,5000
0.5055,170,170.001870207593,167.176555159904,172.760955552696,166.9752448587,-1,10000,5000
0.55,170,169.804976462677,166.986166865937,172.605782617838,166.901364153698,-1,10000,5000
0.507,170,169.979906365705,167.155317377801,172.89766287923,167.176247617577,-1,10000,5000
0.1555,170,171.362467866324,168.49199663016,174.099067157898,168.617439729534,-1,10000,5000
0.56,170,169.752510041866,166.935432713335,172.440632542265,166.934125234203,-1,10000,5000
0.407,170,170.31692335994,167.481183489035,173.102437019046,167.46647825904,-1,10000,5000
0.449,170,170.154038839842,167.323691026765,173.147393963927,167.132818199473,-1,10000,5000
0.886,170,168.291402142228,165.522355449327,171.094096299647,165.366989247621,-1,10000,5000
0.065,170,172.102790065234,169.207600805428,174.955690974297,169.366954187792,-1,10000,5000
0.278,170,170.81328923632,167.961086775416,173.674154878733,167.872069242724,-1,10000,5000
1,170,165.188085443823,162.519705514294,168.142136276099,162.13579901733,-1,10000,5000
0.486,170,170.046393295421,167.219606164384,173.042250768763,166.933207630276,-1,10000,5000
0.6555,170,169.394185810124,166.588925168255,172.175702797306,166.532547824249,-1,10000,5000
0.04,170,172.450070711601,169.543250483198,175.370172966717,169.714312187905,-1,10000,5000
0.6945,170,169.253112876034,166.452497786182,172.157600455665,166.323627992509,-1,10000,5000
0.2485,170,170.869333406245,168.015269227667,173.641566903307,168.139908091091,-1,10000,5000
0.412,170,170.293717917713,167.45874653779,173.165674383998,167.208500293187,-1,10000,5000
0.225,170,171.096220448728,168.234613262271,173.844168295558,168.301225823493,-1,10000,5000
0.8915,170,168.12840914441,165.364695299012,171.024477721935,165.142425338029,-1,10000,5000
0.4345,170,170.210230657929,167.378023265545,172.974591992504,167.349728791123,-1,10000,5000
0.5485,170,169.841895353341,167.021866502763,172.526128859535,167.172852211492,-1,10000,5000
0.2155,170,171.056413204139,168.196130143438,173.786125443509,168.177837359058,-1,10000,5000
0.245,170,170.969837904385,168.112433595589,173.701325199936,168.057655038734,-1,10000,5000
0.3355,170,170.585987348078,167.741329450681,173.358604828824,167.799224492523,-1,10000,5000
0.751,170,169.048802507583,166.254908676179,171.675926908043,166.241301647925,-1,10000,5000
0.4165,170,170.306480128356,167.471086116982,173.101409296627,167.511269931148,-1,10000,5000
0.1065,170,171.785823503339,168.901229938756,174.602459149774,168.960792443776,-1,10000,5000
0.5745,170,169.720815284549,166.904784158733,172.597629686151,166.901395906142,-1,10000,5000
0.0705,170,172.066066210761,169.17210554986,174.792847478558,169.2653872176,-1,10000,5000
0.575,170,169.683949008268,166.869134549921,172.500383941314,166.840570793857,-1,10000,5000
0.062,170,172.164426583469,169.26717469388,174.86192573753,169.383501944927,-1,10000,5000
0.198,170,171.160067786166,168.296336188761,173.940148207378,168.3886160909,-1,10000,5000
0.9655,170,167.176606309877,164.443932841098,170.176622414548,164.182911608426,-1,10000,5000
0.227,170,171.115545348444,168.253295240787,173.921678453024,168.107828438286,-1,10000,5000
0.2645,170,170.863493756024,168.009623591239,173.571528939837,168.030818467312,-1,10000,5000
0.6745,170,169.296671294572,166.494622223702,172.154354566725,166.352505770534,-1,10000,5000
0.98,170,166.797337648256,164.076984921325,169.842937301823,163.693624321965,-1,10000,5000
0.566,170,169.746170143416,166.929302101974,172.524890204959,166.855054531876,-1,10000,5000
0.391,170,170.383093580346,167.545161798363,173.22456750334,167.50014015371,-1,10000,5000
0.9315,170,167.819140008728,165.065531015813,170.827236139542,164.776320732312,-1,10000,5000
0.12,170,171.694380911171,168.812840579906,174.587043907736,168.85689242428,-1,10000,5000
0.813,170,168.655880606683,165.874890522572,171.559654106213,165.697684509334,-1,10000,5000
0.544,170,169.821703346162,167.002341372826,172.707157169693,166.733373076782,-1,10000,5000
0.7935,170,168.842133702572,166.055030637153,171.71331528437,165.876273299424,-1,10000,5000
0.3055,170,170.725210781351,167.875932970497,173.47902292235,167.835763544458,-1,10000,5000
0.9195,170,167.895222903199,165.139129716786,170.802213597246,164.865739249114,-1,10000,5000
0.0555,170,172.195261401328,169.296977371766,174.81281870924,169.35871606316,-1,10000,5000
0.267,170,170.892111856656,168.037290835582,173.742672037365,168.121731797161,-1,10000,5000
0.6185,170,169.536069014864,166.726132320528,172.138048875198,166.588479625189,-1,10000,5000
0.2465,170,170.975100115933,168.11752087179,173.754286030355,168.268694857043,-1,10000,5000
0.8705,170,168.333333333334,165.562913907285,171.183205238502,165.369828968011,-1,10000,5000
0.0135,170,173.135062317541,170.205233470519,175.817209078318,170.348987217714,-1,10000,5000
0.9005,170,168.074148283119,165.312208637232,171.046645648583,165.018382880506,-1,10000,5000
0.911,170,168.117101909329,165.3537578295,170.749747799772,165.101214622201,-1,10000,5000
0.077,170,172.007458989321,169.115458505831,174.88727926841,169.121589477451,-1,10000,5000
0.0425,170,172.570312176399,169.659459532826,175.341874032126,169.625286015801,-1,10000,5000
0.7845,170,168.808497994355,166.022499369115,171.540935314235,165.745239852953,-1,10000,5000
0.1065,170,171.738025227404,168.855027827309,174.528858795666,168.994033687353,-1,10000,5000
0.6225,170,169.533769417797,166.723908541933,172.578665780069,166.516522213815,-1,10000,5000
0.072,170,172.090349584877,169.195576550847,174.832572011926,169.270009093455,-1,10000,5000
0.622,170,169.486641421932,166.678334150057,172.438692721339,166.559897519937,-1,10000,5000
0.8015,170,168.736710655102,165.953068472236,171.640895826547,165.728860691791,-1,10000,5000
0.278,170,170.814456448208,167.962215220064,173.494000677648,168.071684654141,-1,10000,5000
0.468,170,170.110038176511,167.281146076588,172.863491968517,167.142310542453,-1,10000,5000
0.8655,170,168.453576290147,165.679218524262,171.350089824327,165.504943480445,-1,10000,5000
0.049,170,172.245688259249,169.345715892079,174.854450383697,169.541639124089,-1,10000,5000
0.9245,170,167.984355732368,165.225350856033,170.662593848211,165.144561262549,-1,10000,5000
0.874,170,168.39910537449,165.626532045421,171.324013820763,165.335957391709,-1,10000,5000
0.0575,170,172.322868842289,169.420311462301,175.09165462195,169.584644516306,-1,10000,5000
0.9125,170,168.139152426659,165.375087235359,170.875569092756,165.205200963356,-1,10000,5000
0.6765,170,169.340252138982,166.536767987636,172.317843399176,166.573496310084,-1,10000,5000
0.086,170,171.869682249931,168.982287276648,174.648344358288,169.086369756739,-1,10000,5000
0.838,170,168.571149197016,165.792937884018,171.365538153184,165.56537060226,-1,10000,5000
0.2355,170,170.994397663299,168.136176852356,173.649366174643,168.164781373104,-1,10000,5000
0.2335,170,171.044708715942,168.18481492943,173.901503014192,168.317114706315,-1,10000,5000
0.141,170,171.547686448094,168.671040868993,174.35786236092,168.629145984868,-1,10000,5000
0.195,170,171.190543858268,168.325797948445,173.970150796907,168.451391782573,-1,10000,5000
0.458,170,170.12682521804,167.297377780901,172.875619562979,167.19001316609,-1,10000,5000
0.6785,170,169.272596765893,166.471340294055,172.232934233762,166.357067730241,-1,10000,5000
0.0295,170,172.828623282344,169.909098632232,175.639735208423,169.918371056477,-1,10000,5000
0.119,170,171.740974967968,168.857879077496,174.541727035859,168.903672467659,-1,10000,5000
0.2365,170,171.000831147155,168.142396432691,173.865590993436,168.004007799995,-1,10000,5000
0.515,170,169.917513790186,167.094986816206,172.818450466479,166.781477489093,-1,10000,5000
0.179,170,171.294361110921,168.426158603545,174.038658785378,168.554127615214,-1,10000,5000
0.287,170,170.730457944883,167.881005942988,173.40234090539,167.960421373517,-1,10000,5000
0.216,170,171.180579333014,168.316165084495,173.996707063182,168.212566202793,-1,10000,5000
0.583,170,169.704684317719,166.889185580774,172.5213995861,166.920733334892,-1,10000,5000
0.1455,170,171.519436811067,168.643733367512,174.294923766007,168.640339439273,-1,10000,5000
0.5235,170,169.896726442313,167.07488630554,172.688745329001,166.947851561347,-1,10000,5000
0.364,170,170.474306952638,167.63335233178,173.207913186916,167.565299631403,-1,10000,5000
0.5255,170,169.89903589646,167.077119456799,172.754229040937,166.956978797937,-1,10000,5000
0.4825,170,170.038874774251,167.21233625732,172.665340019451,167.195060495247,-1,10000,5000
0.7495,170,168.97224184374,166.180864605802,171.558156586595,166.080685771523,-1,10000,5000
0.0215,170,172.836988048856,169.917182365315,175.615373367057,170.082780382118,-1,10000,5000
0.5905,170,169.661491473658,166.847418036206,172.315438167007,166.693539966603,-1,10000,5000
0.44,170,170.20617433579,167.374101201077,173.110037307452,167.003960881687,-1,10000,5000
0.882,170,168.251756724013,165.484007625503,171.156535655534,165.440289057302,-1,10000,5000
0.806,170,168.69002469869,165.907914471152,171.579957982137,165.759254622306,-1,10000,5000
0.051,170,172.233820459291,169.334245480469,175.083764071623,169.512766937166,-1,10000,5000
0.552,170,169.78018059626,166.962189742511,172.58094828261,166.950261906194,-1,10000,5000
0.089,170,171.802942935101,168.917777582584,174.471601278375,169.075928546846,-1,10000,5000
0.415,170,170.2832775316,167.448651870904,173.043751565503,167.424879740476,-1,10000,5000
0.0195,170,172.834000539296,169.914295229486,175.575625394408,170.147513482065,-1,10000,5000
0.632,170,169.449302476919,166.642225806882,172.322164309173,166.407391774095,-1,10000,5000
0.195,170,171.205785964516,168.340532696782,173.940816856807,168.275333459441,-1,10000,5000
0.541,170,169.86959505834,167.04865124919,172.594966725581,166.94988730162,-1,10000,5000
0.5275,170,169.888643847208,167.067070746222,172.734696388643,166.917509580175,-1,10000,5000
0.921,170,167.851819024214,165.097143159035,170.844339098032,164.762467616065,-1,10000,5000
0.984,170,166.747825390896,164.029079075138,169.659097647018,163.822395842961,-1,10000,5000
0.3105,170,170.704225352113,167.855644146034,173.377690744312,168.025030480837,-1,10000,5000
0.5465,170,169.848819432649,167.028561884082,172.662422755164,167.013792142063,-1,10000,5000
0.625,170,169.502730962092,166.693893335912,172.338772687507,166.675419966483,-1,10000,5000
0.57,170,169.748475506241,166.931531363096,172.504775289582,166.98215820067,-1,10000,5000
0.3705,170,170.456870098875,167.616493462957,173.238367298624,167.503561061562,-1,10000,5000
0.012,170,173.184241429121,170.252757243404,175.853992413892,170.478098722944,-1,10000,5000
0.8415,170,168.545007703278,165.767653426252,171.323695684575,165.575774864749,-1,10000,5000
0.1315,170,171.641919148571,168.762129778078,174.473616328009,168.758321373745,-1,10000,5000
0.1225,170,171.64545488878,168.765547526066,174.420645398944,168.712803241564,-1,10000,5000
0.072,170,172.135380801543,169.239101001895,174.988789286749,169.305870190782,-1,10000,5000
0.2055,170,171.168857847166,168.304833714824,173.953362081544,168.235844724187,-1,10000,5000
0.402,170,170.398192235201,167.559760188471,173.117830998707,167.488470423998,-1,10000,5000
0.0275,170,172.803533840044,169.884852047282,175.522947679445,169.916729078265,-1,10000,5000
0.876,170,168.229676663874,165.462650115989,171.136471967447,165.24903486128,-1,10000,5000
0.8315,170,168.671243737454,165.889749672368,171.430999464496,165.678684727263,-1,10000,5000
0.582,170,169.667825048191,166.853542634417,172.617169433235,166.655854407737,-1,10000,5000
0.0375,170,172.577460510329,169.666368053859,175.354332350591,169.750462626016,-1,10000,5000
0.265,170,170.893864296702,168.03898504453,173.614846822601,167.911596032604,-1,10000,5000
0.644,170,169.475725259155,166.667777785185,172.334308207932,166.517913047715,-1,10000,5000
0.4395,170,170.170834567196,167.339930989012,172.961558131933,167.140479616888,-1,10000,5000
0.6475,170,169.424610369146,166.618347345936,172.318032127304,166.381912004703,-1,10000,5000
0.523,170,169.887489253542,167.065954297438,172.648208131256,167.080586882789,-1,10000,5000
0.4485,170,170.144773650788,167.314732396817,172.822604623893,167.340352934247,-1,10000,5000
0.564,170,169.757121174566,166.939891622622,172.458257362065,166.971290384677,-1,10000,5000
0.7495,170,169.000801143912,166.20848527559,171.818651522492,166.121684307764,-1,10000,5000
0.1025,170,171.730356376128,168.847615027438,174.478689965454,169.044253879418,-1,10000,5000
0.326,170,170.621499776464,167.775663804414,173.250673270804,167.762114145623,-1,10000,5000
0.783,170,168.803938252097,166.018089331014,171.672400842687,165.819662309609,-1,10000,5000
0.5915,170,169.657461263328,166.843520798713,172.383034362695,166.769177168651,-1,10000,5000
0.235,170,171.026569924365,168.167279356121,173.753603936469,168.067645746003,-1,10000,5000
0.5935,170,169.5699953194,166.758939946771,172.323244452462,166.6486258896,-1,10000,5000
0.449,170,170.190530332688,167.35897495975,173.098831469044,167.135486761197,-1,10000,5000
0.1365,170,171.530029334569,168.653972644326,174.141721773901,168.84176941196,-1,10000,5000
0.9495,170,167.539635464316,164.795143157541,170.461490125984,164.556406965614,-1,10000,5000
0.8315,170,168.573422753619,165.795136897045,171.337917620502,165.715022182761,-1,10000,5000
0.803,170,168.769748035324,165.985021511659,171.649089270691,165.790112455879,-1,10000,5000
0.8575,170,168.445062886831,165.670984052511,171.246908019407,165.644762136549,-1,10000,5000
0.868,170,168.38265754615,165.610622927797,171.180754043943,165.517205473528,-1,10000,5000
0.4915,170,170.03367003367,167.207303615022,173.050282800244,166.980335871356,-1,10000,5000
0.3365,170,170.553980616308,167.710384291575,173.187502831393,167.662315556264,-1,10000,5000
0.892,170,168.162905607449,165.398063519472,171.150122903467,165.342776377139,-1,10000,5000
0.6375,170,169.460789630675,166.653334399915,172.229361362608,166.694345434111,-1,10000,5000
0.0985,170,171.854321709091,168.967439974317,174.609746690861,169.239686563684,-1,10000,5000
0.14,170,171.586544896678,168.708603126508,174.512087084531,168.692281353097,-1,10000,5000
0.289,170,170.755532178683,167.905247710612,173.48596583207,167.835674446833,-1,10000,5000
0.8375,170,168.568307337501,165.790189199764,171.294531703691,165.617310422228,-1,10000,5000
0.57,170,169.743864843209,166.927072900391,172.6952453797,166.99243714315,-1,10000,5000
0.388,170,170.387158339582,167.549091883922,173.162764479728,167.583579250077,-1,10000,5000
0.2425,170,170.941193767545,168.084741603327,173.674836089971,168.062714649998,-1,10000,5000
0.244,170,170.993227990971,168.135046069003,173.638773265055,168.325047988394,-1,10000,5000
0.8315,170,168.633125556545,165.852881859675,171.504228144402,165.825705551178,-1,10000,5000
0.6165,170,169.563093954132,166.752266163297,172.551326675427,166.479353479945,-1,10000,5000
0.16,170,171.416522090943,168.544249607292,174.161342733543,168.611190390823,-1,10000,5000
0.8815,170,168.220619854038,165.453889655492,171.106479898721,165.230244367494,-1,10000,5000
0.984,170,166.893107626777,164.169646345748,169.649160069806,163.671543374521,-1,10000,5000
0.3105,170,170.679166183028,167.831416698555,173.465414826262,167.735669535472,-1,10000,5000
0.197,170,171.243316561228,168.376813839227,173.997553360443,168.471829353061,-1,10000,5000
0.9865,170,166.759505408552,164.040380179985,169.699809584035,163.86686577083,-1,10000,5000
0.1895,170,171.284384496528,168.416514249721,174.046155685414,168.650084372454,-1,10000,5000
0.59,170,169.667249249148,166.852985834182,172.378362911376,166.841180890439,-1,10000,5000
0.032,170,172.627515434444,169.714743459194,175.31346398678,169.858427476154,-1,10000,5000
0.8915,170,168.244962242055,165.477435496896,171.125094529647,165.304788976827,-1,10000,5000
0.927,170,167.813506981741,165.060081869801,170.684487906812,164.875954962438,-1,10000,5000
0.363,170,170.434207520992,167.594582002353,173.245300816354,167.678511021988,-1,10000,5000
0.29,170,170.77128022954,167.920472864052,173.571285003025,168.041002252261,-1,10000,5000
0.499,170,170.034248322445,167.207862782539,173.01575812217,167.100563122726,-1,10000,5000
0.0835,170,172.008642578461,169.116602515102,174.864299114446,169.195682757314,-1,10000,5000
0.815,170,168.700270622297,165.91782422002,171.492875887514,165.846095335115,-1,10000,5000
0.2645,170,170.893864296702,168.03898504453,173.683760016336,168.013331707266,-1,10000,5000
0.0195,170,172.796366765862,169.877925722576,175.483793697084,170.15525743386,-1,10000,5000
0.8785,170,168.227978437747,165.461007458982,171.3206668362,165.182343429834,-1,10000,5000
0.7165,170,169.131726195712,166.335105356656,172.138378595911,165.92915657493,-1,10000,5000
0.646,170,169.444708051463,166.637782784317,172.470951407349,166.532595702995,-1,10000,5000
0.2685,170,170.887438858905,168.032773112068,173.572630702018,168.08515794215,-1,10000,5000
0.3675,170,170.480701359549,167.639534766763,173.199371975666,167.535530252274,-1,10000,5000
0.3915,170,170.383093580346,167.545161798363,173.052536736213,167.539148712861,-1,10000,5000
0.0175,170,173.167445420822,170.2365266301,176.109134114668,170.287248918213,-1,10000,5000
0.657,170,169.385003184757,166.580045043244,172.008917351343,166.461933206434,-1,10000,5000
0.27,170,170.865829568213,168.011881800281,173.614957093084,167.945521361182,-1,10000,5000
0.9655,170,167.325437014081,164.587921221637,170.239455582302,164.420816929342,-1,10000,5000
0.402,170,170.32098496256,167.48511057367,173.14580919077,167.391981234176,-1,10000,5000
0.6485,170,169.438391123252,166.631674015123,172.301639772627,166.485175080312,-1,10000,5000
0.437,170,170.2235599349,167.390911343078,173.000344076126,167.403098131749,-1,10000,5000
0.71,170,169.22733227048,166.427565730567,172.150966021272,166.547861800196,-1,10000,5000
0.4255,170,170.298358500271,167.463233447097,173.318992749342,167.355678612273,-1,10000,5000
0.6055,170,169.598181725665,166.786196774355,172.357473988044,166.771461517856,-1,10000,5000
0.198,170,171.2480090428,168.381350081665,174.059541330475,168.332615562015,-1,10000,5000
0.4055,170,170.381351600041,167.54347753242,173.105255052847,167.644903223031,-1,10000,5000
0.233,170,171.041197681818,168.181420662097,173.832526552806,168.209475071908,-1,10000,5000
0.4405,170,170.200379925241,167.368498570673,172.816627278242,167.349770928854,-1,10000,5000
0.021,170,172.715181455444,169.799466829674,175.244753738115,170.084163139109,-1,10000,5000
0.454,170,170.099041566157,167.270513219389,172.990506707491,167.05603309456,-1,10000,5000
0.8595,170,168.39910537449,165.626532045421,171.295814266288,165.391402377497,-1,10000,5000
0.45,170,170.171413789348,167.340491043937,173.040067292406,167.343925741214,-1,10000,5000
0.22,170,171.111445762515,168.249332050152,173.871105694196,168.300779623169,-1,10000,5000
0.3285,170,170.547580711187,167.704196629816,173.212098603221,167.555206837157,-1,10000,5000
0.2865,170,170.815040060133,167.962779448074,173.583558331369,168.044907261692,-1,10000,5000
0.6655,170,169.383855426586,166.578935094184,172.139861896393,166.514446533052,-1,10000,5000
0.5345,170,169.861515044441,167.040838144109,172.709864096384,166.922544026058,-1,10000,5000
0.1845,170,171.309621710527,168.440910928446,174.103100158521,168.45986847613,-1,10000,5000
0,170,174.591589431264,171.612540071528,177.169199192984,171.957008468904,-1,10000,5000
0.413,170,170.341876264915,167.505309918324,173.327965526604,167.117779234835,-1,10000,5000
0.3135,170,170.676835471559,167.829163338055,173.398679214452,167.974618898073,-1,10000,5000
0.8585,170,168.361677050009,165.590329524756,171.279717272642,165.493288484587,-1,10000,5000
0.4585,170,170.080524172561,167.252608304427,173.15508665309,167.200141301685,-1,10000,5000
0.727,170,169.140309151745,166.343405981044,172.060098639577,166.33756484911,-1,10000,5000
0.63,170,169.52629615815,166.716681671168,172.375393837512,166.738559314614,-1,10000,5000
0.181,170,171.375390774969,168.504488959586,174.267309562124,168.517752156622,-1,10000,5000
0.7645,170,168.934558344006,166.144419375098,171.826373216067,165.866930486447,-1,10000,5000
0.1635,170,171.313730798094,168.444883149785,174.020232491148,168.381087969955,-1,10000,5000
0.38,170,170.436531610616,167.596829067994,173.175095000109,167.597951996068,-1,10000,5000
0.3545,170,170.510354424164,167.668204742998,173.361781314209,167.555669531501,-1,10000,5000
0.273,170,170.8237947176,167.971243323143,173.650863001002,168.016579613009,-1,10000,5000
0.098,170,171.89568326772,169.007419425713,174.724557146687,168.93996394199,-1,10000,5000
0.4095,170,170.32852845282,167.492404219469,173.096348210289,167.392249931607,-1,10000,5000
0.8315,170,168.56205558384,165.78414241521,171.449750973929,165.624733024769,-1,10000,5000
0.1815,170,171.259741371928,168.392691757178,173.952333490881,168.364731032641,-1,10000,5000
0.103,170,171.79526828514,168.910359272334,174.55246460113,168.952171765274,-1,10000,5000
0.709,170,169.160911800831,166.363330860065,172.007710271922,166.317778977234,-1,10000,5000
0.773,170,168.868937843261,166.080954500462,171.789151977761,165.920455549747,-1,10000,5000
0.052,170,172.307427192832,169.40538709131,174.982934587403,169.529438813676,-1,10000,5000
0.5995,170,169.623499954198,166.810679886969,172.427892546263,166.683971366463,-1,10000,5000
0.9625,170,167.380336200288,164.641033155411,170.223562783917,164.338659883357,-1,10000,5000
0.9875,170,166.905922414369,164.182045051553,169.555706642984,164.113638560308,-1,10000,5000
0.0355,170,172.550657311185,169.640464000597,175.175810866716,169.766902591289,-1,10000,5000
0.8485,170,168.480824964616,165.705574335521,171.247736068707,165.504437430972,-1,10000,5000
0.391,170,170.389481146223,167.55133772988,173.185000017373,167.368922076816,-1,10000,5000
0.394,170,170.377867746289,167.540109102119,173.33372265718,167.412126491812,-1,10000,5000
0.151,170,171.511199086097,168.635770345063,174.283937096865,168.603453705237,-1,10000,5000
0.224,170,171.024814761602,168.165582559211,173.673370677751,168.387745083525,-1,10000,5000
0.19,170,171.260914693259,168.393826008763,174.057831113286,168.326747215065,-1,10000,5000
0.7335,170,169.097975018349,166.302464269916,172.010249328393,166.20844009604,-1,10000,5000
0.0455,170,172.373964790821,169.469695429063,175.182023305381,169.650952422875,-1,10000,5000
0.794,170,168.858671422203,166.071025256082,171.696025336326,166.071788318859,-1,10000,5000
0.1725,170,171.357769110016,168.487454424144,173.997542955349,168.615843074424,-1,10000,5000
0.826,170,168.558645731837,165.780844354996,171.452269414144,165.532782035282,-1,10000,5000
0.817,170,168.604690377106,165.825379242642,171.454063111578,165.560268994905,-1,10000,5000
0.0915,170,171.917553849963,169.02855906534,174.652141920748,169.104866254135,-1,10000,5000
0.1405,170,171.539446009422,168.663075267584,174.259830019076,168.700048081187,-1,10000,5000
0.4675,170,170.173151479464,167.342171231203,173.261749038429,167.472478373998,-1,10000,5000
0.6045,170,169.611415311336,166.798993868469,172.382282591039,166.809503384299,-1,10000,5000
0.6305,170,169.444133765798,166.637227423155,172.400212700406,166.41606771876,-1,10000,5000
0.955,170,167.539074019464,164.794600010547,170.291488702621,164.656076729633,-1,10000,5000
0.597,170,169.659188472881,166.845191021059,172.458632764035,166.819996411212,-1,10000,5000
0.948,170,167.510445320798,164.766904260543,170.465784042083,164.486049988279,-1,10000,5000
0.182,170,171.302578018996,168.434101841995,174.004101271677,168.468603003871,-1,10000,5000
0.8985,170,168.073018220938,165.311115519408,171.031033839408,165.159695208723,-1,10000,5000
0.558,170,169.777297825955,166.959402151773,172.461540003186,167.169587582163,-1,10000,5000
0.7825,170,168.862093423853,166.074334872289,171.553250876118,165.823370036428,-1,10000,5000
0.543,170,169.843626320242,167.02354029777,172.740888133072,166.869220718232,-1,10000,5000
0.1695,170,171.300817186617,168.432399656398,173.917259726101,168.48306930481,-1,10000,5000
0.088,170,171.950074461829,169.059992628984,174.718843817717,169.213909601884,-1,10000,5000
0.289,170,170.8109548604,167.958829931607,173.743778728155,167.928604085294,-1,10000,5000
0.709,170,169.214731277056,166.415379443707,171.956645638757,166.415292332803,-1,10000,5000
0.941,170,167.778590653127,165.026305193048,170.623284421572,164.782707086903,-1,10000,5000
0.901,170,167.997338656022,165.237909542159,170.90170389584,164.920722303655,-1,10000,5000
0.9155,170,167.901425289827,165.14512953984,170.766153565459,164.854656737631,-1,10000,5000
0.0535,170,172.249842375632,169.349730903278,174.99611658779,169.463892396603,-1,10000,5000
0.204,170,171.157723922369,168.294070326726,173.80523757454,168.248985987728,-1,10000,5000
0.05,170,172.270022362886,169.36923509466,174.929374910769,169.456299263812,-1,10000,5000
0.6925,170,169.297817871511,166.495731049456,172.146535832691,166.446763480929,-1,10000,5000
0.739,170,169.048802507583,166.254908676179,172.013906223593,166.0788803981,-1,10000,5000
0.233,170,171.078656145418,168.217633245187,173.934959585453,167.971340741138,-1,10000,5000
0.879,170,168.321431817953,165.551402054824,171.206331830107,165.494550306383,-1,10000,5000
0.7325,170,169.10312263232,166.307442590671,171.981006385781,166.191725918476,-1,10000,5000
0.634,170,169.518823557336,166.709455426893,172.152048906437,166.722629968816,-1,10000,5000
0.4115,170,170.288497564631,167.453699052212,172.969111433588,167.454818249763,-1,10000,5000
0.654,170,169.418294939309,166.612240001599,172.355824760934,166.52969966651,-1,10000,5000
0.9055,170,168.023875219714,165.263578881959,170.892473980865,164.916812698865,-1,10000,5000
0.8595,170,168.41612375107,165.642992970111,171.273881226551,165.484230035293,-1,10000,5000
0.1505,170,171.397129153797,168.525502964364,174.182223935576,168.597222226625,-1,10000,5000
0.8465,170,168.447333043575,165.67317983161,171.360205476754,165.516962432116,-1,10000,5000
0.7865,170,168.800518607054,166.014781956185,171.575608049327,165.726436606881,-1,10000,5000
0.568,170,169.695467999023,166.88027341664,172.451439222527,166.645607428225,-1,10000,5000
0.9225,170,167.77464939981,165.022492565737,170.962459675085,164.698949984439,-1,10000,5000
0.634,170,169.503880331854,166.695004817486,172.17734802141,166.649227663457,-1,10000,5000
0.353,170,170.553980616308,167.710384291575,173.325878519663,167.732362270184,-1,10000,5000
0.399,170,170.3488411713,167.512044115972,173.155287281006,167.555360337633,-1,10000,5000
0.279,170,170.86641353124,168.012446362026,173.608043160914,167.948891483589,-1,10000,5000
0.478,170,170.062589291789,167.235266573015,172.860752157257,167.13542051523,-1,10000,5000
0.151,170,171.478844254199,168.604494321401,174.234360973069,168.651421940074,-1,10000,5000
0.85,170,168.396836517475,165.62433750265,171.501364170963,165.395537790631,-1,10000,5000
0.168,170,171.382440455786,168.511303738255,174.202996545783,168.539100887109,-1,10000,5000
0.3085,170,170.741536349386,167.891716558488,173.419958455847,168.034610828618,-1,10000,5000
0.579,170,169.735796785562,166.919271163694,172.573331003755,166.851557198639,-1,10000,5000
0.3245,170,170.640717581848,167.794243986254,173.448990598957,167.861426584486,-1,10000,5000
0.559,170,169.758850413914,166.941563775016,172.496887704661,167.018912130606,-1,10000,5000
0.8985,170,168.164036878698,165.399157787489,171.143649201631,165.328069778146,-1,10000,5000
0.722,170,169.113990846636,166.317953357793,171.925531586083,166.23688282592,-1,10000,5000
0.6005,170,169.621197984699,166.808453852441,172.474930259948,166.705019499619,-1,10000,5000
0.065,170,172.054815263477,169.161230952445,174.702566362247,169.315648906036,-1,10000,5000
0.5985,170,169.602784477758,166.790647714801,172.304315503477,166.772935838989,-1,10000,5000
0.1135,170,171.755135133279,168.871566418876,174.565716337835,168.849834940114,-1,10000,5000
0.46,170,170.123930664163,167.294578986463,172.818535437861,167.343986865346,-1,10000,5000
0.349,170,170.518496285736,167.676076648088,173.46214759619,167.716467089122,-1,10000,5000
0.6885,170,169.275462422168,166.474111610903,172.065574826843,166.40196333472,-1,10000,5000
0.584,170,169.712173313826,166.896427415075,172.433025040137,166.815105569413,-1,10000,5000
0.518,170,169.934262853414,167.111182411882,172.758288354751,166.917847910024,-1,10000,5000
0.7015,170,169.206140766513,166.407071634916,171.849951949919,166.311120854771,-1,10000,5000
0.6165,170,169.553893007577,166.74336861623,172.431239270916,166.748578006137,-1,10000,5000
0.017,170,173.000262986699,170.074969046356,175.684822001969,170.311733422464,-1,10000,5000
0.2965,170,170.742119463134,167.892280312951,173.522953261007,167.880341758482,-1,10000,5000
0.8315,170,168.552394694789,165.774798252071,171.5334283178,165.438969152047,-1,10000,5000
0.6085,170,169.557343245517,166.746705085108,172.583572478574,166.510253373522,-1,10000,5000
0.03,170,172.722341796423,169.806386757819,175.636639238675,169.838794958409,-1,10000,5000
0.43,170,170.269938901036,167.435754900845,173.086588592907,167.448783856215,-1,10000,5000
0.9915,170,166.593913382495,163.880157718264,169.602512151898,163.61834522425,-1,10000,5000
0.29,170,170.830799089723,167.978015037392,173.77990176924,167.79720841889,-1,10000,5000
0.646,170,169.405665492004,166.600026656004,172.384651467299,166.354509502694,-1,10000,5000
0.0055,170,173.310315421655,170.374585563821,175.885575871959,170.73100347107,-1,10000,5000
0.738,170,169.059663740515,166.265412803767,171.781855437064,166.071083980914,-1,10000,5000
0.4295,170,170.275738048854,167.441362035015,173.018216045453,167.32409582601,-1,10000,5000
0.3525,170,170.575511095341,167.731200687027,173.32155977342,167.692715411161,-1,10000,5000
0.4125,170,170.303579457972,167.468281507482,172.870633308178,167.542861904553,-1,10000,5000
0.297,170,170.830799089723,167.978015037392,173.690263146946,168.027116083374,-1,10000,5000
0.31,170,170.728708854535,167.879314918092,173.45498119247,167.927054549128,-1,10000,5000
0.886,170,168.183270818967,165.417762559344,171.02551170471,165.116306070207,-1,10000,5000
0.0715,170,172.17806369848,169.280355353322,174.921438535339,169.285931576961,-1,10000,5000
0.7855,170,168.740127715301,165.956373388564,171.853449067431,165.537488325554,-1,10000,5000
0.2555,170,170.934764770241,168.078526287482,173.683371829157,168.010897379059,-1,10000,5000
0.649,170,169.418869049838,166.61279519622,172.298002097326,166.572847693626,-1,10000,5000
0.356,170,170.480120030008,167.638972708375,173.121319921605,167.811058223337,-1,10000,5000
0.689,170,169.277181862506,166.475774445303,172.208023227618,166.320163992907,-1,10000,5000
0.7365,170,169.127148975326,166.330678695701,171.916710532306,166.316399982603,-1,10000,5000
0.8815,170,168.190626135401,165.424877254741,171.206712733246,165.220231590644,-1,10000,5000
0.0845,170,172.010417992713,169.11831855803,174.855802495479,169.218019127461,-1,10000,5000
0.8095,170,168.68774799579,165.905712465492,171.487857608682,165.729486803768,-1,10000,5000
0.2145,170,171.180579333014,168.316165084495,173.995648157811,168.378800365372,-1,10000,5000
0.0455,170,172.259338251255,169.358908786679,174.957743554589,169.684650138714,-1,10000,5000
0.4395,170,170.18705427808,167.35561394407,172.919085742371,167.266360064466,-1,10000,5000
0.0395,170,172.616786935056,169.704374978787,175.475774009669,169.778329817611,-1,10000,5000
0.181,170,171.284971324029,168.417081534078,173.95491013972,168.526940653111,-1,10000,5000
0.3835,170,170.390061857779,167.551899200777,173.135337590407,167.682858398489,-1,10000,5000
0.298,170,170.746201370888,167.896226700201,173.48469650957,167.800369964713,-1,10000,5000
0.231,170,171.011944668683,168.153140428051,173.696992867987,168.18691229439,-1,10000,5000
0.344,170,170.524312377211,167.681699890001,173.266568635378,167.635664955846,-1,10000,5000
0.354,170,170.523149127176,167.680575211445,173.385429966268,167.728377152082,-1,10000,5000
0.7315,170,169.036228086488,166.242747660133,171.850462516771,166.097860241996,-1,10000,5000
0.818,170,168.737280155524,165.953619282483,171.620736348087,165.903206269962,-1,10000,5000
0.4405,170,170.191109688928,167.359535142155,172.995832665246,167.344721447593,-1,10000,5000
0.293,170,170.720546906747,167.871423918992,173.540036507122,167.923548054685,-1,10000,5000
0.248,170,170.973346009425,168.115825078846,173.780855496978,168.259128031345,-1,10000,5000
0.131,170,171.634258877812,168.754725132304,174.495487272067,168.703958848218,-1,10000,5000
0.4315,170,170.286757518061,167.452016624636,173.209213733634,167.412830079485,-1,10000,5000
0.3525,170,170.503376304482,167.661457984039,173.195614880987,167.665572801778,-1,10000,5000
0.9275,170,167.837731681198,165.083515750618,170.591479778398,164.871706108632,-1,10000,5000
0.229,170,171.031250534527,168.171804315289,173.722096563539,168.23640776208,-1,10000,5000
0.816,170,168.666122382884,165.884796326647,171.457574843647,165.88055103022,-1,10000,5000
0.134,170,171.627777644277,168.748460170301,174.442732623945,168.773065790247,-1,10000,5000
0.2325,170,171.055242683236,168.194998553523,173.721362695362,168.348874610362,-1,10000,5000
0.6445,170,169.41485035784,166.608908911577,172.321165782821,166.367823118761,-1,10000,5000
0.0365,170,172.485768500949,169.577751399016,175.083945875808,169.762645340093,-1,10000,5000
0.9665,170,167.174370274762,164.441769524994,170.20352352847,164.241892861087,-1,10000,5000
0.6305,170,169.502730962092,166.693893335912,172.40238420038,166.565120727281,-1,10000,5000
0.1225,170,171.768707482994,168.884685536716,174.664691950249,168.79597067331,-1,10000,5000
0.6625,170,169.411405916438,166.60557795475,172.037071284172,166.570852353886,-1,10000,5000
0.5775,170,169.651704152132,166.837953632396,172.489628940083,166.555804104665,-1,10000,5000
0.1515,170,171.481196921262,168.606768550117,174.209892454549,168.729518775493,-1,10000,5000
0.163,170,171.448265455893,168.574934930075,174.268652841251,168.388681846035,-1,10000,5000
0.919,170,168.008629786205,165.24883169076,170.817976368011,164.992534623511,-1,10000,5000
0.1395,170,171.535914635193,168.659661668719,174.271565024333,168.738241432175,-1,10000,5000
0.232,170,171.021304544149,168.162189068112,173.717304534358,168.184569255863,-1,10000,5000
0.58,170,169.712173313826,166.896427415075,172.718767482968,166.789045099066,-1,10000,5000
0.1755,170,171.304338887576,168.435804061998,173.970071275898,168.391511157249,-1,10000,5000
0.1255,170,171.618940387349,168.739917789912,174.404735951484,168.794935184959,-1,10000,5000
0.9545,170,167.571082382831,164.82556510445,170.450497109333,164.618907656609,-1,10000,5000
0.0885,170,171.807075722951,168.921772327235,174.449746802861,169.120713152418,-1,10000,5000
0.819,170,168.62402525566,165.844080029719,171.521117289917,165.556273902611,-1,10000,5000
0.1285,170,171.579478414859,168.701772380821,174.222559468725,168.876220041716,-1,10000,5000
0.521,170,169.908274340945,167.08605265884,172.530172158127,167.23398658327,-1,10000,5000
0.401,170,170.351162933332,167.514288968849,173.303153337687,167.333943027823,-1,10000,5000
0.1565,170,171.359531113435,168.489157722701,174.025432271846,168.460131018715,-1,10000,5000
0.441,170,170.13608845239,167.306334552439,172.915715709532,167.158565903404,-1,10000,5000
0.106,170,171.799991065507,168.914924309222,174.669301984353,168.917827516033,-1,10000,5000
0.91,170,168.04081783562,165.27996773735,170.971692136797,165.238360549779,-1,10000,5000
0.6585,170,169.381559956905,166.576715240437,172.097542902588,166.587332787902,-1,10000,5000
0.097,170,171.77815038276,168.893813081839,174.665246811879,168.986503029078,-1,10000,5000
0.1385,170,171.574178935448,168.696649684537,174.352644379122,168.62494144229,-1,10000,5000
0.1385,170,171.510022332839,168.634632831814,174.223894893333,168.773963817861,-1,10000,5000
0.351,170,170.576675059879,167.732326044805,173.523078289684,167.699092575662,-1,10000,5000
0.173,170,171.352483317168,168.482344735095,174.048630414497,168.480999937528,-1,10000,5000
0.761,170,168.915722896452,166.126202753708,171.94956541175,165.973975587658,-1,10000,5000
0.795,170,168.724752034181,165.941502301609,171.69772459835,165.533626029335,-1,10000,5000
0.258,170,170.916649288403,168.061012870112,173.775841737574,167.815253422985,-1,10000,5000
0.748,170,168.939696013301,166.149388237953,171.955392717669,165.972212439589,-1,10000,5000
0.3515,170,170.532455571853,167.689573062347,173.316284699989,167.668132904264,-1,10000,5000
0.3775,170,170.387158339582,167.549091883922,173.137417394509,167.396716811739,-1,10000,5000
0.1445,170,171.46708188715,168.593124098027,174.030818298998,168.726995650515,-1,10000,5000
0.305,170,170.7030596462,167.854517132911,173.628037569901,167.734402639951,-1,10000,5000
0.447,170,170.150564275699,167.320331428112,172.956179696298,167.166312851154,-1,10000,5000
0.1055,170,171.754545079771,168.870996068683,174.41461316447,169.080243407024,-1,10000,5000
0.458,170,170.133772549234,167.304095269644,172.79004778804,167.317459524819,-1,10000,5000
0.322,170,170.709471225749,167.860715892381,173.512713645685,167.894179519457,-1,10000,5000
0.896,170,168.152724851086,165.388215758851,171.049594456713,165.240818070761,-1,10000,5000
0.986,170,166.883637091929,164.160483288463,169.732054510463,163.899301568779,-1,10000,5000
0.2685,170,170.89035945255,168.035596660797,173.626917366928,168.021099081021,-1,10000,5000
0.03,170,172.579247686344,169.668095272029,175.205908536529,169.911273037177,-1,10000,5000
0.4605,170,170.129719870417,167.300176668987,172.879814620948,167.307299256267,-1,10000,5000
0.713,170,169.23306061519,166.43310554189,172.043690358668,166.320615343838,-1,10000,5000
0.1095,170,171.664904064058,168.78434761474,174.356069967118,168.923481260014,-1,10000,5000
0.4805,170,170.075895454097,167.248132674599,172.802119825174,167.255295418731,-1,10000,5000
0.247,170,171.011359710483,168.15257492038,173.944948952102,168.155336799951,-1,10000,5000
0.7895,170,168.80963796841,166.023601915248,171.629534481744,165.959220558911,-1,10000,5000
0.2685,170,170.947038730216,168.090392289358,173.897111733395,168.139069791436,-1,10000,5000
0.5435,170,169.832087207308,167.012382298024,172.887063793838,166.904110439165,-1,10000,5000
0.149,170,171.502373830237,168.627239369739,174.230647958159,168.611374229643,-1,10000,5000
0.017,170,172.839378130867,169.919492144622,175.482366011489,170.172825200563,-1,10000,5000
0.6925,170,169.261135110979,166.46025594929,172.044919017536,166.511989380552,-1,10000,5000
0.368,170,170.485933503837,167.644593461861,173.297486436479,167.725591656861,-1,10000,5000
0.1675,170,171.3959539653,168.524366938216,174.204012569198,168.496705677253,-1,10000,5000
0.13,170,171.580067266113,168.702341588501,174.340157738954,168.800383783142,-1,10000,5000
0.4965,170,169.963148304279,167.139113226721,172.759100351989,167.200218548482,-1,10000,5000
0.428,170,170.219502977437,167.386988674596,172.871272367097,167.400098468347,-1,10000,5000
0.705,170,169.2279050875,166.428119695104,172.00841435748,166.256360419943,-1,10000,5000
0.3895,170,170.408646717772,167.56986825657,173.199900355433,167.502502552958,-1,10000,5000
0.6255,170,169.525721319314,166.716125783983,172.226571860383,166.658457412702,-1,10000,5000
0.844,170,168.56205558384,165.78414241521,171.457973560878,165.498521631847,-1,10000,5000
0.063,170,172.054223149114,169.160658643941,174.75058517009,169.365580155571,-1,10000,5000
0.389,170,170.43014051666,167.590649782467,173.255400222898,167.555922600515,-1,10000,5000
0.2305,170,171.044708715942,168.18481492943,173.831802962466,168.151443606102,-1,10000,5000
0.5645,170,169.78018059626,166.962189742511,172.644497837611,166.817437617515,-1,10000,5000
0.8165,170,168.639382583207,165.858933659744,171.506946004551,165.661486265438,-1,10000,5000
0.2915,170,170.85298339143,167.99946240172,173.785641582708,167.905358590506,-1,10000,5000
0.7,170,169.260562068978,166.459701770798,171.94853992902,166.45841365587,-1,10000,5000
0.2215,170,171.075143717493,168.214237653075,173.712016717778,168.20815450459,-1,10000,5000
0.215,170,171.057583741062,168.197261748579,173.616675854585,168.34194467273,-1,10000,5000
0.982,170,167.023018073698,164.295337298327,169.847422989999,164.085396073632,-1,10000,5000
0.396,170,170.371481051093,167.533933998331,173.165970317138,167.471202967263,-1,10000,5000
0.0295,170,172.758152408663,169.840994860611,175.631859859945,169.845116771294,-1,10000,5000
0.7915,170,168.754936575553,165.970696213876,171.595170378661,165.711242934884,-1,10000,5000
0.467,170,170.122772870191,167.293459494908,172.917594478907,167.256959456244,-1,10000,5000
0.509,170,169.953903891654,167.130174350198,172.73368453022,167.097852922219,-1,10000,5000
0.968,170,167.329357190193,164.591713794761,170.202140519987,164.405047324499,-1,10000,5000
0.3315,170,170.623246670808,167.777352741818,173.370829614841,167.835105835739,-1,10000,5000
0.4795,170,170.08226000694,167.254286727369,172.748100719322,167.247359743297,-1,10000,5000
0.024,170,172.815480284967,169.896397177001,175.532097128872,170.010894176382,-1,10000,5000
0.314,170,170.710637019231,167.861842988747,173.575346623318,167.737411646794,-1,10000,5000
0.0255,170,172.748601460218,169.831764653934,175.412787033109,169.981014460672,-1,10000,5000
0.4735,170,170.066638772949,167.239182133504,172.772587011674,167.21230739576,-1,10000,5000
0.5245,170,169.903077592301,167.081027615152,172.664645523199,167.09432598459,-1,10000,5000
0.796,170,168.733293733294,165.949763687537,171.520646250264,165.700133325229,-1,10000,5000
0.6405,170,169.476299758981,166.66833335,172.324166061564,166.531992234582,-1,10000,5000
0.891,170,168.096752718397,165.334074029985,171.062542053988,165.03684335693,-1,10000,5000
0.375,170,170.439436811782,167.599637984782,173.269737917949,167.627765135108,-1,10000,5000
0.1115,170,171.738025227404,168.855027827309,174.504647301133,169.015947132428,-1,10000,5000
0.753,170,168.976239564674,166.184730946921,171.669621742749,165.909960694376,-1,10000,5000
0.506,170,169.990309583313,167.165376707176,172.834407652785,167.270504960286,-1,10000,5000
0.9475,170,167.541319821451,164.796772620005,170.4101245563,164.676751034706,-1,10000,5000
0.1315,170,171.57712305026,168.699495588508,174.321675889702,168.587313319879,-1,10000,5000
0.283,170,170.825545756782,167.972936200519,173.72162401064,167.868481913317,-1,10000,5000
0.349,170,170.487096246181,167.645717657788,173.100952539762,167.60836986707,-1,10000,5000
0.442,170,170.180102594826,167.348892317682,173.027010883032,167.194790183604,-1,10000,5000
0.2495,170,170.982701660067,168.124869703226,173.69024926317,168.125434070217,-1,10000,5000
0.032,170,172.504218149949,169.59558237427,175.177292104293,169.756875334458,-1,10000,5000
0.9005,170,168.141979834398,165.377822172535,171.014476450461,165.152520749632,-1,10000,5000
0.09,170,171.903366892227,169.014846264096,174.580198548782,169.277336148419,-1,10000,5000
0.21,170,171.11671669479,168.254427615263,173.830337148001,168.200178785753,-1,10000,5000
0.6955,170,169.2708774187,166.469677548235,172.033694265391,166.563848675188,-1,10000,5000
0.284,170,170.76486400634,167.914269690467,173.399867945136,168.051131097049,-1,10000,5000
0.992,170,166.162589736773,163.462795867661,169.01427114149,163.232370466191,-1,10000,5000
0.7425,170,169.053375488191,166.259331304969,172.008688534224,166.098573352951,-1,10000,5000
0.825,170,168.56205558384,165.78414241521,171.315613812549,165.486371121752,-1,10000,5000
0.48,170,170.046971670743,167.220165414188,172.787874283821,167.234420808203,-1,10000,5000
0.321,170,170.635475932873,167.789176255818,173.450810488029,167.711404111519,-1,10000,5000
0.4135,170,170.334331592343,167.49801514852,173.091379725359,167.420901571859,-1,10000,5000
0.374,170,170.431883494749,167.592334996967,173.267050476245,167.554068284363,-1,10000,5000
0.6695,170,169.332222402862,166.529002691109,172.134655937745,166.523938572429,-1,10000,5000
0.2595,170,170.948207770715,168.091522472156,173.751147318326,168.044627725747,-1,10000,5000
0.212,170,171.100319305127,168.238575759513,173.771826398764,168.211721481455,-1,10000,5000
0.3825,170,170.380190299627,167.54235470727,172.999468236883,167.564192270246,-1,10000,5000
0.24,170,170.969253234207,168.111868361683,173.543733128435,168.243093313044,-1,10000,5000
0.077,170,172.143085870116,169.246548216649,175.041306034607,169.295907682086,-1,10000,5000
0.8825,170,168.254021673286,165.486198451049,171.086375530323,165.272084336447,-1,10000,5000
0.7865,170,168.830730265935,166.04400166044,171.806572872671,165.911685752069,-1,10000,5000
0.3495,170,170.543508294361,167.700259264601,173.314887414888,167.66713917219,-1,10000,5000
0.8015,170,168.724182618322,165.940951571793,171.590566372576,165.806415119678,-1,10000,5000
0.732,170,169.108842570983,166.312974407759,172.016551509992,166.324133942291,-1,10000,5000
0.2245,170,171.075729112131,168.214803575574,173.92650042728,168.088385801739,-1,10000,5000
0.9685,170,167.077160607286,164.347720332771,170.062503724395,164.109817028047,-1,10000,5000
0.0935,170,172.032317782351,169.139485951274,174.827269030483,169.115380158837,-1,10000,5000
0.7045,170,169.179229480737,166.381045871254,172.091665799607,166.095647044415,-1,10000,5000
0.441,170,170.205015422117,167.372980644989,173.117361791676,167.408327567611,-1,10000,5000
0.2985,170,170.773613521158,167.922728677172,173.621404266272,167.926521650928,-1,10000,5000
0.64,170,169.50043226933,166.691670417229,172.410111158941,166.674049651643,-1,10000,5000
0.841,170,168.552394694789,165.774798252071,171.362895772068,165.511972402415,-1,10000,5000
0.607,170,169.559068417144,166.748373369618,172.1048127874,166.791347218781,-1,10000,5000
0.5185,170,169.916936295169,167.094428403379,172.571318570343,166.955150188213,-1,10000,5000
0.043,170,172.420333839151,169.514510442094,175.223403195232,169.607930309552,-1,10000,5000
0.796,170,168.808497994355,166.022499369115,171.58833358421,165.939124200775,-1,10000,5000
0.426,170,170.240369390445,167.407164357006,173.043573234207,167.118390420873,-1,10000,5000
0.7795,170,168.812487970908,166.026358344651,171.867258999824,165.740947153894,-1,10000,5000
0.379,170,170.448734121113,167.608627151257,173.222301699691,167.583887447504,-1,10000,5000
0.828,170,168.589339367188,165.810531621726,171.6248566541,165.657140242807,-1,10000,5000
0.114,170,171.77815038276,168.893813081839,174.505588143761,168.774311589959,-1,10000,5000
0.8155,170,168.679780019569,165.898005905969,171.528945215915,165.797664517885,-1,10000,5000
0.8895,170,168.174784714747,165.409554055842,171.117224637385,165.118638110881,-1,10000,5000
0.1625,170,171.387140565223,168.515847230274,174.174459303451,168.545718924833,-1,10000,5000
0.9065,170,168.074148283119,165.312208637232,170.861029700259,165.026932342588,-1,10000,5000
0.797,170,168.768038888045,165.98336846648,171.600048337598,165.760200880394,-1,10000,5000
0.954,170,167.565465995891,164.820131790177,170.445987007271,164.708126103688,-1,10000,5000
0.4135,170,170.300098783936,167.464916100077,173.076146054572,167.318764484866,-1,10000,5000
0.506,170,169.999557956945,167.174319349759,172.979891395763,166.953824641648,-1,10000,5000
0.1815,170,171.280863615964,168.413110623836,174.074480515185,168.378179683883,-1,10000,5000
0.205,170,171.199337049872,168.334298449978,173.999615117331,168.312797804193,-1,10000,5000
0.555,170,169.821126502219,167.001783579049,172.653725032098,166.975286311763,-1,10000,5000
0.9935,170,166.083654737346,163.386412132421,169.179261768935,163.046754360653,-1,10000,5000
0.7825,170,168.864945197845,166.077092986564,171.68743475267,165.971656411603,-1,10000,5000
0.242,170,170.992643160808,168.13448068303,173.59176480089,168.245538022786,-1,10000,5000
0.905,170,168.080363896762,165.318221043687,170.906497502816,165.152694708405,-1,10000,5000
0.0345,170,172.572099204363,169.661186610339,175.177417661148,169.80884932339,-1,10000,5000
0.3845,170,170.377867746289,167.540109102119,172.996984959875,167.619872427972,-1,10000,5000
0.229,170,171.061095447952,168.200656655364,173.860071882972,167.933574257648,-1,10000,5000
0.982,170,166.853561344841,164.131383890176,169.696910260501,163.83521498673,-1,10000,5000
0.041,170,172.351383775287,169.447871056948,175.077866421125,169.651631629312,-1,10000,5000
0.742,170,169.056805386013,166.262648430979,171.895726680423,166.077984199136,-1,10000,5000
0.404,170,170.303579457972,167.468281507482,173.163171192382,167.450196110615,-1,10000,5000
0.371,170,170.467331783062,167.626608377307,173.173264693289,167.581831341064,-1,10000,5000
0.2515,170,170.906716621999,168.051410287435,173.499978706872,168.182182633769,-1,10000,5000
0.5415,170,169.799209335815,166.980590176198,172.659893849122,166.684153143409,-1,10000,5000
0.7035,170,169.190107480305,166.391565944305,172.012234162651,166.318399441049,-1,10000,5000
0.3795,170,170.436531610616,167.596829067994,173.222885125651,167.70636494526,-1,10000,5000
0.493,170,169.965459564573,167.141348095257,172.736315600212,167.077983692865,-1,10000,5000
0.1275,170,171.609514983009,168.730806870718,174.312483404215,168.75332764718,-1,10000,5000
0.9015,170,168.121059268601,165.357585779248,170.953791250911,165.334140487635,-1,10000,5000
0.506,170,169.967770887729,167.143583023561,172.688956673766,167.192219157169,-1,10000,5000
0.59,170,169.649977094963,166.836283554948,172.318203934668,166.904196051123,-1,10000,5000
0.1205,170,171.683178516853,168.802012119984,174.402581126862,168.894722239368,-1,10000,5000
0.572,170,169.770956075862,166.953269779789,172.632187575763,166.776178940499,-1,10000,5000
0.605,170,169.594729825538,166.782858724912,172.362254128572,166.752586742329,-1,10000,5000
0.2075,170,171.201095796593,168.335998653312,173.985022574613,168.271194744243,-1,10000,5000
0.4535,170,170.15867181278,167.328170701507,172.843412960744,167.371549419141,-1,10000,5000
0.0405,170,172.482198056967,169.574300675584,175.111617818053,169.717843004851,-1,10000,5000
0.7975,170,168.762911653907,165.978409528489,171.751031710092,165.710404942141,-1,10000,5000
0.1835,170,171.30375192736,168.435236651507,174.048510994988,168.395837084418,-1,10000,5000
0.59,170,169.632132896318,166.819028045615,172.502926722762,166.809010948934,-1,10000,5000
0.1455,170,171.371278728984,168.500513926567,173.978490151525,168.507965456754,-1,10000,5000
0.7315,170,169.147176143804,166.350047077063,172.01134554655,166.263712112831,-1,10000,5000
0.344,170,170.589479718295,167.744705977079,173.528946692238,167.613859605577,-1,10000,5000
0.065,170,172.165019456593,169.267747723349,174.815551985356,169.443365695656,-1,10000,5000
0.548,170,169.824010761126,167.004572585197,172.64806084468,167.03850522829,-1,10000,5000
0.361,170,170.556889822876,167.713197016047,173.702408824895,167.484254703502,-1,10000,5000
0.683,170,169.293231656937,166.491295835054,172.079509107257,166.30873493835,-1,10000,5000
0.3675,170,170.422588023548,167.583347577918,173.149368656671,167.643257146267,-1,10000,5000
0.47,170,170.110038176511,167.281146076588,172.96432043466,167.322276307268,-1,10000,5000
0.6985,170,169.251966904546,166.4513895362,171.893135600121,166.421344465281,-1,10000,5000
0.066,170,172.106344818565,169.211036620653,174.7736930572,169.205332369727,-1,10000,5000
0.0215,170,173.005052252751,170.079597251514,175.678748850966,170.090261162508,-1,10000,5000
0.78,170,168.852398112717,166.064957968959,171.729759927184,165.973263533904,-1,10000,5000
0.4675,170,170.121615091977,167.292340018335,173.022813609068,167.202444623762,-1,10000,5000
0.442,170,170.155776175129,167.325370876685,172.851565106973,167.233998750286,-1,10000,5000
0.1715,170,171.39301606456,168.521526939851,174.196351914845,168.580430961952,-1,10000,5000
0.413,170,170.273418342325,167.439119136282,173.088993082002,167.398460609024,-1,10000,5000
0.253,170,170.948207770715,168.091522472156,173.757393503612,167.995278334972,-1,10000,5000
0.0235,170,172.693703994114,169.778710428827,175.330444989329,170.045529276964,-1,10000,5000
0.7955,170,168.706532632794,165.923880760462,171.628854415518,165.710318924222,-1,10000,5000
0.7515,170,168.964818006692,166.173684735285,171.978332304603,165.954430959649,-1,10000,5000
0.2175,170,171.113788358992,168.251596707653,173.864069502703,168.287207178081,-1,10000,5000
0.5545,170,169.799786030873,166.98114782841,172.645247573852,166.92167010487,-1,10000,5000
0.5115,170,169.960837106842,167.136878417949,172.676560093272,167.141143693832,-1,10000,5000
0.0825,170,172.043565787437,169.150357753007,174.83524135251,169.258294658022,-1,10000,5000
0.5475,170,169.745593812494,166.928744795996,172.562009999352,166.78627724149,-1,10000,5000
0.003,170,174.02397594052,171.064155901029,176.678907368081,171.386476702143,-1,10000,5000
0.839,170,168.596730245232,165.817680144328,171.306551787772,165.784530591831,-1,10000,5000
0.844,170,168.47287652399,165.697886357762,171.285548028993,165.617793935745,-1,10000,5000
0.7655,170,168.911157359858,166.121787204635,171.949329090592,165.920861770273,-1,10000,5000
0.509,170,169.965459564573,167.141348095257,172.930912384558,167.130485449215,-1,10000,5000
0.0955,170,171.899229470601,169.010847116168,174.556381766134,169.020611109486,-1,10000,5000
0.209,170,171.087437846273,168.226122825257,173.725217517798,168.227516480141,-1,10000,5000
0.004,170,173.576271833739,170.631575714349,176.3104037962,170.869758814015,-1,10000,5000
0.5395,170,169.846511343485,167.026330030666,172.620055765416,167.098309791496,-1,10000,5000
0.851,170,168.417825777916,165.64463924254,171.289660700015,165.309943259685,-1,10000,5000
0.872,170,168.243263707309,165.475792546308,171.21220101557,165.256970472335,-1,10000,5000
0.8115,170,168.664415333804,165.883145277141,171.557026884768,165.66065084384,-1,10000,5000
0.8225,170,168.613219923982,165.833629069972,171.483862124109,165.645487107918,-1,10000,5000
0.008,170,173.608820210088,170.663025855448,176.542778416269,170.971723614733,-1,10000,5000
0.1725,170,171.279690021276,168.411976112445,173.933722985845,168.48351060329,-1,10000,5000
0.308,170,170.673922171736,167.826346722519,173.466366046941,167.677505944018,-1,10000,5000
0.8145,170,168.689455517203,165.907363964257,171.485010035928,165.875273645822,-1,10000,5000
0.6595,170,169.446430931812,166.639448890015,172.118282343823,166.812931540755,-1,10000,5000
0.6885,170,169.297817871511,166.495731049456,172.078056504222,166.504998526148,-1,10000,5000
0.31,170,170.729291880669,167.879878589272,173.674094814204,167.780042883614,-1,10000,5000
0.348,170,170.525475643116,167.682824583644,173.287460325736,167.592776412161,-1,10000,5000
0.201,170,171.206372253576,168.341099469389,173.81656673813,168.370282962329,-1,10000,5000
0.517,170,169.951015218936,167.127381147363,172.673012117887,167.243598578651,-1,10000,5000
0.915,170,168.032346100588,165.271772903362,170.823037513498,164.994296925581,-1,10000,5000
0.987,170,166.773412325121,164.053835906791,169.69478072984,163.706537648379,-1,10000,5000
0.725,170,169.108842570983,166.312974407759,171.773470077914,166.302927414536,-1,10000,5000
0.1585,170,171.44473783478,168.571524898014,174.301404842864,168.611323466081,-1,10000,5000
0.6885,170,169.253685867597,166.453051916707,172.245721821127,166.201306629129,-1,10000,5000
0.438,170,170.211389642623,167.379143889155,173.014032103187,167.429941960371,-1,10000,5000
0.9845,170,166.505140527741,163.794261304261,169.558244785036,163.470529418505,-1,10000,5000
0.3235,170,170.704225352113,167.855644146034,173.522014747146,167.880341194162,-1,10000,5000
0.3285,170,170.658774615724,167.811701845593,173.400430381117,167.914989337,-1,10000,5000
0.718,170,169.176939553802,166.378831288537,172.001747778657,166.369347444518,-1,10000,5000
0.1855,170,171.221617178671,168.355836896865,173.881619193872,168.419511872278,-1,10000,5000
0.6285,170,169.507903248775,166.698895119723,172.474211730275,166.674305566792,-1,10000,5000
0.836,170,168.559782333843,165.781943693821,171.357736562304,165.626059881182,-1,10000,5000
0.0275,170,172.546488672916,169.636435192096,175.199040158521,169.922774822734,-1,10000,5000
0.994,170,166.026294553461,163.33090514721,168.945419151493,162.900599330646,-1,10000,5000
0.6255,170,169.557918298825,166.747261176235,172.459738728397,166.748889407639,-1,10000,5000
0.59,170,169.639615490325,166.826263792361,172.526272146563,166.628632397329,-1,10000,5000
0.558,170,169.760579688493,166.943235960909,172.493780697056,166.854823997121,-1,10000,5000
0.6755,170,169.277755017048,166.476328730818,172.076160895531,166.324245319823,-1,10000,5000
0.347,170,170.589479718295,167.744705977079,173.513084113592,167.583842374955,-1,10000,5000
0.538,170,169.828625779167,167.009035188804,172.662085006633,166.895998932975,-1,10000,5000
0.9805,170,167.091120558274,164.361226529217,169.9203364055,164.011743523458,-1,10000,5000
0.0575,170,172.26705442116,169.366366549465,175.028867263883,169.518124081961,-1,10000,5000
0.05,170,172.309208780377,169.407108999922,175.180577572495,169.533972725348,-1,10000,5000
0.8155,170,168.670674682699,165.889199286013,171.457817045946,165.782449999013,-1,10000,5000
0.7515,170,168.968815376349,166.177550742315,171.673284881974,166.026492220495,-1,10000,5000
0.6475,170,169.407961615094,166.602247131109,172.277993102906,166.363663576062,-1,10000,5000
0.566,170,169.69374005071,166.878602491831,172.472295003056,166.694796975412,-1,10000,5000
0.6925,170,169.243945538622,166.443632199519,172.12178911789,166.297915968749,-1,10000,5000
0.5015,170,169.959681531694,167.135761035974,172.769080795683,167.00444832788,-1,10000,5000
0.6805,170,169.351724511711,166.547862524732,172.067979243852,166.376248413925,-1,10000,5000
0.1175,170,171.61304938831,168.734223350117,174.154862298065,168.924847592156,-1,10000,5000
0.155,170,171.380090497738,168.50903208412,174.072506854963,168.656599524399,-1,10000,5000
0.3935,170,170.415617085534,167.576607646185,173.194416286581,167.677001308277,-1,10000,5000
0.2305,170,171.006095266762,168.147485522502,173.756690380621,168.293837414918,-1,10000,5000
0.957,170,167.464996315402,164.722936021612,170.304835139656,164.456365651029,-1,10000,5000
0.052,170,172.261118844495,169.360629750566,174.827478973788,169.571429147944,-1,10000,5000
0.733,170,169.104838573289,166.309102097158,171.946641264587,166.266487755538,-1,10000,5000
0.708,170,169.116279069768,166.320166320166,172.023035487154,165.976268928456,-1,10000,5000
0.2125,170,171.127845284957,168.26518593303,173.910292495688,168.266290282805,-1,10000,5000
0.06,170,172.253403206301,169.35317249298,175.024153549014,169.275375093172,-1,10000,5000
0.4555,170,170.134351519112,167.304655084723,172.873900459915,167.285379677602,-1,10000,5000
0.612,170,169.562518865717,166.751710038786,172.33630462267,166.483276689482,-1,10000,5000
0.2015,170,171.239210850802,168.372844827586,174.061470243028,168.12740043721,-1,10000,5000
0.5195,170,169.910584109053,167.088286108614,172.736056622087,166.853475364947,-1,10000,5000
0.062,170,172.31811727076,169.415719068078,175.139673916043,169.333405582366,-1,10000,5000
0.899,170,168.119363234671,165.355945207654,170.959914198177,165.32576863785,-1,10000,5000
0.256,170,170.965160654931,168.107911830762,173.765520203495,167.947931052777,-1,10000,5000
0.7595,170,168.937983422148,166.147731917312,171.952399475306,165.931068450992,-1,10000,5000
0.676,170,169.328207820359,166.525120314399,172.270296862834,166.416852342606,-1,10000,5000
0.107,170,171.805304503811,168.920060270678,174.577073521488,169.09463615354,-1,10000,5000
0.003,170,173.645602506304,170.698566814833,176.357817042799,170.906266087,-1,10000,5000
0.5715,170,169.72772949484,166.911470156229,172.541734090395,166.83326125522,-1,10000,5000
0.4525,170,170.162146708055,167.331530614977,172.817229028196,167.315881164806,-1,10000,5000
0.2915,170,170.787031185415,167.935700778886,173.500755699709,167.820712393608,-1,10000,5000
0.2985,170,170.740953239622,167.891152807812,173.471210495559,167.739152720451,-1,10000,5000
0.5835,170,169.648250072957,166.834613510934,172.429165580714,166.691647254827,-1,10000,5000
0.239,170,170.999076512639,168.140700137875,173.719374565828,168.054616204444,-1,10000,5000
0.446,170,170.163305038019,167.332650616119,172.969535507614,167.109752193457,-1,10000,5000
0.149,170,171.539446009422,168.663075267584,174.361397429211,168.713496550928,-1,10000,5000
0.165,170,171.365404719876,168.494835633288,174.102384600011,168.466030227502,-1,10000,5000
0.574,170,169.714477753299,166.898655798226,172.580098290897,166.66285017914,-1,10000,5000
0.9255,170,167.956703150511,165.198601759035,170.772813657028,165.076203209245,-1,10000,5000
0.3815,170,170.438274719431,167.598514406768,173.273052794293,167.613679023628,-1,10000,5000
0.792,170,168.854108969077,166.066612639662,171.76208752207,166.039590219213,-1,10000,5000
0.0955,170,171.817703804769,168.932045395419,174.423876213036,168.96209147231,-1,10000,5000
0.685,170,169.245664338742,166.445294425081,172.118477696183,166.22287008147,-1,10000,5000
0.229,170,171.025984866108,168.166713753347,173.782309873662,168.186275173756,-1,10000,5000
0.5145,170,169.923288956261,167.100571149752,172.634983057628,167.124201940817,-1,10000,5000
0.2005,170,171.276169333704,168.408572669983,174.091147383729,168.408008599705,-1,10000,5000
0.8435,170,168.460387632424,165.685806691056,171.431586060608,165.534672368505,-1,10000,5000
0.038,170,172.432822076368,169.52658007249,175.127160450045,169.656145568063,-1,10000,5000
0.8395,170,168.510922285102,165.734685286406,171.283647341748,165.493553496513,-1,10000,5000
0.14,170,171.640740600872,168.76099055951,174.444989551613,168.704558727654,-1,10000,5000
0.5765,170,169.734068015848,166.917599457852,172.631016038387,166.937980925903,-1,10000,5000
0.7955,170,168.862663770946,166.074886487815,171.644585937793,165.973685774785,-1,10000,5000
0.462,170,170.110038176511,167.281146076588,172.69823552938,167.279291006264,-1,10000,5000
0.386,170,170.447571901976,167.607503452715,173.359021067445,167.520745675978,-1,10000,5000
0.5685,170,169.742135909145,166.925401038276,172.481280873364,166.962746567456,-1,10000,5000
0.6795,170,169.349429912811,166.545643499057,172.184430284372,166.349954011907,-1,10000,5000
0.662,170,169.411405916438,166.60557795475,172.30052575174,166.420247406954,-1,10000,5000
0.9845,170,166.871939679775,164.149165629791,169.831065483238,163.982898532139,-1,10000,5000
0.3535,170,170.512680590988,167.670453783316,173.438868660414,167.676711446441,-1,10000,5000
0.0565,170,172.280707799928,169.379562661969,174.992053286414,169.437866345089,-1,10000,5000
0.609,170,169.598181725665,166.786196774355,172.507224834034,166.630632286693,-1,10000,5000
0.3935,170,170.362772692887,167.525514135803,173.232880433031,167.462512143378,-1,10000,5000
0.48,170,170.046971670743,167.220165414188,173.006201983829,167.094627419052,-1,10000,5000
0.901,170,168.106361444649,165.343368573517,170.87943417822,165.108440705707,-1,10000,5000
0.38,170,170.376125872839,167.538424937759,173.132007173404,167.519871523584,-1,10000,5000
0.6345,170,169.490663520606,166.68222367421,172.332024933581,166.546533240674,-1,10000,5000
0.4675,170,170.06895284877,167.241419678963,172.869894884123,167.043381962478,-1,10000,5000
0.787,170,168.848976504004,166.061648726473,171.781556792504,165.829853553276,-1,10000,5000
0.2835,170,170.777696934917,167.926676495975,173.493628615102,167.853134860268,-1,10000,5000
0.0255,170,172.758152408663,169.840994860611,175.309014287881,169.985550218813,-1,10000,5000
0.0275,170,172.708618331054,169.793124057648,175.298434286273,169.91428988598,-1,10000,5000
0.375,170,170.431302498091,167.591773255034,173.223616135917,167.396589194099,-1,10000,5000
0.9035,170,168.01032358664,165.250470137588,171.020734796301,164.915404681731,-1,10000,5000
0.6405,170,169.44068813356,166.633895333918,172.279752807469,166.386211047064,-1,10000,5000
0.179,170,171.296708718504,168.428428023796,174.09064643245,168.653047211865,-1,10000,5000
0.618,170,169.571720748497,166.760608476108,172.408367279646,166.640050970343,-1,10000,5000
0.146,170,171.497667398464,168.622689869149,174.308312209799,168.519525855089,-1,10000,5000
0.5625,170,169.785369829519,166.967207640419,172.561504780624,166.883450090157,-1,10000,5000
0.1035,170,171.665493501812,168.784917379783,174.383283076056,169.034390272636,-1,10000,5000
0.8295,170,168.610376645802,165.830879036324,171.333255697663,165.643288685212,-1,10000,5000
0.766,170,168.898603406688,166.109645654904,171.850320114307,165.907779848376,-1,10000,5000
0.756,170,169.025369864496,166.232246396085,171.820569704852,166.247823954591,-1,10000,5000
0.199,170,171.236278321032,168.370009933831,173.984661164316,168.269041247786,-1,10000,5000
0.719,170,169.167780465935,166.369973547174,171.873221475887,166.47607730335,-1,10000,5000
0.762,170,168.902027027027,166.112956810631,171.707624315236,165.919035341405,-1,10000,5000
0.858,170,168.504674787158,165.728642549835,171.145603196021,165.51643453004,-1,10000,5000
0.839,170,168.500131443247,165.724248109086,171.428248937896,165.608210130143,-1,10000,5000
0.713,170,169.210149562887,166.410948509124,171.963747010095,166.290452244097,-1,10000,5000
0.3715,170,170.440598919981,167.600761577861,173.181233890439,167.55220535075,-1,10000,5000
0.4375,170,170.185316304023,167.353933486853,172.850445899812,167.407683875713,-1,10000,5000
0.3395,170,170.584823256449,167.740203972088,173.20491091543,167.843422545805,-1,10000,5000
0.6955,170,169.213013105167,166.413717815587,172.026015567877,166.301453318709,-1,10000,5000
0.011,170,173.214242406395,170.28174818054,175.939851090218,170.457551738038,-1,10000,5000
0.389,170,170.363353222405,167.526075433641,173.024316401267,167.555884119805,-1,10000,5000
0.321,170,170.660522273426,167.813391508642,173.466683627951,167.748734265535,-1,10000,5000
0.3185,170,170.639552743135,167.79311779748,173.466440642943,167.831911743752,-1,10000,5000
0.007,170,173.718610251118,170.769109917245,176.406075120578,170.843929925085,-1,10000,5000
0.714,170,169.135159273594,166.338425507,171.939421499663,165.983361912585,-1,10000,5000
0.4595,170,170.12103620878,167.291780285667,172.865941670571,167.260224400939,-1,10000,5000
0.875,170,168.318031694089,165.548113248153,171.118733098852,165.36109171525,-1,10000,5000
0.518,170,169.898458527037,167.076561163388,172.773699467949,166.9308868655,-1,10000,5000
0.4035,170,170.29777841362,167.462672570284,173.08664831007,167.358016505287,-1,10000,5000
0.6115,170,169.563093954132,166.752266163297,172.474307237129,166.663757182238,-1,10000,5000
0.9215,170,167.701488331841,164.951718631956,170.739870448366,164.418796978723,-1,10000,5000
0.729,170,169.039085745199,166.245511371193,171.849815430494,166.011385967506,-1,10000,5000
0.587,170,169.701228080895,166.885843407675,172.379925445457,166.889806655656,-1,10000,5000
0.026,170,172.684160170215,169.769486990564,175.361435561808,169.984741986607,-1,10000,5000
0.4605,170,170.108880571623,167.280026764804,172.751341667023,167.341279501451,-1,10000,5000
0.175,170,171.282624038152,168.414812419582,173.917143659822,168.588716431371,-1,10000,5000
0.952,170,167.665494008713,164.916898374909,170.318757231203,164.859045065409,-1,10000,5000
0.73,170,169.052232219844,166.258225625713,171.918449260043,166.197606115153,-1,10000,5000
0.1895,170,171.290839820196,168.422754587836,174.12919873248,168.2984590211,-1,10000,5000
0.173,170,171.34484885873,168.474964620257,174.075186067281,168.58546631277,-1,10000,5000
0.3925,170,170.405161747714,167.566498765035,173.242932275231,167.408551978016,-1,10000,5000
0.6905,170,169.278901337776,166.477437312921,172.036738765857,166.336150541231,-1,10000,5000
0.2785,170,170.787031185415,167.935700778886,173.528925462853,167.835372722995,-1,10000,5000
0.3105,170,170.7030596462,167.854517132911,173.546786326423,167.782304442498,-1,10000,5000
0.0505,170,172.286051015556,169.384726917943,174.992946725334,169.597041980603,-1,10000,5000
0.1045,170,171.851958792654,168.965156005529,174.597360805675,168.760402748959,-1,10000,5000
0.0535,170,172.335937015257,169.432941830282,175.196440629853,169.379493188413,-1,10000,5000
0.556,170,169.813627887545,166.994532599003,172.624685922067,166.931650809584,-1,10000,5000
0.8725,170,168.280072973537,165.511397114805,171.249422102046,165.25705167925,-1,10000,5000
0.2165,170,171.081583278867,168.220463010002,173.885573513331,168.372394800077,-1,10000,5000
0.896,170,168.194021113825,165.428161166732,171.193224562221,165.151470053689,-1,10000,5000
0.446,170,170.156934418363,167.32649079537,173.002431082028,167.176972879395,-1,10000,5000
0.1235,170,171.673156560975,168.792324675412,174.49404101228,168.882617062202,-1,10000,5000
0.259,170,170.897369284621,168.042373564918,173.719546554545,168.168284870217,-1,10000,5000
0.092,170,171.918736202142,169.029701899218,174.771592402481,169.151974864226,-1,10000,5000
0.326,170,170.59995768698,167.754836371933,173.303325525736,167.832769873102,-1,10000,5000
0.9605,170,167.193378480061,164.460159526355,170.246885791395,164.195733622369,-1,10000,5000
0.3865,170,170.448734121113,167.608627151257,173.338114846977,167.583462893798,-1,10000,5000
0.0515,170,172.235600525027,169.335965943151,174.888517592791,169.480259478437,-1,10000,5000
0.911,170,168.025569327562,165.265217621239,170.709044333582,164.961425556143,-1,10000,5000
0.2615,170,170.947623248467,168.090957378857,173.822282987534,168.066763403015,-1,10000,5000
0.036,170,172.454829563094,169.547849794169,175.138955822625,169.717851851331,-1,10000,5000
0.304,170,170.731624025025,167.882133311844,173.558760864731,167.87944707736,-1,10000,5000
0.1605,170,171.401830068945,168.530047222119,174.143412803293,168.443322601023,-1,10000,5000
0.9795,170,167.05817881691,164.329355467402,169.892688718864,164.066733915704,-1,10000,5000
0.887,170,168.294234672753,165.525095259692,171.121544366485,165.334215287402,-1,10000,5000
0.9315,170,167.83885858162,165.084605860504,170.687941892615,165.044374624697,-1,10000,5000
0.1885,170,171.20402712143,168.338832401858,173.863690284953,168.517276091904,-1,10000,5000
0.0315,170,172.732486629169,169.81619095491,175.537938677589,169.833564612305,-1,10000,5000
0.8325,170,168.639951426837,165.859483845286,171.469278912241,165.916474823287,-1,10000,5000
0.4745,170,170.092097071062,167.263798427051,172.936505659674,167.06627394468,-1,10000,5000
0.0475,170,172.429253824002,169.523131431284,175.179897310368,169.473056884628,-1,10000,5000
0.3225,170,170.643629748208,167.797059524329,173.375350815231,167.672298791735,-1,10000,5000
0.909,170,168.004677718,165.24500877451,170.901259028618,165.081023374228,-1,10000,5000
0.475,170,170.085153142978,167.2570841738,172.876769201722,167.253905017504,-1,10000,5000
0.897,170,168.149897081972,165.385480477898,171.029139484556,165.247314731736,-1,10000,5000
0.1785,170,171.252701781549,168.385886568531,173.925210973158,168.504556008021,-1,10000,5000
0.8435,170,168.563760561576,165.785791494526,171.691086209335,165.370360515531,-1,10000,5000
0.061,170,172.225513972331,169.326217116849,174.903142894049,169.435950989996,-1,10000,5000
0.1795,170,171.328994849336,168.459638755151,174.091338751373,168.427800796253,-1,10000,5000
0.3265,170,170.612765841274,167.767219627423,173.258547612163,167.804734057971,-1,10000,5000
0.873,170,168.362244021701,165.590877929717,171.214138862749,165.352574447662,-1,10000,5000
0.6285,170,169.523996826194,166.714458144668,172.31621896909,166.728545598968,-1,10000,5000
0.926,170,167.995645117391,165.236271344395,170.877903880232,165.12974735829,-1,10000,5000
0.359,170,170.54467182218,167.701384207225,173.393704030591,167.49180103522,-1,10000,5000
0.602,170,169.620622502087,166.807897353092,172.3154238694,166.811413856652,-1,10000,5000
0.6265,170,169.555618108995,166.745036833979,172.337334849479,166.661753829727,-1,10000,5000
0.281,170,170.80920412033,167.957137338551,173.593438095085,168.093393961768,-1,10000,5000
0.1395,170,171.512964246263,168.637476643709,174.29140170307,168.771726338975,-1,10000,5000
0.1505,170,171.506492169946,168.631220384142,174.269470094209,168.597093526411,-1,10000,5000
0.1065,170,171.752184906283,168.868714706439,174.483366380285,169.034932208085,-1,10000,5000
0.329,170,170.651201845948,167.804380365545,173.471272618942,167.689983437186,-1,10000,5000
0.4405,170,170.225298690156,167.392592542995,173.11123148737,167.427286562543,-1,10000,5000
0.186,170,171.321949564628,168.452828154532,174.191085600702,168.465097027042,-1,10000,5000
0.5965,170,169.624650962377,166.811792926513,172.346259113926,166.862075171252,-1,10000,5000
0.8865,170,168.319165053447,165.549209502525,171.190653216552,165.323375213137,-1,10000,5000
0.027,170,172.906327275243,169.984191470193,175.59281765846,169.918171608219,-1,10000,5000
0.9645,170,167.415647561515,164.67519464608,170.273683929488,164.386298442769,-1,10000,5000
0.192,170,171.233932369533,168.367742087558,173.935960006222,168.511249466094,-1,10000,5000
0.9055,170,167.997903176486,165.238455615298,170.961587323549,164.897727202749,-1,10000,5000
0.137,170,171.565935951463,168.688681664215,174.184976118347,168.813574096099,-1,10000,5000
0.68,170,169.308711127066,166.506265630776,172.28910671829,166.356906390487,-1,10000,5000
0.279,170,170.803368579287,167.951495608068,173.656865116007,167.953985339283,-1,10000,5000
0.8845,170,168.298766919926,165.529479144941,171.095402063141,165.37398783519,-1,10000,5000
0.7965,170,168.853538679771,166.066061079097,171.70133126659,165.914678569364,-1,10000,5000
0.888,170,168.169127787682,165.404082172748,171.161149470744,165.22198328158,-1,10000,5000
0.0355,170,172.545893169606,169.635859663646,175.23278346551,169.770639274771,-1,10000,5000
0.857,170,168.485935072507,165.710516983671,171.409224185666,165.587606268184,-1,10000,5000
0.1055,170,171.732126050247,168.849325615793,174.472221313881,168.945954316292,-1,10000,5000
0.658,170,169.344840901547,166.541205625096,172.208213190044,166.19535466266,-1,10000,5000
0.546,170,169.807860173018,166.988955350493,172.58866253405,166.964597899077,-1,10000,5000
0.277,170,170.831966540922,167.979143709517,173.504349927578,168.060728069504,-1,10000,5000
0.325,170,170.658774615724,167.811701845593,173.438505586316,167.888792893591,-1,10000,5000
0.335,170,170.593554330951,167.748645429688,173.420586576119,167.657959090313,-1,10000,5000
0.839,170,168.401374292644,165.62872664635,171.393428916219,165.294587657395,-1,10000,5000
0.7995,170,168.717349927782,165.934343099123,171.628288440832,165.696832311528,-1,10000,5000
0.994,170,166.433636272846,163.725072857657,169.318915484604,163.445641464067,-1,10000,5000
0.203,170,171.159481814199,168.295769717532,173.879122453034,168.376706745392,-1,10000,5000
0.5595,170,169.717358390647,166.901441360848,172.646723439564,166.74190983214,-1,10000,5000
0.147,170,171.486490658197,168.611885789053,174.222480421818,168.625151592748,-1,10000,5000
0.321,170,170.661687398447,167.814517969579,173.453716630324,167.711534166114,-1,10000,5000
0.456,170,170.166780122533,167.336010709505,173.183049737009,167.078814461292,-1,10000,5000
0.079,170,172.052446830477,169.15894174166,174.809805910147,169.21089737318,-1,10000,5000
0.5105,170,169.94639354683,167.122912217019,172.754097079895,166.914024771844,-1,10000,5000
0.849,170,168.429173502768,165.655615228389,171.341968384083,165.52319679745,-1,10000,5000
0.4955,170,170.024417948213,167.198357443336,172.877047793264,167.193619780221,-1,10000,5000
0.594,170,169.583799735423,166.77228911644,172.52463504474,166.539452899542,-1,10000,5000
0.163,170,171.377740604133,168.506760491231,173.966229344954,168.573643918318,-1,10000,5000
0.7975,170,168.748670971314,165.964636255307,171.529512002521,165.799975284617,-1,10000,5000
0.6285,170,169.548142923031,166.737808131469,172.334097423165,166.821691097928,-1,10000,5000
0.749,170,168.956823834758,166.165953260841,171.970140615158,165.988781241001,-1,10000,5000
0.0845,170,172.020479365801,169.128043459142,174.806585863301,169.170098844141,-1,10000,5000
0.8975,170,168.212695945333,165.446225013484,170.933711919096,165.362670120231,-1,10000,5000
0.044,170,172.337125129266,169.434090138936,175.21310090013,169.667462184703,-1,10000,5000
0.236,170,171.031250534527,168.171804315289,173.848968858949,168.28109433544,-1,10000,5000
0.8995,170,168.168562115907,165.40353500435,170.939591433513,165.192893475634,-1,10000,5000
0.1915,170,171.204613398444,168.339399163017,173.965372494021,168.384742867005,-1,10000,5000
0.382,170,170.4272356324,167.587841166948,173.289417707482,167.465157159763,-1,10000,5000
0.071,170,172.075541834027,169.181264190079,174.841723492248,169.246688253727,-1,10000,5000
0.229,170,171.017794470784,168.158795713969,173.732388880511,168.214151756436,-1,10000,5000
0.413,170,170.318083798065,167.482305494425,173.331113765315,167.199777660802,-1,10000,5000
0.3165,170,170.659939716881,167.812828283845,173.532899445486,167.77213994632,-1,10000,5000
0.042,170,172.493504970035,169.585228448261,175.161419629462,169.680432671848,-1,10000,5000
0.374,170,170.442342111992,167.602446995726,173.325633016154,167.554731557969,-1,10000,5000
0.2225,170,171.076314510776,168.215369501881,173.876189141125,168.161089159114,-1,10000,5000
0.0525,170,172.28664472664,169.385300743601,175.075597337331,169.506388574791,-1,10000,5000
0.9365,170,167.73412153888,164.983287193007,170.488214271506,164.904752699445,-1,10000,5000
0.8935,170,168.006371438749,165.246647145529,171.035307837839,165.003376889085,-1,10000,5000
0.2345,170,171.062266048957,168.201788321413,173.868341349472,168.286554773664,-1,10000,5000
0.0345,170,172.481602997341,169.573725568665,175.227559166434,169.844847584537,-1,10000,5000
0.288,170,170.828464235193,167.975757738643,173.75966494827,167.836957003096,-1,10000,5000
0.0625,170,172.230260438198,169.330804659984,174.997702327805,169.400735143227,-1,10000,5000
0.507,170,169.95563714242,167.131850316715,172.628205976795,167.134185038215,-1,10000,5000
0.0305,170,172.706828474605,169.791394292972,175.448198124976,169.909732059262,-1,10000,5000
0.524,170,169.874789758924,167.053674345567,172.704038934743,166.96928095622,-1,10000,5000
0.2005,170,171.236864818951,168.370576904945,174.099044251316,168.460607978605,-1,10000,5000
0.642,170,169.441836662069,166.635006015524,172.234347106298,166.614173310959,-1,10000,5000
0.069,170,172.138936901327,169.242538096495,174.886117740583,169.149124574288,-1,10000,5000
0.6985,170,169.238216457016,166.438091687416,171.951362846609,166.213775615332,-1,10000,5000
0.1005,170,171.899229470601,169.010847116168,174.668694422153,169.018484365016,-1,10000,5000
0.2145,170,171.100319305127,168.238575759513,173.876735180176,168.283893081732,-1,10000,5000
0.672,170,169.29896446398,166.496839889979,172.175677746662,166.283674356517,-1,10000,5000
0.867,170,168.390030313237,165.617754223253,171.181169814164,165.457629923684,-1,10000,5000
0.1185,170,171.694380911171,168.812840579906,174.397131471667,168.844521185932,-1,10000,5000
0.054,170,172.318711202871,169.41629310374,175.037471226732,169.517650817754,-1,10000,5000
0.5925,170,169.63846427905,166.825150559698,172.591938265916,166.636988694687,-1,10000,5000
0.979,170,166.940476428987,164.215476980274,169.923630175624,163.974186898327,-1,10000,5000
0.3665,170,170.490003171432,167.648528213571,173.401162139105,167.639193878009,-1,10000,5000
0.028,170,172.754570679236,169.837533415535,175.362716417581,169.934589796665,-1,10000,5000
0.423,170,170.264720005722,167.430708801163,173.023118976414,167.340300890859,-1,10000,5000
0.509,170,169.937150956672,167.113975073279,172.811878552889,166.931316656719,-1,10000,5000
0.986,170,166.666666666667,163.950552513362,169.766286049762,163.276499601734,-1,10000,5000
0.7975,170,168.773736180269,165.988878745124,171.588811284636,165.765265918047,-1,10000,5000
0.116,170,171.737435291451,168.854457588826,174.554189754552,168.924725514386,-1,10000,5000
0.743,170,169.02765569004,166.234457078263,171.78844999156,166.043824350449,-1,10000,5000
0.329,170,170.627322896723,167.781293728,173.470893766581,167.621736955727,-1,10000,5000
0.306,170,170.787031185415,167.935700778886,173.707986972078,167.69733603741,-1,10000,5000
0.966,170,167.222458215291,164.488293368161,170.295063584329,164.083212209878,-1,10000,5000
0.566,170,169.78018059626,166.962189742511,172.759646235134,166.912172038865,-1,10000,5000
0.4875,170,170.059696923313,167.232469856347,172.931208949991,167.07605175293,-1,10000,5000
0.1775,170,171.241556946938,168.375112811326,173.932626832578,168.416648103471,-1,10000,5000
0.4975,170,169.952748410783,167.12905705786,172.610130446845,167.135010842842,-1,10000,5000
0.7175,170,169.143742578076,166.34672646277,171.955088402477,166.067533440504,-1,10000,5000
0.4975,170,169.986263736264,167.161464601888,172.896145707115,167.048019255306,-1,10000,5000
0.11,170,171.684357647415,168.803151892452,174.30127300988,168.840161968626,-1,10000,5000
0.979,170,166.909822957738,164.185818942446,169.888300639679,163.972799309611,-1,10000,5000
0.597,170,169.610264482773,166.79788099972,172.481157491974,166.683977169293,-1,10000,5000
0.3875,170,170.384835596271,167.546846098169,173.181867744155,167.544284761268,-1,10000,5000
0.8225,170,168.58535993202,165.806682672538,171.43902661446,165.776609672087,-1,10000,5000
0.2815,170,170.812122040384,167.95995834593,173.515931307805,167.936076510165,-1,10000,5000
0.312,170,170.698396981751,167.850009231751,173.44559250815,167.835822218747,-1,10000,5000
0.248,170,170.973346009425,168.115825078846,173.737956958016,168.093397724375,-1,10000,5000
0.366,170,170.520822674716,167.678325899594,173.440317399856,167.66326329368,-1,10000,5000
0.2065,170,171.170615967708,168.306533323011,173.994804355279,168.141941581252,-1,10000,5000
0.6055,170,169.60853826921,166.796211724439,172.470013591869,166.784531519382,-1,10000,5000
0.671,170,169.352298171151,166.54841729039,172.067392658462,166.526515554338,-1,10000,5000
0.7105,170,169.207286117523,166.408179294829,172.01692679938,166.29090998981,-1,10000,5000
0.9125,170,168.013146663262,165.253200954502,170.92425279469,164.884600676842,-1,10000,5000
0.1305,170,171.577711885348,168.700064780825,174.20493043944,168.780132366378,-1,10000,5000
0.2995,170,170.735705430963,167.886079222083,173.496572744679,167.874075492688,-1,10000,5000
0.502,170,169.925021582636,167.102246522602,172.714671047775,167.001815957091,-1,10000,5000
0.2945,170,170.784697527132,167.933444617229,173.640831005298,168.021579976455,-1,10000,5000
0.881,170,168.255720425259,165.487841608277,171.111278028993,165.410268869371,-1,10000,5000
0.4865,170,170.064324760101,167.236944647916,172.975369732936,167.231393336442,-1,10000,5000
0.586,170,169.686252681311,166.871362204304,172.571677782286,166.609151779533,-1,10000,5000
0.371,170,170.527802222541,167.685074016192,173.43292214593,167.662812398483,-1,10000,5000
0.4435,170,170.180681880072,167.349452432592,172.878420018933,167.164894535109,-1,10000,5000
0.6395,170,169.49755899105,166.688891852247,172.396823907458,166.524964921869,-1,10000,5000
0.3915,170,170.361611645722,167.52439155141,173.065923030401,167.497099651287,-1,10000,5000
0.628,170,169.483768611179,166.675556029655,172.257925051579,166.561035911904,-1,10000,5000
0.138,170,171.44473783478,168.571524898014,174.033048104113,168.701863487726,-1,10000,5000
0.4565,170,170.196324072593,167.364576952559,173.19336508837,167.206399346018,-1,10000,5000
0.6695,170,169.373526302952,166.568946218219,172.466575967183,166.527297548235,-1,10000,5000
0.9605,170,167.300240267172,164.563544567099,170.256453074193,164.350483060431,-1,10000,5000
0.585,170,169.709868936933,166.894199091428,172.351733682586,167.099423386125,-1,10000,5000
0.412,170,170.330269353158,167.494087458713,173.210673914393,167.333431174939,-1,10000,5000
0.424,170,170.253123605914,167.419496335187,173.076687297502,167.356013407865,-1,10000,5000
0.9445,170,167.580069385088,164.834259152422,170.558779911776,164.401400442356,-1,10000,5000
0.561,170,169.750780931686,166.933760683761,172.552367041017,166.928571578828,-1,10000,5000
0.8345,170,168.605258986716,165.825929205594,171.420734423126,165.654212822292,-1,10000,5000
0.321,170,170.654696886947,167.807759430796,173.411869593892,167.725764509454,-1,10000,5000
0.156,170,171.47119853206,168.597103501762,174.139309722153,168.701967845319,-1,10000,5000
0.4975,170,170.03309174883,167.206744451244,172.976007751829,167.215715106008,-1,10000,5000
0.1235,170,171.625420953441,168.74618211763,174.321830324569,168.79790933926,-1,10000,5000
0.645,170,169.426332840819,166.620013063009,172.249571304948,166.498211425243,-1,10000,5000
0.532,170,169.870172231604,167.049209356092,172.789498093899,166.944676875582,-1,10000,5000
0.4715,170,170.123351765207,167.294019238812,172.878481193925,167.139036358773,-1,10000,5000
0.2005,170,171.222203576163,168.35640377253,173.969075985481,168.269146165671,-1,10000,5000
0.6065,170,169.575746886278,166.76450184108,172.309416107962,166.642644775372,-1,10000,5000
0.716,170,169.123144110713,166.326805560638,171.903269031431,166.203021950442,-1,10000,5000
0.674,170,169.374673921145,166.570056034167,172.112658145276,166.524322774825,-1,10000,5000
0.079,170,171.983790626634,169.092581570261,174.622499497457,169.273280079698,-1,10000,5000
0.0555,170,172.265867273104,169.365219158594,174.906879498372,169.398749923411,-1,10000,5000
0.458,170,170.162725871065,167.332090613674,173.070360011032,167.175157582473,-1,10000,5000
0.8225,170,168.608670724922,165.829229059914,171.634299962468,165.475556964493,-1,10000,5000
0.698,170,169.217022227187,166.417594999484,172.11245452213,166.258136388434,-1,10000,5000
0.8155,170,168.737849659791,165.954170096386,171.568991609907,165.790784534331,-1,10000,5000
0.6205,170,169.540668396155,166.730580055688,172.26573198747,166.767716764536,-1,10000,5000
0.9325,170,167.858018204344,165.103139931515,170.756625960289,164.776493146174,-1,10000,5000
0.9775,170,167.047573224274,164.319094536061,169.968209309653,163.988475920723,-1,10000,5000
0.4305,170,170.228196694519,167.395394617903,172.969795290979,167.357683253181,-1,10000,5000
0.2475,170,170.927167487769,168.071181506792,173.632750241074,168.205397008469,-1,10000,5000
0.315,170,170.712968653965,167.864097226885,173.417007483407,168.020015945492,-1,10000,5000
0.5395,170,169.834394904459,167.014613778706,172.788277920637,166.911082225289,-1,10000,5000
0.225,170,171.068704640874,168.208012756896,173.932445007832,168.313619244139,-1,10000,5000
0.379,170,170.458613623733,167.618179197243,173.242411882889,167.679613544114,-1,10000,5000
0.7045,170,169.19640590893,166.397657120988,172.003553526641,166.23685703195,-1,10000,5000
0.1875,170,171.290252952483,168.422187265262,174.091515623471,168.442565406711,-1,10000,5000
0.4845,170,170.04176643448,167.215132300613,172.859919019551,167.09520995403,-1,10000,5000
0.5825,170,169.686828609346,166.871919127193,172.444571862172,166.791413164691,-1,10000,5000
0.6515,170,169.418294939309,166.612240001599,172.168821465673,166.512886611462,-1,10000,5000
0.742,170,169.040800386804,166.247169641937,172.044386713192,166.024939287614,-1,10000,5000
0.4215,170,170.253703388388,167.420056922819,173.141235954201,167.375933955059,-1,10000,5000
0.052,170,172.200599318018,169.302136592964,174.951058909598,169.523202574452,-1,10000,5000
0.6325,170,169.541818280471,166.731692026557,172.233817515992,166.708076065366,-1,10000,5000
0.5785,170,169.711597213736,166.895870328585,172.510489645762,166.809171249385,-1,10000,5000
0.299,170,170.753782574542,167.90355619732,173.580567740688,167.844829114133,-1,10000,5000
0.902,170,167.95896016287,165.20078503413,170.983417620492,164.790109576644,-1,10000,5000
0.1375,170,171.562403486497,168.685267028778,174.193415993069,168.743997964389,-1,10000,5000
0.396,170,170.361611645722,167.52439155141,173.148872959378,167.600778514787,-1,10000,5000
0.574,170,169.734068015848,166.917599457852,172.752217294503,166.693448605337,-1,10000,5000
0.5005,170,169.964303926569,167.140230653518,172.802781557381,166.995916040826,-1,10000,5000
0.409,170,170.298358500271,167.463233447097,173.083447163658,167.391169126901,-1,10000,5000
0.6655,170,169.3953337083,166.590035250451,172.324505926926,166.568194828615,-1,10000,5000
0.8895,170,168.187231294028,165.421593473126,171.179116613495,165.286617351191,-1,10000,5000
0.944,170,167.575014077709,164.829368637586,170.415686015242,164.711776854821,-1,10000,5000
0.6875,170,169.28176720752,166.480208832774,172.112438238832,166.27524664711,-1,10000,5000
0.709,170,169.186099633507,166.387689973145,172.07250351828,166.328764304554,-1,10000,5000
0.2805,170,170.799867446048,167.948110751702,173.620393441112,168.009951028885,-1,10000,5000
0.9105,170,168.039688221593,165.278875045865,171.023777160507,165.127985301897,-1,10000,5000
0.114,170,171.742744860944,168.859589873828,174.381065660204,168.856067294815,-1,10000,5000
0.874,170,168.312931765847,165.543180283145,171.174719329736,165.332085484263,-1,10000,5000
0.8255,170,168.587065381231,165.80833220031,171.556561640621,165.70267701709,-1,10000,5000
0.9275,170,167.743688851311,164.992542337086,170.667359352823,164.624775471459,-1,10000,5000
0.182,170,171.325472134552,168.456233386004,174.303568571597,168.394492206114,-1,10000,5000
0.9985,170,165.734592600205,163.048617836867,168.836568555487,162.470125421281,-1,10000,5000
0.8505,170,168.537053205727,165.759959687178,171.488767735089,165.718182459025,-1,10000,5000
0.8575,170,168.42463422933,165.651224659504,171.185990155759,165.61135772756,-1,10000,5000
0.97,170,166.897007571206,164.173419666662,170.166350577805,163.650642641541,-1,10000,5000
0.5195,170,169.920978842723,167.098337371543,172.693609056628,166.874230914991,-1,10000,5000
0.329,170,170.61160138414,167.766093801378,173.527661747701,167.62137178167,-1,10000,5000
0.05,170,172.318711202871,169.41629310374,175.081337941114,169.435572712024,-1,10000,5000
0.9985,170,165.780756234809,163.093292625247,168.750858545103,162.606547255593,-1,10000,5000
0.8495,170,168.460955269144,165.686355728606,171.408641725603,165.545103769959,-1,10000,5000
0.0705,170,172.167390989924,169.270039880021,174.895661277875,169.246216565917,-1,10000,5000
0.1795,170,171.323710831483,168.454530753059,174.042343337107,168.463023633121,-1,10000,5000
0.481,170,170.063746266728,167.236385285874,172.880509634983,167.154956282698,-1,10000,5000
0.457,170,170.160409242677,167.329850641375,173.01339913046,167.384340538638,-1,10000,5000
0.4605,170,170.165042562534,167.334330645944,172.94947256592,167.233189677896,-1,10000,5000
0.4175,170,170.294297976702,167.459307388305,173.094230580624,167.34465008251,-1,10000,5000
0.926,170,167.867036011081,165.111863287377,170.838682809127,164.902789122552,-1,10000,5000
0.998,170,165.904535619948,163.213077937509,168.777207032036,162.815909979656,-1,10000,5000
0.5625,170,169.720815284549,166.904784158733,172.524716553335,166.917817454023,-1,10000,5000
0.5585,170,169.791712656522,166.97334103637,172.753909356793,166.951583050097,-1,10000,5000
0.469,170,170.090939710341,167.262679347408,172.986472810107,167.221766846699,-1,10000,5000
0.4905,170,170.051020408164,167.224080267559,173.078140082756,167.112666532398,-1,10000,5000
0.7415,170,169.057948716215,166.263754169064,171.898442516745,166.118546653919,-1,10000,5000
0.82,170,168.639951426837,165.859483845286,171.415747987281,165.529960870472,-1,10000,5000
0.5875,170,169.62004702338,166.807340857456,172.462680195767,166.664516737216,-1,10000,5000
0.757,170,168.967673251433,166.176446150523,171.876309951802,166.100820750995,-1,10000,5000
0.0425,170,172.517909149885,169.608814230858,175.270989412607,169.502706164038,-1,10000,5000
0.983,170,166.775637647028,164.055989027935,169.701916477936,163.822887654339,-1,10000,5000
0.024,170,172.702055705438,169.786781759466,175.298437330037,170.00634882817,-1,10000,5000
0.603,170,169.591278065924,166.779520809081,172.324492880304,166.679561814546,-1,10000,5000
0.7555,170,168.969386444597,166.178103043718,171.783658720722,165.988921642217,-1,10000,5000
0.766,170,168.954539924572,166.163744400282,171.696781060201,166.157777333134,-1,10000,5000
0.1515,170,171.504138808751,168.628945495752,174.301971426207,168.651478781452,-1,10000,5000
0.4065,170,170.331429973153,167.495209637004,172.99169647836,167.528385948639,-1,10000,5000
0.902,170,168.179310530424,165.413931822994,170.982404012129,165.306410218653,-1,10000,5000
0.564,170,169.735220525078,166.918713924693,172.520129052642,166.774255328746,-1,10000,5000
0.726,170,169.109414586131,166.313527609709,171.977691638752,166.314676365363,-1,10000,5000
0.842,170,168.561487265592,165.783592729395,171.414867530449,165.791179065348,-1,10000,5000
0.4455,170,170.178944036164,167.34777209911,173.074708173226,167.317238285252,-1,10000,5000
0.417,170,170.302999335752,167.467720596855,173.237280439153,167.535418328469,-1,10000,5000
0.222,170,171.092707299545,168.231216984624,174.038425418253,168.373842884526,-1,10000,5000
0.4565,170,170.129719870417,167.300176668987,172.886953962754,167.290149278069,-1,10000,5000
0.0295,170,172.749198363556,169.832341512459,175.535706219317,169.90556460646,-1,10000,5000
0.8315,170,168.583086053413,165.80448335323,171.435538591917,165.683595704245,-1,10000,5000
0.051,170,172.280114129761,169.378988875188,174.915069345561,169.523979823525,-1,10000,5000
0.501,170,169.993199591976,167.168171180207,172.790476440576,166.972351181597,-1,10000,5000
0.069,170,172.037645601418,169.144635577883,174.75419581305,169.386590838851,-1,10000,5000
0.842,170,168.503538928211,165.727543917799,171.419999840448,165.519236594044,-1,10000,5000
0.5195,170,169.926754244346,167.103921929048,172.609213343723,167.168992369625,-1,10000,5000
0.1915,170,171.305512820074,168.436938894447,174.033481729563,168.484381640905,-1,10000,5000
0.1485,170,171.584778221655,168.706895388228,174.485818317983,168.510017564973,-1,10000,5000
0.6355,170,169.476874262702,166.668888918519,172.463316489972,166.514811771497,-1,10000,5000
0.522,170,169.893262378812,167.07153669058,172.518762867757,167.020218377283,-1,10000,5000
0.434,170,170.221821215165,167.38923017693,173.039971838705,167.430950533552,-1,10000,5000
0.197,170,171.271475308748,168.404034960678,174.125796120213,168.352768332071,-1,10000,5000
0.882,170,168.257419211535,165.489484798136,171.108824362223,165.241257026851,-1,10000,5000
0.94,170,167.73693534101,164.986009186421,170.46080613129,164.772875361371,-1,10000,5000
0.2555,170,170.880429841442,168.025996982253,173.572156926866,167.961148998963,-1,10000,5000
0.025,170,172.722938518304,169.806963443957,175.337284660683,169.991328481341,-1,10000,5000
0.5105,170,169.927331806101,167.104480405329,172.673447440815,167.038745862278,-1,10000,5000
0.227,170,171.098562628337,168.236877523553,173.894122117331,168.323542367496,-1,10000,5000
0.0335,170,172.516718541881,169.60766355267,175.243758017333,169.791192867765,-1,10000,5000
0.364,170,170.462681987112,167.622112709109,173.215626682468,167.610414815292,-1,10000,5000
0.854,170,168.474011969591,165.698984596622,171.246345286686,165.372085626412,-1,10000,5000
0.1595,170,171.367754275197,168.497106904674,174.187372497206,168.299244900506,-1,10000,5000
0.342,170,170.577257048105,167.732888729356,173.391496628565,167.867494871003,-1,10000,5000
0.002,170,173.996721573923,171.037823304246,176.595362916369,171.242519352864,-1,10000,5000
0.089,170,171.786413771777,168.901800493193,174.438649323434,169.087541190942,-1,10000,5000
0.541,170,169.784793232381,166.966650081313,172.496728740089,166.835552115254,-1,10000,5000
0.4735,170,170.090939710341,167.262679347408,172.802724030072,167.185068001935,-1,10000,5000
0.3955,170,170.308800735808,167.473329872218,172.963360919745,167.373947224679,-1,10000,5000
0.6385,170,169.473427298798,166.665555562963,172.339383711545,166.577332678837,-1,10000,5000
0.6215,170,169.546992952923,166.73669607902,172.294720871245,166.660792488245,-1,10000,5000
0.023,170,172.743229515787,169.826573103547,175.417753640382,170.053072928969,-1,10000,5000
0.804,170,168.69002469869,165.907914471152,171.690680879264,165.804409375469,-1,10000,5000
0.658,170,169.391316132749,166.586150027487,172.341497642703,166.450999293096,-1,10000,5000
0.178,170,171.335453536032,168.465882289519,173.909160045203,168.594242560101,-1,10000,5000
0.2225,170,171.157723922369,168.294070326726,173.965188597323,168.33613169751,-1,10000,5000
0.0215,170,172.879421833397,169.95819028519,175.567811973475,170.085976618253,-1,10000,5000
0.88,170,168.375852488002,165.604040738594,171.212640421473,165.692990335638,-1,10000,5000
0.429,170,170.273418342325,167.439119136282,173.008659103562,167.437481380014,-1,10000,5000
0.82,170,168.636538422619,165.856182786782,171.535432884388,165.692931914967,-1,10000,5000
0.96,170,167.380896581741,164.641575290592,170.386082508337,164.253496168151,-1,10000,5000
0.6865,170,169.231914915224,166.431997550121,172.074662493732,166.346479956969,-1,10000,5000
0.29,170,170.798700433531,167.946982496565,173.532661625306,167.953050086698,-1,10000,5000
0.009,170,173.325336458124,170.389100550016,175.99017834819,170.514609339948,-1,10000,5000
0.5095,170,169.934262853414,167.111182411882,172.796592411688,167.195665143002,-1,10000,5000
0.252,170,170.887438858905,168.032773112068,173.715852143292,168.161356972624,-1,10000,5000
0.3495,170,170.541181286351,167.698009424628,173.435910181313,167.759640873469,-1,10000,5000
0.225,170,171.022474600623,168.163320216594,173.570721575101,168.237242485446,-1,10000,5000
0.876,170,168.318031694089,165.548113248153,171.191039305538,165.365562873691,-1,10000,5000
0.541,170,169.839587452356,167.01963482827,172.887118981806,166.691354713088,-1,10000,5000
0.9875,170,166.617787227803,163.903257741151,169.580225589381,163.498225201879,-1,10000,5000
0.968,170,167.262739167819,164.527263812886,170.161251292361,164.421002593893,-1,10000,5000
0.4765,170,170.081681391544,167.253727249312,172.921211493242,167.209022838213,-1,10000,5000
0.124,170,171.62129690021,168.74219567345,174.328222801552,168.853225087338,-1,10000,5000
0.727,170,169.074528742163,166.279789024204,171.965949836654,166.003564174359,-1,10000,5000
0.9205,170,167.877182201896,165.12167816464,170.825536393005,164.987586904811,-1,10000,5000
0.1075,170,171.822427818772,168.936611604594,174.627076122979,168.928551851343,-1,10000,5000
0.0955,170,171.836601419513,168.950311713325,174.708416970572,169.022976560733,-1,10000,5000
0.5525,170,169.753086419754,166.93599006397,172.645200479339,166.816407532369,-1,10000,5000
0.606,170,169.629255151308,166.816245233226,172.420742501245,166.770280849264,-1,10000,5000
0.3295,170,170.675087479731,167.827473357389,173.714659803618,167.660060189374,-1,10000,5000
0.3965,170,170.374384035006,167.536740807259,173.18509721222,167.453979304227,-1,10000,5000
0.469,170,170.114668753616,167.285623473519,172.917250605796,167.141314697435,-1,10000,5000
0.3675,170,170.483026717362,167.641783038004,173.365256418321,167.532137352476,-1,10000,5000
0.1865,170,171.232172948091,168.366041242945,173.845344837039,168.341556558742,-1,10000,5000
0.575,170,169.730610582065,166.914256146617,172.573447719184,166.88333954405,-1,10000,5000
0.053,170,172.302082651237,169.40022157549,175.016129519998,169.526501193059,-1,10000,5000
0.5645,170,169.715629996504,166.899770012117,172.425444831391,166.884459544035,-1,10000,5000
0.5355,170,169.847665380225,167.027445949919,172.714751860014,166.936344419849,-1,10000,5000
0.811,170,168.62459399569,165.844630116721,171.565808497465,165.666257913913,-1,10000,5000
0.879,170,168.19741622931,165.431445209105,171.132926969,165.153703784782,-1,10000,5000
0.949,170,167.536266851646,164.791884329281,170.483240985226,164.522868142795,-1,10000,5000
0.6305,170,169.475150763223,166.667222224074,172.35834634962,166.609549667838,-1,10000,5000
0.6545,170,169.374673921145,166.570056034167,172.232503307322,166.466412927409,-1,10000,5000
0.846,170,168.530235662542,165.753365622089,171.288505961748,165.761568530391,-1,10000,5000
0.085,170,172.05126263843,169.157797159502,174.903952955806,169.171509934583,-1,10000,5000
0.81,170,168.724182618322,165.940951571793,171.751733293757,165.761030100153,-1,10000,5000
0.2935,170,170.722295829862,167.873114784921,173.556641163177,167.874860028767,-1,10000,5000
0.0255,170,172.685353090514,169.770639865542,175.357683351329,169.98396699267,-1,10000,5000
0.784,170,168.809067979458,166.023050640351,171.569657228197,165.82149094526,-1,10000,5000
0.865,170,168.353739847255,165.58265223669,171.209053581286,165.45865324467,-1,10000,5000
0.3645,170,170.453383156158,167.613122096103,173.184553653859,167.50733324811,-1,10000,5000
0.339,170,170.553398786903,167.709821758001,173.290993099352,167.746491844015,-1,10000,5000
0.4085,170,170.381932256185,167.544038950638,173.215672579051,167.362353878854,-1,10000,5000
0.81,170,168.591044896914,165.812181226082,171.673232383811,165.539148254294,-1,10000,5000
0.8055,170,168.706532632794,165.923880760462,171.472126207387,165.750034430016,-1,10000,5000
0.0975,170,171.789365174814,168.904653323199,174.481419149928,168.991403724206,-1,10000,5000
0.773,170,168.924283942817,166.134482540927,171.761855878911,166.034100266155,-1,10000,5000
0.126,170,171.648401450231,168.768395755137,174.457631558039,168.754570395018,-1,10000,5000
0.7145,170,169.113418800528,166.317400126401,171.893893429076,166.226358735797,-1,10000,5000
0.264,170,170.907300864536,168.051975114864,173.786108682351,167.963969527407,-1,10000,5000
0.282,170,170.816207295949,167.963907915467,173.720219208622,167.835256887235,-1,10000,5000
0.2715,170,170.794616015305,167.943033722961,173.459655124418,168.034464588533,-1,10000,5000
0.791,170,168.827309535307,166.040693253102,171.586522650025,165.996996819872,-1,10000,5000
0.357,170,170.504539284765,167.662582406159,173.22899538842,167.684796651192,-1,10000,5000
0.2605,170,170.940024822974,168.08361151171,173.821421306351,168.01211131264,-1,10000,5000
0.345,170,170.591225957028,167.746394291255,173.529794483523,167.669770347904,-1,10000,5000
0.999,170,165.516761903501,162.837807030685,168.487867486988,162.581614759259,-1,10000,5000
0.5725,170,169.679341849826,166.864679419578,172.380695944543,166.681624849654,-1,10000,5000
0.325,170,170.644212193407,167.797622643282,173.475587163757,167.866508827638,-1,10000,5000
0.898,170,168.080928975344,165.318767647778,170.875607855174,165.110310467785,-1,10000,5000
0.3385,170,170.566781867621,167.722760985002,173.276439758865,167.800128509668,-1,10000,5000
0.062,170,172.196447576437,169.298123838192,174.90689273796,169.502052707012,-1,10000,5000
0.387,170,170.409808406134,167.570991450528,173.299946709983,167.433052179493,-1,10000,5000
0.772,170,168.912869407158,166.12344300803,171.767436736618,166.107674426034,-1,10000,5000
0.3405,170,170.567363788339,167.723323605381,173.206010006916,167.86619239642,-1,10000,5000
0.1775,170,171.31255675296,168.443748210285,174.110753833476,168.440700208129,-1,10000,5000
0.834,170,168.577970050815,165.799535098104,171.29859878631,165.669610889333,-1,10000,5000
0.552,170,169.787676257234,166.969437914084,172.660933508556,166.775003992324,-1,10000,5000
0.246,170,171.028325123153,168.168976187273,173.789704468323,168.006540113808,-1,10000,5000
0.4055,170,170.38599696001,167.54796898352,173.180686941466,167.524461562499,-1,10000,5000
0.3505,170,170.546417143676,167.70307164946,173.211724314978,167.813491992205,-1,10000,5000
0.0525,170,172.19585448684,169.297550603038,174.853039193125,169.425921858671,-1,10000,5000
0.063,170,172.099235458742,169.204165129729,174.836804997185,169.319732021184,-1,10000,5000
0.688,170,169.286352800954,166.484643456488,172.113076919645,166.3734637846,-1,10000,5000
0.4085,170,170.32446649042,167.488476792797,173.022723556573,167.539374893169,-1,10000,5000
0.886,170,168.121059268601,165.357585779248,171.143813985744,165.09191842267,-1,10000,5000
0.937,170,167.691363366506,164.941923948578,170.767977112572,164.603612899529,-1,10000,5000
0.7615,170,168.929420987188,166.139450809431,171.714086597134,166.035461159552,-1,10000,5000
0.586,170,169.697195982527,166.88194437491,172.452729277141,166.971450305219,-1,10000,5000
0.401,170,170.3488411713,167.512044115972,173.178142051859,167.351988012789,-1,10000,5000
0.7055,170,169.204995431009,166.405963989749,172.10413069842,166.366237993788,-1,10000,5000
0.8545,170,168.444495357206,165.670435116831,171.287568738376,165.497902657342,-1,10000,5000
0.277,170,170.843058123204,167.989866851232,173.659090788214,167.943357193453,-1,10000,5000
0.2585,170,170.924829998257,168.068921703412,173.635332732366,168.204558413706,-1,10000,5000
0.6165,170,169.562518865717,166.751710038786,172.35563574318,166.571205557609,-1,10000,5000
0.2605,170,170.951130441919,168.094347995643,173.737617365715,168.093749327836,-1,10000,5000
0.224,170,171.014284541499,168.155402496771,173.701085781252,168.306232386462,-1,10000,5000
0.6715,170,169.343693687591,166.54009619356,172.103909778064,166.578162559454,-1,10000,5000
0.0185,170,172.91350347418,169.991126463199,175.660476174038,170.207450909732,-1,10000,5000
0.3075,170,170.7030596462,167.854517132911,173.537166263444,167.846718632658,-1,10000,5000
0.8225,170,168.626868994176,165.846830501222,171.677311825143,165.57406898053,-1,10000,5000
0.1875,170,171.216339781986,168.350735187661,173.842088102129,168.47831427406,-1,10000,5000
0.5025,170,169.982218081797,167.157552679703,172.814857102187,167.100970839624,-1,10000,5000
0.926,170,167.946547345508,165.188777735196,170.754718769697,165.077758512992,-1,10000,5000
0.7525,170,168.977952931554,166.186388005331,171.893259542898,165.919607615254,-1,10000,5000
0.9155,170,167.851819024214,165.097143159035,170.919722049753,164.787316246421,-1,10000,5000
0.155,170,171.478844254199,168.604494321401,174.208121861013,168.614301111531,-1,10000,5000
0.792,170,168.886621828415,166.098057649314,171.489546436746,166.000981607487,-1,10000,5000
0.667,170,169.31501838945,166.51236520824,172.084241365487,166.32394698611,-1,10000,5000
0.026,170,172.71637480438,169.800620111865,175.394573900994,169.964795284696,-1,10000,5000
0.129,170,171.646633501221,168.766686806158,174.413453348046,168.787788796389,-1,10000,5000
0.0985,170,171.834829591543,168.948599078216,174.551788550768,168.948657345664,-1,10000,5000
0.1055,170,171.7445147904,168.861300704827,174.447044094199,168.959620591508,-1,10000,5000
0.126,170,171.57712305026,168.699495588508,174.393293246979,168.738269416809,-1,10000,5000
0.2675,170,170.905548148908,168.050280643969,173.615685164277,168.228638371626,-1,10000,5000
0.823,170,168.628006516438,165.847930715368,171.435114355816,165.705133127667,-1,10000,5000
0.498,170,169.994933644342,167.169847908872,172.525262064417,167.268210433891,-1,10000,5000
0.4395,170,170.218923427871,167.386428308393,173.055905828652,167.449499818139,-1,10000,5000
0.4375,170,170.155197059425,167.324810922964,172.920706591574,167.229878006783,-1,10000,5000
0.433,170,170.241528785614,167.40828537086,173.066696728498,167.34816789648,-1,10000,5000
0.4785,170,170.028465611705,167.202271275653,172.881241632891,167.003934384567,-1,10000,5000
0.615,170,169.591278065924,166.779520809081,172.356462037627,166.805024684092,-1,10000,5000
0.7995,170,168.746962250905,165.962983616134,171.49568284766,165.945163274705,-1,10000,5000
0.4235,170,170.27979768737,167.44528725239,173.09522009072,167.404382679556,-1,10000,5000
0.0125,170,173.201040695923,170.268990951906,175.819589527481,170.531616655411,-1,10000,5000
0.089,170,171.975508238451,169.084576104968,174.77808569367,169.050420934564,-1,10000,5000
0.1305,170,171.595967777919,168.717711647933,174.352396937366,168.738402998547,-1,10000,5000
0.733,170,169.039657288536,166.246064124432,172.071428888399,166.015900292738,-1,10000,5000
0.5245,170,169.883448299297,167.062046844198,172.50579865125,166.881763906824,-1,10000,5000
0.197,170,171.200509543671,168.335431915051,174.072648989256,168.215642444397,-1,10000,5000
0.0465,170,172.392984972725,169.488078208579,174.991928632208,169.635670147402,-1,10000,5000
0.8775,170,168.256286683539,165.488389334604,170.99746942001,165.234862370309,-1,10000,5000
0.525,170,169.877675840979,167.056465085199,172.650411338801,166.939640727091,-1,10000,5000
0.026,170,172.528625361484,169.619171037187,175.249822694822,169.960228797598,-1,10000,5000
0.3565,170,170.547580711187,167.704196629816,173.417588370197,167.625781381349,-1,10000,5000
0.9075,170,168.078103620429,165.316034663466,170.82753993689,165.24904859639,-1,10000,5000
0.9875,170,166.600019994002,163.886066406634,169.601031650346,163.718945136636,-1,10000,5000
0.107,170,171.722098379125,168.839632740031,174.363353552847,168.871291592375,-1,10000,5000
0.245,170,170.982701660067,168.124869703226,173.836286503346,168.129933751941,-1,10000,5000
0.587,170,169.622924455965,166.810123372767,172.551173708193,166.480148535703,-1,10000,5000
0.0315,170,172.549466251126,169.639312892927,175.217116366866,169.915952013276,-1,10000,5000
0.2235,170,171.044123533578,168.184249208693,173.813864290548,168.32680897802,-1,10000,5000
0.822,170,168.663846325122,165.882594934609,171.504297536565,165.75457281078,-1,10000,5000
0.0575,170,172.271209568211,169.370382539946,175.153667013083,169.336675230677,-1,10000,5000
0.149,170,171.465317671269,168.591418696788,174.163930736879,168.71606727855,-1,10000,5000
0.111,170,171.638383554026,168.758712168516,174.414267932822,169.025845281802,-1,10000,5000
0.2725,170,170.851815652959,167.998333456532,173.543497258412,168.110149620451,-1,10000,5000
0.6685,170,169.345414514354,166.541760346407,172.504526621221,166.347682183369,-1,10000,5000
0.625,170,169.522272368158,166.712790538716,172.279805137048,166.493615538781,-1,10000,5000
0.998,170,165.986606861245,163.292499322336,168.814841149114,163.073849257839,-1,10000,5000
0.208,170,171.143662087546,168.280476435685,173.9074697284,168.344769409046,-1,10000,5000
0.629,170,169.476874262702,166.668888918519,172.285820924729,166.385128628186,-1,10000,5000
0.6635,170,169.372952499687,166.56839131579,172.074064319845,166.511916425732,-1,10000,5000
0.6795,170,169.288645690835,166.486860856941,172.304785158269,166.31848656667,-1,10000,5000
0.8255,170,168.594456059891,165.815480533263,171.574595129245,165.557257549351,-1,10000,5000
0.502,170,169.935418082937,167.112299465241,172.645600656059,167.047196532628,-1,10000,5000
0.844,170,168.472308806929,165.69733724379,171.410413860679,165.477527881168,-1,10000,5000
0.742,170,168.991661117553,166.199645662355,171.889774594271,166.189368872872,-1,10000,5000
0.29,170,170.854151145863,168.000591362082,173.831132261339,167.783378540088,-1,10000,5000
0.615,170,169.518823557336,166.709455426893,172.195294155875,166.432227686033,-1,10000,5000
0.2675,170,170.872837387982,168.01865679165,173.627795514249,167.915110635075,-1,10000,5000
0.367,170,170.468494271686,167.627732332037,173.249345852317,167.463796334141,-1,10000,5000
0.658,170,169.40968374826,166.603912526282,172.043519475543,166.600362522506,-1,10000,5000
0.6975,170,169.220458768697,166.420918443765,172.11009976887,166.331308659291,-1,10000,5000
0.022,170,172.823843779275,169.904479701512,175.520899139038,170.072996657236,-1,10000,5000
0.4965,170,170.012276113947,167.186617045679,172.956389587458,167.018532937796,-1,10000,5000
0.6115,170,169.559643482154,166.748929471873,172.315133227647,166.67336336489,-1,10000,5000
0.5565,170,169.797479274145,166.978917241909,172.625786927448,167.052506435237,-1,10000,5000
0.402,170,170.355806647267,167.51877885511,173.372205438282,167.453862070955,-1,10000,5000
0.377,170,170.452220873621,167.611998337289,173.336779072167,167.547887672682,-1,10000,5000
0.0695,170,172.159683745468,169.262590597802,174.976821300128,169.488465124634,-1,10000,5000
0.7935,170,168.781713035641,165.996593749896,171.829899563048,165.932285619609,-1,10000,5000
0.9215,170,167.883383255652,165.12767671964,170.781637073193,164.952663598737,-1,10000,5000
0.2375,170,170.975684826101,168.118086143707,173.709771847248,168.156760301302,-1,10000,5000
0.154,170,171.361880507694,168.491428841015,174.027560454261,168.46859536229,-1,10000,5000
0.363,170,170.512680590988,167.670453783316,173.398896954284,167.64050234449,-1,10000,5000
0.5865,170,169.645947431643,166.832386837592,172.439619571235,166.706187428346,-1,10000,5000
0.547,170,169.794595916372,166.976129092585,172.773661175336,166.941617270968,-1,10000,5000
0.627,170,169.532619642658,166.722796674881,172.426189274398,166.662233644954,-1,10000,5000
0.951,170,167.634011648376,164.886442706908,170.46382179681,164.769028426287,-1,10000,5000
0.7985,170,168.783422459893,165.998247058511,171.585691820824,165.837524715753,-1,10000,5000
0.425,170,170.278057818588,167.443604993838,172.90977550183,167.555349517681,-1,10000,5000
0.7825,170,168.910016014271,166.120683354043,171.664749944439,166.179812382051,-1,10000,5000
0.568,170,169.733491767103,166.917042230012,172.688327824597,166.877025066519,-1,10000,5000
0.559,170,169.736373049959,166.919828406416,172.333015416555,166.924440366216,-1,10000,5000
0.6145,170,169.613717015315,166.801219650518,172.480468148886,166.810860494037,-1,10000,5000
0.638,170,169.491238121714,166.682779335336,172.326449360313,166.447885938857,-1,10000,5000
0.3315,170,170.575511095341,167.731200687027,173.312598319208,167.734150818254,-1,10000,5000
0.667,170,169.325340377972,166.522347299008,172.257463165955,166.322119664255,-1,10000,5000
0.128,170,171.651348112848,168.771244080349,174.445451520602,168.830959034153,-1,10000,5000
0.437,170,170.176047708521,167.344971618293,172.892200394304,167.293040217324,-1,10000,5000
0.112,170,171.752184906283,168.868714706439,174.609076081382,168.74402607807,-1,10000,5000
0.385,170,170.393546210239,167.555268105184,173.068039113322,167.505682063284,-1,10000,5000
0.5345,170,169.906542056075,167.084377610693,172.719946907007,167.079777471039,-1,10000,5000
0.4595,170,170.151143359869,167.320891351852,173.161142960107,167.088081387993,-1,10000,5000
0.942,170,167.649751350554,164.901669134695,170.601115868625,164.649556598163,-1,10000,5000
0.8475,170,168.501267256256,165.725346697425,171.312609651541,165.486776442374,-1,10000,5000
0.273,170,170.86641353124,168.012446362026,173.740494514021,167.920439337417,-1,10000,5000
0.684,170,169.350003556706,166.546198249933,172.125757251787,166.541941573969,-1,10000,5000
0.9075,170,168.071323156158,165.309475869776,170.946357258624,165.089704972385,-1,10000,5000
0.528,170,169.874212554281,167.05311620883,172.800352650267,166.791333205907,-1,10000,5000
0.509,170,169.927331806101,167.104480405329,172.781441518582,167.05269464774,-1,10000,5000
0.312,170,170.698396981751,167.850009231751,173.505727293742,167.746655417558,-1,10000,5000
0.4265,170,170.249065239156,167.415572326876,172.988093102776,167.533327806944,-1,10000,5000
0.1005,170,171.85373097389,168.966868976331,174.608069360018,168.989100938246,-1,10000,5000
0.621,170,169.577472432426,166.766170481721,172.432128955654,166.800456438621,-1,10000,5000
0.3385,170,170.59937554384,167.754273540118,173.391991733144,167.715897086635,-1,10000,5000
0.9505,170,167.649189167438,164.901125285279,170.40034203399,164.848145942328,-1,10000,5000
0.53,170,169.889798456567,167.068187209928,172.701393215234,167.062449454926,-1,10000,5000
0.3945,170,170.362772692887,167.525514135803,173.243438227262,167.21534004154,-1,10000,5000
0.128,170,171.588900519967,168.710880164662,174.528635171055,168.687102637579,-1,10000,5000
0.3955,170,170.392965474933,167.554706611709,173.31418456561,167.518940095293,-1,10000,5000
0.602,170,169.636161903373,166.822924138943,172.519142425872,166.728862738772,-1,10000,5000
0.8295,170,168.547280554779,165.769851768599,171.42344806356,165.55171690158,-1,10000,5000
0.114,170,171.75749538785,168.873847858173,174.506962953699,169.00880006713,-1,10000,5000
0.4335,170,170.268199233717,167.434072833822,173.137518840061,167.405513150036,-1,10000,5000
0.913,170,168.028392916559,165.267948925593,170.866402964122,165.080956506121,-1,10000,5000
0.935,170,167.774649399811,165.022492565737,170.65733640074,164.882148644204,-1,10000,5000
0.842,170,168.515466210956,165.739080280696,171.398216738483,165.750949454945,-1,10000,5000
0.9535,170,167.537389707484,164.792970591046,170.381681113153,164.541184381156,-1,10000,5000
0.925,170,167.885638297873,165.129858120426,170.818400695208,164.987900154782,-1,10000,5000
0.359,170,170.506865292926,167.664831295647,173.404117765857,167.514264216014,-1,10000,5000
0.8235,170,168.605258986716,165.825929205594,171.509072156717,165.67681451907,-1,10000,5000
0.7285,170,169.134587084268,166.337872139404,171.887326122326,166.29660438567,-1,10000,5000
0.1445,170,171.562403486497,168.685267028778,174.398796918846,168.676070693649,-1,10000,5000
0.8305,170,168.548417003517,165.770950961637,171.278572287495,165.559518891614,-1,10000,5000
0.738,170,169.028798625997,166.235562441402,171.913951544562,165.900681225478,-1,10000,5000
0.5895,170,169.644796134427,166.83127352321,172.356413072702,166.74006408899,-1,10000,5000
0.3715,170,170.476050834223,167.635038405187,173.232789917732,167.643998820844,-1,10000,5000
0.016,170,172.755167623826,169.838110313249,175.277026190703,170.128596286959,-1,10000,5000
0.6415,170,169.447579538176,166.640559645656,172.140479149113,166.636906857648,-1,10000,5000
0.419,170,170.300098783936,167.464916100077,173.030262260674,167.543052251516,-1,10000,5000
1,170,164.604514565664,161.954859941437,167.733396221079,161.600205722455,-1,10000,5000
0.312,170,170.686741434937,167.838740538091,173.506885012856,167.858533427547,-1,10000,5000
0.592,170,169.686252681311,166.871362204304,172.402261105963,166.838188032215,-1,10000,5000
0.797,170,168.739558195657,165.955822560035,171.810041936782,165.702338500253,-1,10000,5000
0.597,170,169.601633766314,166.789534957419,172.453334259893,166.709609199996,-1,10000,5000
0.7785,170,168.904880150003,166.11571620791,171.726486803132,166.036814108311,-1,10000,5000
0.8955,170,168.120493920155,165.357038918433,171.095280608442,164.971360570052,-1,10000,5000
0.986,170,166.759505408552,164.040380179985,169.738228703482,163.919571072545,-1,10000,5000
0.301,170,170.736871582787,167.887206659078,173.39836596815,167.940008422538,-1,10000,5000
0.139,170,171.650758772231,168.770674407615,174.610761713926,168.768392790905,-1,10000,5000
0.6445,170,169.443559484027,166.636672065695,172.468799117801,166.558387407098,-1,10000,5000
0.894,170,168.048160697,165.287070584191,171.123510768899,165.049693350246,-1,10000,5000
0.905,170,168.084319526628,165.322047348234,171.034635251276,165.104703903894,-1,10000,5000
0.133,170,171.61304938831,168.734223350117,174.54938295699,168.735395132267,-1,10000,5000
0.6255,170,169.523996826194,166.714458144668,172.440521183362,166.612091648452,-1,10000,5000
0.1285,170,171.507080520336,168.63178911583,174.233067399615,168.700958724557,-1,10000,5000
0.1325,170,171.680230761307,168.799162756153,174.510940738308,168.795844754904,-1,10000,5000
0.1355,170,171.566524709767,168.689250783562,174.368432160655,168.537014391712,-1,10000,5000
0.214,170,171.099733742189,168.23800967705,173.808254569974,168.443783018545,-1,10000,5000
0.0265,170,172.685949556844,169.771216308902,175.358697159149,169.968306106337,-1,10000,5000
0.542,170,169.83093338225,167.011266580043,172.477804138292,167.090794107879,-1,10000,5000
0.6095,170,169.561943781203,166.751153917985,172.196625748514,166.765133815372,-1,10000,5000
0.967,170,167.323196995914,164.585754115467,170.215732056239,164.435401412463,-1,10000,5000
0.1675,170,171.346023346517,168.476099980457,174.075352134467,168.505853312874,-1,10000,5000
0.366,170,170.480701359549,167.639534766763,173.369678185245,167.706510008587,-1,10000,5000
0.4255,170,170.272838425568,167.438558420987,172.988429572985,167.514820332733,-1,10000,5000
0.9895,170,166.546741020568,163.834514034064,169.422989640145,163.645559922688,-1,10000,5000
0.2775,170,170.834885238732,167.981965456189,173.532625010968,168.009352943611,-1,10000,5000
0.11,170,171.749824797659,168.866433405833,174.549295977064,168.930380910268,-1,10000,5000
0.5035,170,169.975283122147,167.150846953341,172.771416999693,167.178446747704,-1,10000,5000
0.217,170,171.093878333243,168.232349061936,173.956943811357,168.314967805824,-1,10000,5000
0.0815,170,172.06132879046,169.167526601594,174.959221639145,169.091511079104,-1,10000,5000
0.4855,170,170.04812843319,167.221283925018,173.083625723366,167.087846123206,-1,10000,5000
0.219,170,171.044123533578,168.184249208693,173.737541389621,168.256995905719,-1,10000,5000
0.6755,170,169.338531417133,166.535103934558,172.253913008674,166.511895208398,-1,10000,5000
0.7175,170,169.127721114325,166.331232015436,171.755368921591,166.222210115052,-1,10000,5000
0.5775,170,169.701804110589,166.886400427229,172.394916704359,166.77429489304,-1,10000,5000
0.4215,170,170.28617751044,167.451455822957,173.037478867435,167.315824534219,-1,10000,5000
0.3175,170,170.680331562633,167.832543401496,173.552591772057,167.724231096992,-1,10000,5000
0.0825,170,171.995032286697,169.103447342878,174.639804150725,169.184369811288,-1,10000,5000
0.4395,170,170.192847781315,167.361215711871,172.877249857462,167.55207143668,-1,10000,5000
0.9895,170,166.633336666334,163.918303117726,169.54853833178,163.801641959602,-1,10000,5000
0.082,170,172.034685661196,169.141774635499,174.782850658794,169.227579413356,-1,10000,5000
0.114,170,171.768117336229,168.884115097902,174.531819556388,168.825299318622,-1,10000,5000
0.435,170,170.227037480933,167.394273776683,173.040829029704,167.50543840402,-1,10000,5000
5e-04,170,174.092452337425,171.130315735433,176.659816225358,171.458335723436,-1,10000,5000
0.1915,170,171.272648790866,168.405169365079,174.214064701597,168.386846956659,-1,10000,5000
0.775,170,168.926567035076,166.136690623577,171.717722445946,166.180744164765,-1,10000,5000
0.3645,170,170.457451269865,167.617055370618,173.28365841279,167.570822785174,-1,10000,5000
0.2125,170,171.13311722764,168.270282458496,174.036590135911,168.347543048021,-1,10000,5000
0.779,170,168.87178984844,166.083712834617,171.756248542133,165.911389296064,-1,10000,5000
0.581,170,169.667249249148,166.852985834182,172.664097121234,166.714705713462,-1,10000,5000
0.5785,170,169.632132896318,166.819028045615,172.362353983082,166.74422914581,-1,10000,5000
0.1945,170,171.21927162887,168.353569432379,173.938731893126,168.339568852596,-1,10000,5000
0.2365,170,171.025984866108,168.166713753347,173.649626895634,168.247840075504,-1,10000,5000
0.384,170,170.391804016196,167.553583636047,173.253934797375,167.463307873836,-1,10000,5000
0.7815,170,168.866656308476,166.078747899104,171.728476259584,166.089593071116,-1,10000,5000
0.189,170,171.259154717292,168.392124637115,173.892277620616,168.349062057657,-1,10000,5000
0.1615,170,171.422399605004,168.549931231628,174.08630201489,168.494563568875,-1,10000,5000
0.0995,170,171.803533321192,168.918348248823,174.575972592553,169.066312762234,-1,10000,5000
0.6655,170,169.380412245396,166.57560533575,172.246429444491,166.685938176755,-1,10000,5000
0.4405,170,170.178364762748,167.347211995448,173.101099023388,167.188980477444,-1,10000,5000
0.6865,170,169.257696917171,166.45693093369,171.984461294538,166.298899360739,-1,10000,5000
0.2335,170,171.001416033329,168.142961871902,173.731222770105,168.226834019293,-1,10000,5000
0.8085,170,168.751518915562,165.96739072707,171.561806452729,165.862363090115,-1,10000,5000
0.0145,170,173.040980202133,170.114316820904,175.755965210557,170.27985545546,-1,10000,5000
0.736,170,169.052232219844,166.258225625713,171.868883912039,166.104340769128,-1,10000,5000
0.5575,170,169.784216639159,166.96609252593,172.70637114543,166.844902626796,-1,10000,5000
0.88,170,168.336167275544,165.565655060514,171.189134774263,165.433774996958,-1,10000,5000
0.0485,170,172.350195464669,169.446722561492,175.186637058392,169.492260957864,-1,10000,5000
0.5125,170,169.907696908731,167.085494305726,172.722879479831,166.845387676496,-1,10000,5000
0.625,170,169.494685810181,166.686113379894,172.165787450695,166.681624376237,-1,10000,5000
0.3605,170,170.473144384735,167.632228301684,173.304367656222,167.483025960624,-1,10000,5000
0.926,170,167.890712364373,165.134766482927,170.738645434544,164.882246734144,-1,10000,5000
0.9015,170,168.056069111567,165.294720486628,171.102766392125,165.111703888285,-1,10000,5000
0.337,170,170.59995768698,167.754836371933,173.417771060673,167.67812229711,-1,10000,5000
0.24,170,170.953468650838,168.096608482827,173.560178495649,168.338382927305,-1,10000,5000
0.5445,170,169.813627887545,166.994532599003,172.445141038834,167.038883547587,-1,10000,5000
0.3495,170,170.587151455596,167.742454944377,173.32663294473,167.751549791277,-1,10000,5000
0.1505,170,171.47002232763,168.595966510097,174.231216538913,168.565669553181,-1,10000,5000
0.763,170,168.855819860106,166.068267343339,171.767381163222,165.844119235315,-1,10000,5000
0.63,170,169.502730962092,166.693893335912,172.334936067881,166.583494791056,-1,10000,5000
0.942,170,167.597484445398,164.851106480627,170.426034492642,164.422793354266,-1,10000,5000
0.8265,170,168.62004418287,165.840229522878,171.426614120837,165.708658305978,-1,10000,5000
0.331,170,170.615677053651,167.770034258641,173.419896649474,167.843895300665,-1,10000,5000
0.488,170,170.020948675745,167.195002875754,172.757243946434,167.166419962384,-1,10000,5000
0.818,170,168.630281607005,165.850131187454,171.548934473324,165.700449232102,-1,10000,5000
0.1615,170,171.387140565223,168.515847230274,174.134739352046,168.516791596308,-1,10000,5000
0.8965,170,168.134063332347,165.370164576388,170.974437020849,165.152608944107,-1,10000,5000
0.721,170,169.093399624576,166.298039346116,172.104511522252,165.985872516272,-1,10000,5000
0.9625,170,167.36800875757,164.629107084649,170.260484644148,164.280216080438,-1,10000,5000
0.4745,170,170.086889071846,167.258762686577,172.974880039638,167.335795351624,-1,10000,5000
0.818,170,168.612082601203,165.832529045567,171.51268339363,165.491097094804,-1,10000,5000
0.18,170,171.292600447461,168.424456578491,174.10335008249,168.473954217811,-1,10000,5000
0.356,170,170.54059954427,167.697446974067,173.27822229826,167.733474527702,-1,10000,5000
0.2905,170,170.791115240874,167.939649207661,173.576074389613,167.893790726125,-1,10000,5000
0.3655,170,170.480120030008,167.638972708375,173.150477510352,167.674744535102,-1,10000,5000
0.1535,170,171.411232672877,168.53913647288,174.172056559802,168.481262139923,-1,10000,5000
0.7705,170,168.922000912271,166.13227451697,171.757231152739,165.99754062129,-1,10000,5000
0.4485,170,170.145931744239,167.315852173098,172.850899328258,167.288227029168,-1,10000,5000
0.9735,170,167.275051107639,164.539175132207,170.042232460284,164.333515573758,-1,10000,5000
0.4845,170,170.031935190948,167.205626134908,172.72867705736,167.16780259352,-1,10000,5000
0.7475,170,169.045944520335,166.252144652666,171.949045841619,166.167308571496,-1,10000,5000
0.439,170,170.20211820698,167.37017932041,173.065151593691,167.160112235879,-1,10000,5000
0.804,170,168.852398112717,166.064957968959,171.516544571447,166.239519422274,-1,10000,5000
0.8045,170,168.699132124877,165.916723078353,171.548845945254,165.812892934763,-1,10000,5000
0.8005,170,168.68262563895,165.900758166465,171.52623093489,165.712055504368,-1,10000,5000
0.7715,170,168.967673251433,166.176446150523,171.619219087749,166.244804531118,-1,10000,5000
0.0465,170,172.458398874079,169.551299441159,175.250202029998,169.586493092392,-1,10000,5000
0.4415,170,170.221241649814,167.388669795719,173.149094076743,167.038996564753,-1,10000,5000
0.035,170,172.516123244042,169.607088219431,175.187949552987,169.761447837052,-1,10000,5000
0.7645,170,168.924854710096,166.135034556087,171.879797375909,166.030668040792,-1,10000,5000
0.031,170,172.769495531734,169.851957034249,175.630108669051,169.806485464906,-1,10000,5000
0.043,170,172.397740674074,169.492674526607,174.972359662563,169.634655782097,-1,10000,5000
0.815,170,168.640520274305,165.860034034479,171.347485354783,165.711754743505,-1,10000,5000
0.6985,170,169.229050733174,166.42922763524,171.976648255686,166.285469172894,-1,10000,5000
0.1935,170,171.238037826841,168.371710858628,173.939393862619,168.361296367731,-1,10000,5000
0.8425,170,168.487070694135,165.711615389969,171.33978396748,165.314743705627,-1,10000,5000
0.352,170,170.563872323586,167.719947939728,173.398203726179,167.711639962804,-1,10000,5000
0.378,170,170.441179980023,167.601323380049,173.359291595158,167.523342830731,-1,10000,5000
0.864,170,168.41612375107,165.642992970111,171.200368383603,165.49857642208,-1,10000,5000
0.0735,170,172.121157871544,169.225354019441,174.94466631875,169.210913392203,-1,10000,5000
0.1335,170,171.504138808751,168.628945495752,174.224987552854,168.70571991734,-1,10000,5000
0.3765,170,170.473144384735,167.632228301684,173.41261280904,167.672497609805,-1,10000,5000
0.5905,170,169.655158371962,166.841293887602,172.489269224669,166.697764649605,-1,10000,5000
0.8825,170,168.239300592935,165.471959121807,171.092487546922,165.281479781842,-1,10000,5000
0.6305,170,169.545268027008,166.735028028158,172.455512997286,166.614485408556,-1,10000,5000
0.5715,170,169.701804110589,166.886400427229,172.685351362457,166.696656943152,-1,10000,5000
0.203,170,171.139561154281,168.27651196446,173.819577505873,168.374032213246,-1,10000,5000
0.446,170,170.151143359869,167.320891351852,172.868140678328,167.316362473044,-1,10000,5000
0.232,170,171.060510153457,168.200090828049,173.817418108281,168.26055483306,-1,10000,5000
0.1835,170,171.304925851814,168.436371476311,174.170008096078,168.34180699149,-1,10000,5000
0.3345,170,170.565036129288,167.721073146514,173.178489600344,167.97595840252,-1,10000,5000
0.583,170,169.668976658002,166.854656246037,172.469063269784,166.785354011782,-1,10000,5000
0.6705,170,169.371804904821,166.567281522025,172.30044378195,166.250415995733,-1,10000,5000
0.6765,170,169.307564402573,166.505156664702,172.044572857696,166.395092687828,-1,10000,5000
0.703,170,169.24509140149,166.444740346205,172.157482495198,166.230614664157,-1,10000,5000
0.5555,170,169.804399732362,166.985609180201,172.575002202092,167.052356923357,-1,10000,5000
0.7935,170,168.830730265935,166.04400166044,171.731477842311,165.902951282693,-1,10000,5000
0.7405,170,169.063665599205,166.269283080105,172.052990652794,165.990273792308,-1,10000,5000
0.1625,170,171.408294248334,168.536295976702,174.337725559139,168.497586883774,-1,10000,5000
0.5175,170,169.972393722632,167.148053059478,173.034961812558,167.075810260002,-1,10000,5000
0.047,170,172.447691384342,169.540950921286,175.190661938684,169.589210956758,-1,10000,5000
0.8415,170,168.479121664201,165.703926851659,171.324691887407,165.57444951884,-1,10000,5000
0.122,170,171.772838623894,168.888678716311,174.614880863696,168.96376549597,-1,10000,5000
0.107,170,171.976099811152,169.085147898779,174.823870032533,169.036389612219,-1,10000,5000
0.612,170,169.580923630074,166.769507863182,172.502946995076,166.783183650577,-1,10000,5000
0.021,170,172.724728708685,169.808693525874,175.347927655066,170.068793145648,-1,10000,5000
0.419,170,170.302999335752,167.467720596855,173.035501561315,167.552952652314,-1,10000,5000
0.017,170,172.83041566415,169.910830795998,175.388579140884,170.18621066259,-1,10000,5000
0.9355,170,167.796610169492,165.043736590196,170.667882212957,164.754286611498,-1,10000,5000
0.2115,170,171.137803671616,168.274812962545,173.754437239964,168.4710705561,-1,10000,5000
0.554,170,169.78882949459,166.97055307326,172.433621928821,167.004777491397,-1,10000,5000
0.101,170,171.677283106983,168.796313488513,174.312967957373,169.081151237665,-1,10000,5000
0.499,170,169.957948198436,167.134084991025,172.861734860084,166.987033997307,-1,10000,5000
0.9205,170,167.864217842394,165.109137139649,170.780884709057,164.893690001088,-1,10000,5000
0.5625,170,169.78018059626,166.962189742511,172.616435734527,166.820113553496,-1,10000,5000
0.591,170,169.645371781082,166.831830178543,172.31699012674,166.749543444375,-1,10000,5000
0.022,170,172.89855373187,169.976679199614,175.521583125312,170.115582940617,-1,10000,5000
0.8635,170,168.50297100448,165.726994607244,171.192740208697,165.710651505255,-1,10000,5000
0.4835,170,170.038874774251,167.21233625732,172.905130430387,167.158953538995,-1,10000,5000
0.945,170,167.598046281801,164.851650000165,170.403827355905,164.647977553617,-1,10000,5000
0.2455,170,171.008434979512,168.149747439079,173.781107187199,168.109045153755,-1,10000,5000
0.2965,170,170.766030556514,167.915397506121,173.612213035548,167.845410295023,-1,10000,5000
0.714,170,169.12257200268,166.326252270353,171.944543711895,166.02203264499,-1,10000,5000
0.303,170,170.695482945816,167.847191916479,173.4315301253,167.575435233036,-1,10000,5000
0.0535,170,172.300301211048,169.398499806886,175.154615526379,169.522595090033,-1,10000,5000
0.501,170,169.949859777344,167.126263892371,172.923612835557,166.958280039885,-1,10000,5000
0.303,170,170.766030556514,167.915397506121,173.567537610657,167.918389743575,-1,10000,5000
0.3185,170,170.702476799214,167.853953632024,173.415187093768,167.801101186249,-1,10000,5000
0.444,170,170.152880636027,167.322571145557,172.863360042465,167.308866130013,-1,10000,5000
0.427,170,170.28617751044,167.451455822957,172.950967197494,167.471705972117,-1,10000,5000
0.61,170,169.529170410811,166.719461162702,172.321788165928,166.626128849285,-1,10000,5000
0.5185,170,169.940616810168,167.117326390165,172.707467180537,167.297458989717,-1,10000,5000
0.6725,170,169.361477250785,166.557294043578,172.117167773571,166.540737782083,-1,10000,5000
0.064,170,172.089164871024,169.194431472871,174.799183939291,169.3181410882,-1,10000,5000
0.934,170,167.887893400675,165.132039578847,170.595805752245,164.971590754895,-1,10000,5000
0.213,170,171.117888057173,168.25556000498,173.891962461232,168.332089747014,-1,10000,5000
0.019,170,172.765913331952,169.848495142333,175.318375252523,170.118327116931,-1,10000,5000
0.514,170,169.912893939961,167.090519618098,172.953231298915,167.02736774532,-1,10000,5000
0.4615,170,170.10540785149,167.276668919326,172.751782451398,167.270529760595,-1,10000,5000
0.2095,170,171.133703019101,168.270848758161,173.855602429211,168.383925357547,-1,10000,5000
0.8655,170,168.371316088142,165.599652903127,171.197238622047,165.468241922618,-1,10000,5000
0.6425,170,169.471703869426,166.663888935184,172.273911211665,166.622974824793,-1,10000,5000
0.7315,170,169.139736927574,166.34285258031,172.020324480914,166.292056458433,-1,10000,5000
0.1185,170,171.661956936009,168.781498847222,174.269769186902,168.733881007653,-1,10000,5000
0.007,170,173.473282442749,170.532060027285,176.310967903617,170.552166012085,-1,10000,5000
0.8885,170,168.19119195562,165.425424564352,171.049557627772,165.29167394764,-1,10000,5000
0.0465,170,172.337719192414,169.4346642991,174.975466430936,169.471561330103,-1,10000,5000
0.807,170,168.704824765646,165.922228932855,171.648431677474,165.69578383996,-1,10000,5000
0.25,170,170.947038730216,168.090392289358,173.752326802065,168.07296414932,-1,10000,5000
0.3215,170,170.659357164314,167.812265062829,173.488455458858,167.80498621761,-1,10000,5000
0.822,170,168.648484541821,165.867737066463,171.55558151894,165.830412085459,-1,10000,5000
0.677,170,169.372952499687,166.56839131579,172.270707031911,166.553736072592,-1,10000,5000
0.884,170,168.201943263175,165.435824135102,171.103801806982,165.270005361661,-1,10000,5000
0.839,170,168.52966755884,165.752816140346,171.398950216796,165.579084635572,-1,10000,5000
0.671,170,169.382707683968,166.577825159915,172.097799890257,166.47198357273,-1,10000,5000
0.305,170,170.74561822926,167.895662919235,173.526117255967,167.936533276861,-1,10000,5000
0.1555,170,171.469434231466,168.595398020016,174.059961280513,168.478875826192,-1,10000,5000
0.1775,170,171.315491895967,168.44658558771,174.036202239144,168.514878454179,-1,10000,5000
0.1145,170,171.742154892565,168.859019604532,174.435111349954,168.929462582541,-1,10000,5000
0.3195,170,170.71238573931,167.863533661674,173.53467947457,167.742517587601,-1,10000,5000
0.978,170,166.966122525315,164.240290114048,169.915851184038,164.050751407658,-1,10000,5000
0.625,170,169.504455022581,166.695560563831,172.221631272826,166.453215688038,-1,10000,5000
0.3785,170,170.391223292765,167.553022153861,173.186245789282,167.581242410309,-1,10000,5000
0.608,170,169.618320610687,166.805671392827,172.406170862183,166.803181448502,-1,10000,5000
0.934,170,167.828717022555,165.074795389791,170.702309761989,164.773103195365,-1,10000,5000
0.5305,170,169.882871035812,167.061488651513,172.559975699794,167.078732455695,-1,10000,5000
0.58,170,169.671855750924,166.857440340122,172.359892778303,166.969287451846,-1,10000,5000
0.568,170,169.754815576902,166.937662138204,172.530905824314,166.826710762727,-1,10000,5000
0.27,170,170.923661277475,168.06779182451,173.831427266107,168.146087349416,-1,10000,5000
0.0835,170,171.903366892227,169.014846264096,174.698658913769,169.194655574041,-1,10000,5000
0.727,170,169.085965137752,166.290849347142,172.04364894653,165.921106024652,-1,10000,5000
0.8595,170,168.455279074078,165.680865516841,171.163273053889,165.645082569443,-1,10000,5000
0.112,170,171.742154892565,168.859019604532,174.483724633912,169.106625319392,-1,10000,5000
0.0055,170,173.377028714108,170.439050995364,175.963381687936,170.665711113577,-1,10000,5000
0.6595,170,169.387872648238,166.58281998061,171.953511499384,166.508486708976,-1,10000,5000
0.7475,170,168.960820826166,166.169818908131,171.80430073349,165.964039509165,-1,10000,5000
0.977,170,167.112902740592,164.382300628927,169.88466429963,164.117751052824,-1,10000,5000
0.614,170,169.598181725665,166.786196774355,172.575664523251,166.604823031283,-1,10000,5000
0.798,170,168.817048175074,166.030768822078,171.765274372498,165.70195394674,-1,10000,5000
0.0795,170,172.058960178134,169.165237220412,174.785045911725,169.15395267214,-1,10000,5000
0.7425,170,168.998516044634,166.20627528413,171.923101239242,166.050031949087,-1,10000,5000
0.6445,170,169.479172316538,166.671111229633,172.400251618668,166.658319959008,-1,10000,5000
0.161,170,171.391840932465,168.520390967307,174.095489058005,168.463414924496,-1,10000,5000
0.6295,170,169.469980475106,166.662222340738,172.335495430083,166.474721410679,-1,10000,5000
0.4725,170,170.088046377443,167.259881713812,173.00304612713,167.151301488812,-1,10000,5000
0.3705,170,170.480701359549,167.639534766763,173.222399414641,167.744674112756,-1,10000,5000
0.7205,170,169.136303663859,166.339532253235,171.91673971955,166.260006436461,-1,10000,5000
0.784,170,168.768608599959,165.983919477881,171.585199747249,165.722000170852,-1,10000,5000
0.1795,170,171.216339781986,168.350735187661,173.7446847503,168.465908656852,-1,10000,5000
0.0115,170,173.119474772239,170.190170496513,175.681387593462,170.568125774261,-1,10000,5000
0.328,170,170.688489665486,167.840430745681,173.576541204319,167.894894237784,-1,10000,5000
0.2,170,171.121402240546,168.25895726559,173.851907228615,168.302531981698,-1,10000,5000
0.0375,170,172.419144577566,169.513361043117,174.99068911245,169.77318075809,-1,10000,5000
0.0285,170,172.580439157586,169.669246770346,175.176704984611,169.898536042218,-1,10000,5000
0.0465,170,172.349601315504,169.446148319603,175.083638556392,169.511629710028,-1,10000,5000
0.8535,170,168.444495357206,165.670435116831,171.319165781454,165.397389000658,-1,10000,5000
0.866,170,168.420662565775,165.647383102642,171.272614531901,165.690225555318,-1,10000,5000
0.478,170,170.079945568975,167.252048837598,172.849129103415,167.147634280377,-1,10000,5000
0.885,170,168.174784714747,165.409554055842,171.155014342302,165.20700702729,-1,10000,5000
0.676,170,169.319605784537,166.516801545276,172.078906934643,166.429641460113,-1,10000,5000
0.863,170,168.31973173885,165.549757635155,171.336779493195,165.065486519751,-1,10000,5000
0.1335,170,171.584189338065,168.706326149818,174.376203542666,168.823480779956,-1,10000,5000
0.679,170,169.251966904546,166.4513895362,172.167505283429,166.356974156039,-1,10000,5000
0.407,170,170.365675380039,167.528320662608,173.199890016538,167.406602098995,-1,10000,5000
0.645,170,169.472852818446,166.665000016667,172.342329633693,166.5181626356,-1,10000,5000
0.7345,170,169.165490848924,166.367759259198,171.92108396014,166.417524046219,-1,10000,5000
0.678,170,169.277181862507,166.475774445303,172.005278218017,166.40861989527,-1,10000,5000
0.4865,170,170.040609758587,167.214013872075,172.954814667934,167.086230174874,-1,10000,5000
0.1685,170,171.390665816484,168.519255010077,174.064738595081,168.540381031888,-1,10000,5000
0.816,170,168.703686206757,165.921127732721,171.553240248744,165.81563968072,-1,10000,5000
0.511,170,169.960259317304,167.136319725094,172.62899560072,167.246531746585,-1,10000,5000
0.5065,170,169.957948198436,167.134084991025,172.714678023057,167.232627332283,-1,10000,5000
0.826,170,168.634831972315,165.854532306804,171.475148674608,165.776706085524,-1,10000,5000
0.524,170,169.889798456567,167.068187209928,172.586848093811,166.969275137588,-1,10000,5000
0.7835,170,168.770317758777,165.985572534035,171.696607433181,165.672397639049,-1,10000,5000
0.4885,170,170.027887362264,167.201712145532,172.826953969103,167.168949383224,-1,10000,5000
0.3745,170,170.438855763626,167.599076193892,173.302240512612,167.381481181508,-1,10000,5000
0.33,170,170.638970329742,167.792554708762,173.465154258272,167.647268443352,-1,10000,5000
0.741,170,169.003657604911,166.211247847564,171.883625010669,165.997592382803,-1,10000,5000
0.1195,170,171.650169435661,168.770104738727,174.399273389502,168.842412526112,-1,10000,5000
0.311,170,170.732790121096,167.883260695843,173.519488200448,167.881807958719,-1,10000,5000
0.351,170,170.534782341745,167.691822675959,173.411906784414,167.705607306111,-1,10000,5000
0.6745,170,169.313871579518,166.511256160916,172.168507875307,166.328946308328,-1,10000,5000
0.5755,170,169.68740454129,166.8724760538,172.518667834375,166.685670008754,-1,10000,5000
0.8125,170,168.635969602013,165.85563262314,171.75965413035,165.57520023174,-1,10000,5000
0.605,170,169.60853826921,166.796211724439,172.340392370029,166.812525952944,-1,10000,5000
0.3,170,170.794616015305,167.943033722961,173.663199592555,167.970871633389,-1,10000,5000
0.5865,170,169.656885534626,166.842964065362,172.506416804455,166.729660273814,-1,10000,5000
0.157,170,171.475315374643,168.601083093358,174.428851841648,168.501747526095,-1,10000,5000
0.9985,170,165.986055776893,163.291966035271,168.895139608054,163.012486755517,-1,10000,5000
0.205,170,171.140146989858,168.277078306056,173.851473128793,168.25503309482,-1,10000,5000
0.7825,170,168.789120790823,166.003758325088,171.757751947948,165.852855823761,-1,10000,5000
0.5735,170,169.708716771954,166.893084951918,172.77568101011,166.715019765966,-1,10000,5000
0.279,170,170.840722933561,167.987609233943,173.549480274444,168.015619547178,-1,10000,5000
0.337,170,170.59180804455,167.746957070199,173.464809791678,167.658871398059,-1,10000,5000
0.6385,170,169.452174119354,166.645002816301,172.239835987111,166.513178460256,-1,10000,5000
0.49,170,169.997823810237,167.172642531395,172.810135080974,167.093860838252,-1,10000,5000
0.697,170,169.243945538622,166.443632199519,172.218056628947,166.238452069982,-1,10000,5000
0.849,170,168.47571516669,165.70063198221,171.201332789584,165.672841041771,-1,10000,5000
0.1285,170,171.684357647415,168.803151892452,174.599430165086,168.722662953641,-1,10000,5000
0.6555,170,169.415424445025,166.609464083998,172.167553977122,166.653707140178,-1,10000,5000
0.163,170,171.424750723485,168.552203988619,174.241715761793,168.548317469637,-1,10000,5000
0.992,170,166.396522630527,163.689160831148,169.434576042055,163.226730645771,-1,10000,5000
0.411,170,170.344778240027,167.508115768209,173.227543474151,167.567897050309,-1,10000,5000
0.192,170,171.294361110921,168.426158603545,174.297660514907,168.520690929446,-1,10000,5000
0.0485,170,172.321086972257,169.418589285291,175.043033843232,169.530647357164,-1,10000,5000
0.4515,170,170.166200931924,167.335450684569,172.994691423925,167.147220982274,-1,10000,5000
0.0775,170,172.025214536897,169.132620270206,174.67947903109,169.196856152033,-1,10000,5000
0.8515,170,168.472308806929,165.69733724379,171.277859490823,165.545329983544,-1,10000,5000
0.9945,170,166.100208310493,163.40243077456,169.190882758652,163.051847466699,-1,10000,5000
0.833,170,168.476850650555,165.701730257467,171.58995438866,165.463961635852,-1,10000,5000
0.3805,170,170.452220873621,167.611998337289,173.373351579815,167.462969132111,-1,10000,5000
0.639,170,169.481470432696,166.673333600011,172.309885939247,166.519733527889,-1,10000,5000
0.084,170,172.000949540196,169.109166731492,174.923860330853,169.180919279229,-1,10000,5000
0.0635,170,172.054815263477,169.161230952445,174.822924618136,169.387163337011,-1,10000,5000
0.978,170,166.973929423081,164.247843425816,169.943733246005,163.902275402661,-1,10000,5000
0.286,170,170.825545756782,167.972936200519,173.805963550168,168.089300636399,-1,10000,5000
0.0245,170,172.664479364532,169.750466813784,175.278046672159,170.002270698588,-1,10000,5000
0.932,170,167.772960347929,165.020858636532,170.5994644766,164.818800158275,-1,10000,5000
0.7965,170,168.829590006991,166.042898843345,171.63030423683,166.05527587585,-1,10000,5000
0.586,170,169.631557339504,166.81847147571,172.299762632398,166.758638276316,-1,10000,5000
0.595,170,169.632708457037,166.819584619234,172.57978444243,166.837879305641,-1,10000,5000
0.329,170,170.665182868964,167.817897443127,173.486750995567,167.840777568205,-1,10000,5000
0.9845,170,166.590582692174,163.87693497691,169.5382820441,163.520052405038,-1,10000,5000
0.334,170,170.613348075801,167.767782546111,173.413932796428,167.74097119959,-1,10000,5000
0.704,170,169.237643570189,166.437537656493,172.128571791195,166.234436752716,-1,10000,5000
0.727,170,169.086536998144,166.291402401913,171.991599632615,166.014717698504,-1,10000,5000
0.0505,170,172.102790065234,169.207600805428,174.700604155756,169.456709655283,-1,10000,5000
0.219,170,171.110860123418,168.248765895302,173.866994269099,168.3515571616,-1,10000,5000
0.3285,170,170.65178434284,167.804943533637,173.462872568894,167.765505841689,-1,10000,5000
0.87,170,168.325398802751,165.555239161098,171.30042695338,165.469850630866,-1,10000,5000
0.882,170,168.191757779647,165.425971877585,171.25086135177,165.172188093483,-1,10000,5000
0.431,170,170.226457880061,167.393713361701,173.095487270366,167.243774236754,-1,10000,5000
0.3555,170,170.521985893011,167.679450547976,173.193052743732,167.816998998351,-1,10000,5000
0.684,170,169.29380492017,166.491850223932,172.084025689548,166.341813389377,-1,10000,5000
0.0985,170,171.82951432686,168.943461381214,174.562969374251,168.920836348835,-1,10000,5000
0.9115,170,167.960088691796,165.201876693319,170.781833416728,164.920893429698,-1,10000,5000
0.9375,170,167.803931703683,165.050819147215,170.695871006978,164.799771647713,-1,10000,5000
0.28,170,170.861741938792,168.007929974295,173.842112263536,167.928035455621,-1,10000,5000
0.63,170,169.49583507084,166.68722475772,172.308529014047,166.513290715912,-1,10000,5000
0.7,170,169.207286117523,166.408179294829,172.152919007634,166.363737114428,-1,10000,5000
0.365,170,170.496398755934,167.65471176802,173.197213149277,167.648242683721,-1,10000,5000
0.437,170,170.231094797558,167.398196786624,173.042503473251,167.238421678597,-1,10000,5000
0.0795,170,171.979649332825,169.08857874286,174.608198128771,169.140458012164,-1,10000,5000
0.7095,170,169.206140766513,166.407071634916,172.015552019724,166.368188659367,-1,10000,5000
0.9785,170,166.861357719779,164.138927187972,169.896308953286,163.662214777858,-1,10000,5000
0.0215,170,172.758749378007,169.841571781842,175.390937008937,170.0694802803,-1,10000,5000
0.93,170,167.719491289456,164.969134274977,170.801501802063,164.676750951314,-1,10000,5000
0.3215,170,170.648289421138,167.801564581788,173.445314405071,167.878400184718,-1,10000,5000
0.5715,170,169.757697583767,166.940449003032,172.432033577014,167.010368721481,-1,10000,5000
0.4605,170,170.130298812713,167.300736457842,172.916451761098,167.167905296773,-1,10000,5000
0.683,170,169.327634324112,166.524565703933,172.080050370715,166.43516551073,-1,10000,5000
0.296,170,170.826129444487,167.973500500561,173.732827828354,168.002164310638,-1,10000,5000
0.5035,170,169.964881743607,167.14078937252,172.836413807439,166.994092470967,-1,10000,5000
0.8535,170,168.420095200558,165.646834323349,171.188837158548,165.472216235944,-1,10000,5000
0.572,170,169.765767723621,166.948252719587,172.635249570183,166.938112615722,-1,10000,5000
0.355,170,170.538854341842,167.695759645022,173.319056835446,167.742828435442,-1,10000,5000
0.1635,170,171.42181183546,168.549363051957,174.196375183308,168.549805655699,-1,10000,5000
0.144,170,171.531206362386,168.655110418501,174.294124451455,168.799179406397,-1,10000,5000
0.0605,170,172.082056930438,169.187561330491,174.698039994899,169.428242350826,-1,10000,5000
0.5025,170,169.905964635635,167.083819268774,172.835840928911,166.937668373932,-1,10000,5000
0.365,170,170.453964303371,167.61368398116,173.190899134462,167.609728935396,-1,10000,5000
0.6955,170,169.214731277056,166.415379443707,172.061870364712,166.272904949153,-1,10000,5000
0.307,170,170.722878812197,167.873678414467,173.512026282675,167.857672434463,-1,10000,5000
0.218,170,171.148935004827,168.285573887464,173.903852059977,168.483046505746,-1,10000,5000
0.7025,170,169.214158549216,166.41482556398,172.081242168741,166.374247399188,-1,10000,5000
0.2335,170,171.021304544149,168.162189068112,173.594839634937,168.301736796716,-1,10000,5000
0.4825,170,170.041188094566,167.214573084473,172.792977996124,167.152621010279,-1,10000,5000
0.234,170,171.066948613193,168.206315137896,173.872383706304,168.115586317465,-1,10000,5000
0.186,170,171.247422468539,168.380783037993,173.976107403813,168.483255718127,-1,10000,5000
0.891,170,168.238168308836,165.470863890286,171.061078810002,165.170918738691,-1,10000,5000
0.0765,170,172.086203157754,169.191568845741,174.678534334874,169.188018138173,-1,10000,5000
0.197,170,171.148935004827,168.285573887464,173.85230271452,168.323455267169,-1,10000,5000
0.329,170,170.618006095085,167.772286031615,173.356137443907,167.708959118347,-1,10000,5000
0.2015,170,171.23100002055,168.364907365628,174.023679414397,168.26071656251,-1,10000,5000
0.4875,170,170.032513467922,167.206185291206,172.74943292785,167.254535848359,-1,10000,5000
0.748,170,169.008799478049,166.216220708547,171.755973004267,165.966901728503,-1,10000,5000
0.4835,170,170.075895454097,167.248132674599,172.784320499324,167.313844050398,-1,10000,5000
0.008,170,173.172843782474,170.241743275451,175.792906766635,170.555455870552,-1,10000,5000
0.6825,170,169.312151393748,166.509592617631,172.143354980198,166.406077668513,-1,10000,5000
0.579,170,169.689708308161,166.874703797401,172.636956819082,166.825728285874,-1,10000,5000
0.454,170,170.137825421134,167.308014053873,172.803533860063,167.244971664224,-1,10000,5000
0.3435,170,170.580167048805,167.735702208744,173.371978096375,167.859690019286,-1,10000,5000
0.3935,170,170.39528843991,167.556952608192,173.216778585421,167.373530919194,-1,10000,5000
0.272,170,170.852399520199,167.99889792723,173.763333314004,167.996065763403,-1,10000,5000
0.6055,170,169.52629615815,166.716681671168,172.398986463022,166.552987812674,-1,10000,5000
0.6255,170,169.506179118141,166.697227825101,172.462251752307,166.686505947557,-1,10000,5000
0.965,170,167.216865172937,164.482882266443,170.26526020496,164.204394190401,-1,10000,5000
0.461,170,170.123930664163,167.294578986463,173.008777834211,167.224108888587,-1,10000,5000
0.69,170,169.211294968169,166.412056220649,172.071137857053,166.073978477064,-1,10000,5000
0.6975,170,169.175222149282,166.377170390188,172.215879194276,166.141390366059,-1,10000,5000
0.4925,170,170.009385456623,167.183821955917,172.750688184477,167.24214408796,-1,10000,5000
0.894,170,168.211564019313,165.445130122595,171.007941548759,165.243732941818,-1,10000,5000
0.597,170,169.633284021661,166.820141196568,172.403640286707,166.88134711098,-1,10000,5000
0.3165,170,170.670426343226,167.822966908667,173.507931703989,167.867484663213,-1,10000,5000
0.3615,170,170.50279482029,167.660895778634,173.283050573422,167.643697929491,-1,10000,5000
0.9985,170,165.475674298065,162.798042516337,168.528775368217,162.355351012568,-1,10000,5000
0.431,170,170.236891299685,167.403801405522,173.102892513195,167.213576609616,-1,10000,5000
0.2835,170,170.784697527132,167.933444617229,173.412153095122,167.93566515571,-1,10000,5000
0.777,170,168.904309517697,166.115164321121,171.736125166898,166.085683073058,-1,10000,5000
0.8005,170,168.647915640623,165.867186826165,171.505418207158,165.688842404209,-1,10000,5000
0.649,170,169.452174119354,166.645002816301,172.330514798756,166.568957546896,-1,10000,5000
0.9355,170,167.695300707745,164.945732853891,170.544473059573,164.763796822687,-1,10000,5000
0.3805,170,170.413293566255,167.574361122748,173.178123570827,167.585029566292,-1,10000,5000
0.279,170,170.838971583221,167.985916060797,173.54481100913,167.921369992003,-1,10000,5000
0.8295,170,168.528531362926,165.75171718779,171.54461818182,165.49452562981,-1,10000,5000
0.889,170,168.237602172502,165.470316279963,171.057367932116,165.294940544432,-1,10000,5000
0.1645,170,171.438858788835,168.565841817814,174.171596291053,168.687935741551,-1,10000,5000
0.9255,170,167.865908732251,165.110772817483,170.737608967325,164.881511751215,-1,10000,5000
0.7795,170,168.801658473341,166.015884399819,171.724218053245,165.907719573573,-1,10000,5000
0.9995,170,165.857202571708,163.167272561139,168.731221086686,162.802304533476,-1,10000,5000
0.9395,170,167.691925832506,164.942468067138,170.657804264763,164.666215694692,-1,10000,5000
0.968,170,167.076602257765,164.347180131083,170.136982480404,164.131464849256,-1,10000,5000
0.4285,170,170.273418342325,167.439119136282,172.880242259344,167.597604537608,-1,10000,5000
0.377,170,170.392384743585,167.554145121996,173.096781257544,167.676571714252,-1,10000,5000
0.756,170,168.936841714002,166.146627721897,172.001902789954,165.839567240265,-1,10000,5000
0.986,170,166.752274728501,164.033384074327,169.644588510842,163.744429205843,-1,10000,5000
0.035,170,172.506003809314,169.597308151525,175.229821408797,169.783575448465,-1,10000,5000
0.6145,170,169.574596541689,166.763389432538,172.414397582562,166.630855828174,-1,10000,5000
0.807,170,168.793679732605,166.008167601846,171.652696108705,165.891047078062,-1,10000,5000
0.76,170,168.930562595033,166.140554909453,171.749595054133,165.89866346706,-1,10000,5000
0.499,170,169.964303926569,167.140230653518,172.765274796664,167.13789726492,-1,10000,5000
0.881,170,168.268178987934,165.49989242507,171.311580780654,165.227120207463,-1,10000,5000
0.4385,170,170.208492210481,167.376342358266,173.073464071786,167.390491087833,-1,10000,5000
0.559,170,169.742135909145,166.925401038276,172.688757588873,166.720376001611,-1,10000,5000
0.1675,170,171.368341674094,168.497674732089,174.022806298523,168.605569014021,-1,10000,5000
0.4795,170,170.077052610094,167.249251559599,173.079023132886,167.361358564202,-1,10000,5000
0.647,170,169.448153847197,166.641115029029,172.212077434365,166.620248387377,-1,10000,5000
0.16,170,171.418285302841,168.545954054373,174.180017492713,168.514327963481,-1,10000,5000
0.0235,170,172.728309200776,169.812153795471,175.367115375992,170.085086747229,-1,10000,5000
0.9075,170,168.084884631807,165.322593977629,171.003416178403,165.214159233245,-1,10000,5000
0.5615,170,169.749051856732,166.93208868768,172.598637217112,166.73622588214,-1,10000,5000
0.529,170,169.921556365219,167.098895810496,172.772952591935,167.057839057705,-1,10000,5000
0.1055,170,171.834238990339,168.948028207563,174.60553883039,169.036478656979,-1,10000,5000
0.776,170,168.931133404743,166.141106964967,171.637593826529,166.094967595875,-1,10000,5000
0.276,170,170.8109548604,167.958829931607,173.433257545729,168.00603957312,-1,10000,5000
0.265,170,170.869917393222,168.015833812178,173.639396653316,167.916666192425,-1,10000,5000
0.9785,170,167.016880413976,164.289399062236,169.897611302131,163.895241959342,-1,10000,5000
0.803,170,168.779433857165,165.994389389639,171.538260639108,165.948049711003,-1,10000,5000
0.0515,170,172.467917759073,169.56049918611,175.353515908667,169.583165895411,-1,10000,5000
0.2565,170,170.919570880598,168.063837367986,173.726236406995,167.980850853271,-1,10000,5000
0.838,170,168.511490262433,165.735234647945,171.316782587873,165.604661735417,-1,10000,5000
0.2215,170,171.068704640874,168.208012756896,173.746671890519,168.338710917763,-1,10000,5000
0.066,170,172.098643038603,169.203592530677,174.941506627438,169.311184100467,-1,10000,5000
0.1035,170,171.763986422417,168.880122134104,174.340206174152,169.023686647709,-1,10000,5000
0.163,170,171.34484885873,168.474964620257,174.069555125564,168.600036499767,-1,10000,5000
0.952,170,167.414526336939,164.674109936436,170.40029431805,164.423922574397,-1,10000,5000
0.8405,170,168.531371881437,165.754464596504,171.333303120214,165.507268912637,-1,10000,5000
0.097,170,171.931743149555,169.042274091905,174.540270046699,169.127457669524,-1,10000,5000
0.454,170,170.156934418363,167.32649079537,172.944907883949,167.322832357317,-1,10000,5000
0.314,170,170.689655172414,167.841557569654,173.564071621878,167.827408410748,-1,10000,5000
0.2555,170,170.937686981794,168.081351374065,173.7722999193,167.995718071827,-1,10000,5000
0.118,170,171.689663935384,168.808281059036,174.472692069548,168.888072752813,-1,10000,5000
0.736,170,169.093399624576,166.298039346116,171.887672249691,166.148561755046,-1,10000,5000
0.004,170,173.721024778571,170.77144291623,176.351857636045,170.95837389605,-1,10000,5000
0.7425,170,168.976239564674,166.184730946921,171.74801218002,165.932200461319,-1,10000,5000
0.187,170,171.289079229122,168.421052631579,174.097338184192,168.43242207923,-1,10000,5000
0.4235,170,170.294878039642,167.459868242576,173.113250195146,167.452730298495,-1,10000,5000
0.983,170,166.794555281244,164.074292839798,169.754339210515,163.599513093537,-1,10000,5000
0.995,170,166.29357743237,163.589547282287,169.292267508458,163.049499266336,-1,10000,5000
0.211,170,171.108517607116,168.246501314005,173.953538432953,168.430865337772,-1,10000,5000
0.343,170,170.581913096884,167.737390341681,173.346078018321,167.902295618106,-1,10000,5000
0.4895,170,170.049285211376,167.222402450812,172.985022366255,167.102869297788,-1,10000,5000
0.6415,170,169.481470432696,166.673333600011,172.268740199606,166.57103919176,-1,10000,5000
0.9155,170,167.834914496345,165.08079053889,170.833112135491,164.573791641476,-1,10000,5000
0.16,170,171.421224069947,168.548794876117,174.209840074968,168.533846716866,-1,10000,5000
0.65,170,169.368935985691,166.564507102311,172.34495392833,166.355313341463,-1,10000,5000
0.196,170,171.187026834538,168.322397988211,173.901913702218,168.354441335696,-1,10000,5000
0.702,170,169.200414244039,166.401533556533,172.185708773501,166.163381025955,-1,10000,5000
0.29,170,170.763114210962,167.912577995392,173.589160402171,167.817727041697,-1,10000,5000
0.999,170,165.658259221461,162.974745433448,168.687139995014,162.550728482353,-1,10000,5000
0.055,170,172.353166271939,169.449593829324,175.027204457627,169.389448520496,-1,10000,5000
0.752,170,168.932845857015,166.142763153523,171.984561757409,165.839654842432,-1,10000,5000
0.627,170,169.529170410811,166.719461162702,172.35233911664,166.65613040345,-1,10000,5000
0.159,170,171.415346636495,168.543113328389,174.116268798356,168.667706366066,-1,10000,5000
0.7275,170,169.056805386013,166.262648430979,171.868390876786,166.104800151588,-1,10000,5000
0.6085,170,169.570570458531,166.759496119507,172.425048414628,166.582670677321,-1,10000,5000
0.779,170,168.862663770946,166.074886487815,171.464666923735,166.091030675066,-1,10000,5000
0.2935,170,170.814456448208,167.962215220064,173.60180612722,167.845249150378,-1,10000,5000
0.9485,170,167.581754555328,164.835889388525,170.407693368567,164.573742056265,-1,10000,5000
0.931,170,167.708801567228,164.958793293435,170.774070502602,164.629788986783,-1,10000,5000
0.08,170,172.015152609903,169.122894842766,174.885357231271,169.14415841293,-1,10000,5000
0.471,170,170.102514026355,167.273870817735,172.843612196883,167.217732022356,-1,10000,5000
0.624,170,169.52342200295,166.71390227231,172.46528540284,166.446584906981,-1,10000,5000
0.8285,170,168.598435924501,165.819329890924,171.519221720087,165.670019724845,-1,10000,5000
0.061,170,172.082056930438,169.187561330491,174.634878988919,169.397850814977,-1,10000,5000
0.8005,170,168.79140023093,166.005962934189,171.697667765739,165.943937140508,-1,10000,5000
0.4685,170,170.088625036148,167.260441233044,172.911068974954,167.122019612646,-1,10000,5000
0.6955,170,169.268585010107,166.467460605475,171.990562048925,166.35106656984,-1,10000,5000
0.7385,170,169.101406726174,166.305783117302,171.864930863099,166.113426907096,-1,10000,5000
0.055,170,172.33415487496,169.431219396486,174.965111976789,169.492555263159,-1,10000,5000
0.6135,170,169.611415311336,166.798993868469,172.455984791763,166.688237202377,-1,10000,5000
0.314,170,170.715883286951,167.866915109701,173.632723213187,167.823643223259,-1,10000,5000
0.881,170,168.361110082135,165.589781123427,171.139492132402,165.537738624021,-1,10000,5000
0.5575,170,169.773262111987,166.955499681115,172.545750305209,166.918610089067,-1,10000,5000
0.663,170,169.384429303727,166.579490066865,172.235413853501,166.471645506494,-1,10000,5000
0.272,170,170.926583109398,168.07061655025,173.702799485014,167.976114381412,-1,10000,5000
0.423,170,170.314022333808,167.47837854133,173.132660411643,167.560931427896,-1,10000,5000
0.4965,170,169.95737042854,167.133526316845,172.797631145531,166.928806865353,-1,10000,5000
0.5395,170,169.848242404477,167.028003915136,172.548552949106,167.058228945054,-1,10000,5000
0.339,170,170.574929119029,167.730638013801,173.392200381015,167.733426895932,-1,10000,5000
0.333,170,170.554562449682,167.710946828921,173.218045750195,167.654549495344,-1,10000,5000
0.87,170,168.329932728632,165.559624643219,171.422806281847,165.358141590805,-1,10000,5000
0.567,170,169.781333731794,166.96330480487,172.651671267805,166.973422252761,-1,10000,5000
0.123,170,171.67079862375,168.79004543828,174.485259622756,168.621277786548,-1,10000,5000
0.7115,170,169.214731277056,166.415379443707,172.077496091641,166.244724723641,-1,10000,5000
0.134,170,171.605391694155,168.726821152944,174.493044649331,168.702216996241,-1,10000,5000
0.091,170,171.855503191676,168.968581981866,174.541375923762,169.049814875931,-1,10000,5000
0.9385,170,167.73580980883,164.984920378277,170.548939188161,164.749363285264,-1,10000,5000
0.0345,170,172.564355683803,169.653702861719,175.263945821346,169.843308185749,-1,10000,5000
0.5125,170,169.94523816808,167.121795021776,172.662294698238,167.137000572589,-1,10000,5000
0.146,170,171.484137845876,168.60961142229,174.33589137618,168.733821403403,-1,10000,5000
0.683,170,169.335090078343,166.531775928165,172.172558178225,166.570279562336,-1,10000,5000
0.2985,170,170.717632114516,167.868605884802,173.54051010509,167.940228430825,-1,10000,5000
0.554,170,169.804976462677,166.986166865937,172.522467470325,166.995019653456,-1,10000,5000
0.75,170,169.025369864496,166.232246396085,171.806578460559,166.044075166556,-1,10000,5000
0.3845,170,170.414455317975,167.575484376938,173.177264906517,167.483428952102,-1,10000,5000
0.4025,170,170.354065224873,167.517095119557,173.13811061914,167.537309236281,-1,10000,5000
0.7785,170,168.850687291027,166.06330333123,171.822344384385,165.797372615716,-1,10000,5000
0.8295,170,168.66327732028,165.882044595729,171.463896137752,165.776959057507,-1,10000,5000
0.4845,170,170.04523655658,167.218487675997,172.80070549259,167.182141877085,-1,10000,5000
0.733,170,169.038514205727,166.24495862163,171.96481233383,166.161683299739,-1,10000,5000
0.738,170,169.072241648687,166.277577136168,171.796093853064,166.16464394533,-1,10000,5000
0.712,170,169.193542928695,166.39488834903,172.054668126965,166.355456725815,-1,10000,5000
0.39,170,170.387739035305,167.549653339767,173.13819124288,167.546406341798,-1,10000,5000
0.326,170,170.637223113417,167.790865465284,173.373050510167,167.899727980081,-1,10000,5000
0.9285,170,167.803931703683,165.050819147215,170.765588711382,164.786868462269,-1,10000,5000
0.2905,170,170.754948973319,167.904683869061,173.579775967122,167.838780592999,-1,10000,5000
0.5965,170,169.688556416906,166.873589918165,172.623044549662,166.954900224985,-1,10000,5000
0.544,170,169.821126502219,167.001783579049,172.712493954136,166.854266025737,-1,10000,5000
0.8095,170,168.642226839734,165.861684623958,171.71303425729,165.407178330499,-1,10000,5000
0.2375,170,171.024229715353,168.16501696785,173.64026928069,168.22414671514,-1,10000,5000
0.9395,170,167.716115440484,164.965868561795,170.560230585247,164.765044734641,-1,10000,5000
0.2275,170,171.061680746451,168.201222486485,173.813470596635,168.260726059373,-1,10000,5000
0.439,170,170.20617433579,167.374101201077,173.006022568358,167.310426046092,-1,10000,5000
0.6125,170,169.599907728423,166.787865849184,172.54495372214,166.71986033554,-1,10000,5000
0.7405,170,169.044801352494,166.251039068994,172.050220459964,166.169719140876,-1,10000,5000
0.06,170,172.17687777663,169.279209127535,174.842585746137,169.496490334458,-1,10000,5000
0.458,170,170.165621745257,167.334890663382,172.880654302329,167.38137554369,-1,10000,5000
0.6835,170,169.264573444473,166.463581097727,172.029165280255,166.412171355104,-1,10000,5000
0.5225,170,169.911739016657,167.089402855892,172.654253966454,167.127520520555,-1,10000,5000
0.534,170,169.87363535356,167.052558075822,172.688406109783,166.887859774052,-1,10000,5000
0.652,170,169.390742208941,166.585595010428,172.142354633482,166.531747226121,-1,10000,5000
0.0575,170,172.198819975683,169.300416817626,174.909543349128,169.468417071112,-1,10000,5000
0.2555,170,170.952299538383,168.095478231636,173.741821878198,168.119451123605,-1,10000,5000
0.825,170,168.591613414491,165.812731101494,171.561768523977,165.662108390817,-1,10000,5000
0.929,170,167.892403788032,165.136402668604,170.709956642765,164.981920610372,-1,10000,5000
0.7465,170,168.998516044634,166.20627528413,171.869585031634,165.944139260396,-1,10000,5000
0.7915,170,168.782852647962,165.99769595198,171.584057344541,165.868126252179,-1,10000,5000
0.177,170,171.320188333985,168.451125590421,174.174807361164,168.417722241341,-1,10000,5000
0.259,170,170.928336256501,168.07231143127,173.77344304625,168.199969382315,-1,10000,5000
0.3535,170,170.481282693056,167.64009682892,173.146582305224,167.640381742767,-1,10000,5000
0.7035,170,169.22733227048,166.427565730567,172.06995045732,166.19560881636,-1,10000,5000
0.6165,170,169.551017916553,166.740588327492,172.331465666367,166.504991000703,-1,10000,5000
0.2975,170,170.743285702577,167.893407833235,173.520004540491,168.010572894978,-1,10000,5000
0.711,170,169.182091976583,166.383814182556,171.968101487824,166.471563156935,-1,10000,5000
0.18,170,171.381852960232,168.510735818979,174.139268718878,168.594825879633,-1,10000,5000
0.4895,170,170.019214092602,167.19332564244,172.967012498342,167.100038241033,-1,10000,5000
0.082,170,171.863774024662,168.97657646697,174.526901641776,169.145058992334,-1,10000,5000
0.359,170,170.509191364551,167.667080245465,173.238057916331,167.614599394589,-1,10000,5000
0.7175,170,169.152899063138,166.355581728834,172.011150842532,166.115127814549,-1,10000,5000
0.684,170,169.299537766039,166.497394315779,172.143061971252,166.408154003565,-1,10000,5000
0.8765,170,168.207036467569,165.44075070395,171.257207680384,165.263458416254,-1,10000,5000
0.6905,170,169.272023646281,166.470786041758,172.313126669087,166.289498616353,-1,10000,5000
0.4045,170,170.35638712931,167.519340107815,173.292576034054,167.41054716802,-1,10000,5000
0.9565,170,167.236442458221,164.501822680195,170.344707047837,164.26526429645,-1,10000,5000
0.335,170,170.59180804455,167.746957070199,173.323206697257,167.730759580398,-1,10000,5000
0.0605,170,172.179842611885,169.282074721108,174.730427015762,169.367512617013,-1,10000,5000
0.73,170,169.0751005252,166.280342005407,171.72079896354,166.226876534996,-1,10000,5000
0.2605,170,170.848312533319,167.994946712003,173.379285860721,168.103694087643,-1,10000,5000
0.1375,170,171.53473754276,168.658523833136,174.267290800422,168.783065130892,-1,10000,5000
0.384,170,170.441179980023,167.601323380049,173.41728626594,167.380525611802,-1,10000,5000
0.8255,170,168.591044896914,165.812181226082,171.565993850483,165.640731077358,-1,10000,5000
0.913,170,167.948239894384,165.190414991361,170.819321562763,164.875144120176,-1,10000,5000
0.035,170,172.378719442817,169.474290750093,175.079922476266,169.745244816555,-1,10000,5000
0.6875,170,169.356887586593,166.552855548708,172.209669750259,166.466846111011,-1,10000,5000
0.838,170,168.480257193984,165.705025170593,171.495459286757,165.36990144151,-1,10000,5000
0.0455,170,172.293769578838,169.392186954769,175.105311032366,169.384332432031,-1,10000,5000
0.763,170,168.914581489165,166.125098844434,171.72823713554,166.040530165764,-1,10000,5000
0.7725,170,168.890044963027,166.101368343072,171.810837345123,166.094636625416,-1,10000,5000
0.0975,170,171.850777358802,168.964014044289,174.508185137681,169.065567737943,-1,10000,5000
0.2365,170,171.023644673107,168.164451380294,173.755613743123,168.326652087935,-1,10000,5000
0.3655,170,170.463844412319,167.623236603551,173.235757064205,167.528506416894,-1,10000,5000
0.455,170,170.085153142978,167.2570841738,172.827053908098,167.153255360383,-1,10000,5000
0.7505,170,169.057948716215,166.263754169064,171.937029737965,166.428814010296,-1,10000,5000
0.6,170,169.616018781764,166.80344549197,172.413442062538,166.773918057776,-1,10000,5000
0.1895,170,171.20695854665,168.341666245812,173.977665057171,168.321440833353,-1,10000,5000
0.113,170,171.690843155032,168.809420916163,174.511921608742,168.923619525108,-1,10000,5000
0.1975,170,171.255048247372,168.388154903631,173.994906819101,168.367354545186,-1,10000,5000
0.919,170,167.839985497175,165.085695984786,170.760593372185,164.892001227772,-1,10000,5000
0.973,170,166.963334524458,164.237592671062,170.096821181978,163.8496526132,-1,10000,5000
0.393,170,170.341876264915,167.505309918324,173.082897970347,167.576691716651,-1,10000,5000
0.901,170,168.086014853566,165.323687247261,170.811119800426,165.248973711572,-1,10000,5000
0.0965,170,171.82951432686,168.943461381214,174.451492015859,169.047617342998,-1,10000,5000
0.0425,170,172.541129291096,169.631255576628,175.379233593026,169.678706759003,-1,10000,5000
0.3855,170,170.415036199774,167.576046009679,173.26100814124,167.627571274505,-1,10000,5000
0.064,170,172.161462279095,169.264309604734,174.88830616412,169.352842554472,-1,10000,5000
0.012,170,173.132064494681,170.202336537676,175.757457755402,170.514491697761,-1,10000,5000
0.471,170,170.120457329523,167.291220556745,172.927656352694,167.379869378326,-1,10000,5000
0.543,170,169.832087207308,167.012382298024,172.735449511178,167.012348685212,-1,10000,5000
0.457,170,170.169096924397,167.338250846732,173.141970995506,167.156388794689,-1,10000,5000
0.729,170,169.099118905481,166.303570537659,172.0265052479,166.132983317191,-1,10000,5000
0.2395,170,171.022474600623,168.163320216594,173.671854893486,168.099763988174,-1,10000,5000
0.3145,170,170.664017696215,167.81677093682,173.403665731452,167.930018508292,-1,10000,5000
0.002,170,174.217424181706,171.25105747528,176.794606536648,171.560508363751,-1,10000,5000
0.5105,170,169.949282062439,167.125705270476,172.731311532711,167.112850016686,-1,10000,5000
0.7465,170,169.059092061882,166.264859921856,171.825400447325,166.228487284415,-1,10000,5000
0.6465,170,169.410831856488,166.605022808228,172.27836697668,166.517398449063,-1,10000,5000
0.1795,170,171.284384496528,168.416514249721,173.960566055032,168.532814817376,-1,10000,5000
0.537,170,169.841318372214,167.021308578548,172.599173954671,167.122598514967,-1,10000,5000
0.103,170,171.740385011749,168.857308819755,174.488431335645,168.997444262338,-1,10000,5000
0.78,170,168.884339815763,166.09585059346,171.782430099921,166.053152821559,-1,10000,5000
0.8275,170,168.541030360647,165.763806467441,171.55919924501,165.234001835473,-1,10000,5000
0.0705,170,172.11997273347,169.224208538377,174.941876098992,169.229132116659,-1,10000,5000
0.928,170,167.787599927509,165.035020431336,170.74725219964,164.730149186289,-1,10000,5000
0.2905,170,170.800450958287,167.948674884955,173.596517014097,167.905564392027,-1,10000,5000
0.147,170,171.478844254199,168.604494321401,174.195277978748,168.64038129033,-1,10000,5000
0.464,170,170.104829078587,167.276109291519,172.88139802526,167.217292286974,-1,10000,5000
0.6745,170,169.336237175731,166.53288524885,172.280882587519,166.468343617039,-1,10000,5000
0.7005,170,169.218740480494,166.419256705032,172.188692285899,166.196767971211,-1,10000,5000
0.6705,170,169.306417693613,166.5040477134,172.156409106495,166.300971748047,-1,10000,5000
0.41,170,170.309380897552,167.473890820421,173.308459882323,167.329745066742,-1,10000,5000
0.017,170,173.076323906655,170.14847155628,175.768682507822,170.287600623898,-1,10000,5000
0.6245,170,169.533769417797,166.723908541933,172.23781650319,166.780075640556,-1,10000,5000
0.5055,170,169.955059388237,167.131291657474,172.836935319226,167.014424949928,-1,10000,5000
0.4125,170,170.319244252003,167.483427514847,173.071291282427,167.369397636085,-1,10000,5000
0.098,170,171.847233154709,168.960588253184,174.621920335371,169.08822214406,-1,10000,5000
0.3945,170,170.392965474933,167.554706611709,173.297977773651,167.468344047401,-1,10000,5000
0.1155,170,171.620707765928,168.7416261968,174.36164938026,168.869137554914,-1,10000,5000
0.8185,170,168.649053446857,165.868287310413,171.580685176465,165.691609817358,-1,10000,5000
0.4985,170,169.990309583313,167.165376707176,172.83683905018,167.057219655074,-1,10000,5000
0.621,170,169.556193150602,166.745592913979,172.206369170928,166.852626383954,-1,10000,5000
0.173,170,171.34895963643,168.478938447905,174.046708143961,168.45828210474,-1,10000,5000
0.901,170,168.106361444649,165.343368573517,170.989986316531,165.290215211567,-1,10000,5000
0.852,170,168.42803866147,165.654517564348,171.261068097373,165.447102638899,-1,10000,5000
0.786,170,168.81191796271,166.025807051448,171.532897772142,165.895523004524,-1,10000,5000
0.2135,170,171.083339607017,168.22216091459,173.829170311354,168.307495272259,-1,10000,5000
0.1535,170,171.452969176532,168.579481854105,174.173172484089,168.718688018072,-1,10000,5000
0.2755,170,170.766613837578,167.915961419629,173.25276864655,168.031351290183,-1,10000,5000
0.496,170,169.994355622956,167.16928899558,172.810178185468,167.184386889651,-1,10000,5000
0.6295,170,169.521122748959,166.711678819948,172.382044363772,166.5249599319,-1,10000,5000
0.187,170,171.304338887576,168.435804061998,174.15922746804,168.489812468428,-1,10000,5000
0.3125,170,170.6943173593,167.846065016852,173.381388645484,167.898931563909,-1,10000,5000
0.3545,170,170.497561641033,167.655836099655,173.284881688774,167.619524705843,-1,10000,5000
0.502,170,169.942349789931,167.119002099015,172.674709102894,167.124080353252,-1,10000,5000
0.58,170,169.708716771954,166.893084951918,172.600187141656,166.90134554311,-1,10000,5000
0.419,170,170.2832775316,167.448651870904,172.976549787956,167.251702810164,-1,10000,5000
0.377,170,170.459194806612,167.618741116207,173.194689199598,167.562193919785,-1,10000,5000
0.734,170,169.121999898517,166.32569898375,171.992002214834,166.292541042635,-1,10000,5000
0.323,170,170.580167048805,167.735702208744,173.267580241936,167.691973495132,-1,10000,5000
0.2965,170,170.742119463134,167.892280312951,173.440369467181,168.033881617208,-1,10000,5000
0.22,170,171.088023325052,168.226688827729,173.746805541625,168.271165165678,-1,10000,5000
0.557,170,169.748475506241,166.931531363096,172.545763101148,166.688902894311,-1,10000,5000
0.504,170,169.945238168079,167.121795021776,172.677452429505,167.02734334839,-1,10000,5000
0.4415,170,170.193427153333,167.361775909277,172.869162101005,167.476940236852,-1,10000,5000
0.2365,170,170.931258248258,168.075136308936,173.500630567703,168.060221519438,-1,10000,5000
0.898,170,168.082059143907,165.319860866805,170.952172547221,164.98382205016,-1,10000,5000
0.1945,170,171.205199679472,168.339965927991,173.973809761479,168.356341259259,-1,10000,5000
0.6855,170,169.267438829094,166.466352156239,172.236956969676,166.257015438982,-1,10000,5000
0.313,170,170.678583499193,167.830853352757,173.460577310984,167.923254489052,-1,10000,5000
0.6645,170,169.346561751626,166.542869800115,172.05727051186,166.434756919623,-1,10000,5000
0.521,170,169.914048878965,167.091636395232,172.664301695111,167.046371163776,-1,10000,5000
0.8485,170,168.480257193984,165.705025170593,171.19399036743,165.687250309958,-1,10000,5000
0.7425,170,169.056233726711,166.262095567453,171.802561883995,166.093822151914,-1,10000,5000
0.133,170,171.551806964328,168.675023951853,174.232637266637,168.856283965528,-1,10000,5000
0.3515,170,170.54990789384,167.706446635809,173.318294472339,167.730141634858,-1,10000,5000
0.264,170,170.88101390427,168.026561638864,173.714752785625,167.829005285565,-1,10000,5000
0.147,170,171.455909132998,168.582323806184,174.293155941736,168.626884432656,-1,10000,5000
0.094,170,171.869682249931,168.982287276648,174.615113519216,169.002222128252,-1,10000,5000
0.7975,170,168.713933790032,165.931039060167,171.711555777328,165.749261332681,-1,10000,5000
0.0655,170,172.205937565661,169.307296128619,174.897593182871,169.462571561739,-1,10000,5000
0.893,170,168.169127787683,165.404082172748,170.956943146161,165.21896191478,-1,10000,5000
0.8975,170,168.154987134857,165.390404048757,171.135309706493,165.280325355235,-1,10000,5000
0.323,170,170.659939716881,167.812828283845,173.491385212286,167.739856626266,-1,10000,5000
0.6925,170,169.29380492017,166.491850223932,172.036140672043,166.423888065481,-1,10000,5000
0.0935,170,171.804714105547,168.91948959287,174.563519021167,168.979383785722,-1,10000,5000
0.507,170,169.982796020645,167.158111514519,172.65648819181,167.187506203742,-1,10000,5000
0.914,170,168.041382648329,165.280514088511,170.797599502925,165.162471289299,-1,10000,5000
0.8695,170,168.256852945631,165.488937064557,171.388816842458,165.149267984479,-1,10000,5000
0.2065,170,171.159481814199,168.295769717532,173.938079123627,168.266637942234,-1,10000,5000
0.168,170,171.429453153932,168.556749686484,174.174227279203,168.691412449255,-1,10000,5000
0.787,170,168.769748035324,165.985021511659,171.936617384897,165.611785467385,-1,10000,5000
0.6285,170,169.468831565032,166.66111129629,172.482854692706,166.487103197061,-1,10000,5000
0.335,170,170.61684156642,167.771160137572,173.464440217909,167.72843716946,-1,10000,5000
0.9695,170,167.278968923151,164.542965459141,170.118498175636,164.232468999278,-1,10000,5000
0.7515,170,169.006514162472,166.214010511374,171.679575028904,166.099047376641,-1,10000,5000
0.191,170,171.272062047797,168.404602160968,174.138127734912,168.441569034549,-1,10000,5000
0.7615,170,168.888333378375,166.099712979696,171.886138178325,165.788639025203,-1,10000,5000
0.838,170,168.477986149725,165.702828547283,171.521907639647,165.520715118586,-1,10000,5000
0.065,170,172.135973474637,169.239673841301,174.899162342999,169.251128890408,-1,10000,5000
0.6085,170,169.603359839336,166.791204099061,172.367111995481,166.75859077881,-1,10000,5000
0.9635,170,167.284006384197,164.54783899323,170.24293168806,164.061893935403,-1,10000,5000
0.675,170,169.350577204488,166.546753004503,172.096332493948,166.5947500932,-1,10000,5000
0.5195,170,169.917513790186,167.094986816206,172.752043992469,167.026923224009,-1,10000,5000
0.637,170,169.476874262702,166.668888918519,172.24918159503,166.723498809936,-1,10000,5000
0.4605,170,170.120457329523,167.291220556745,172.956380530825,167.338290743942,-1,10000,5000
0.3015,170,170.755532178683,167.905247710612,173.576203410532,167.737832473775,-1,10000,5000
0.7945,170,168.738988679857,165.955271735162,171.57744420813,165.631823274665,-1,10000,5000
0.4475,170,170.138404418596,167.308573895178,172.906147726337,167.289915583532,-1,10000,5000
0.1295,170,171.680230761307,168.799162756153,174.588166728482,168.692261755337,-1,10000,5000
0.8105,170,168.667829466518,165.88644740902,171.610688228123,165.628817958265,-1,10000,5000
0.8845,170,168.17591614583,165.410648475906,171.08269396661,165.125687224907,-1,10000,5000
0.905,170,168.065673187147,165.304010605905,170.907028174892,164.965133601863,-1,10000,5000
0.2615,170,170.911974948636,168.05649387098,173.699749451682,168.119530849894,-1,10000,5000
0.8755,170,168.282905122708,165.514136562404,171.158562947081,165.447689506652,-1,10000,5000
0.575,170,169.686252681311,166.871362204304,172.36601399356,166.72059050994,-1,10000,5000
0.108,170,171.791136065315,168.906365067461,174.448503870885,168.837544843624,-1,10000,5000
0.954,170,167.489681603774,164.746817091494,170.502887557424,164.4543106822,-1,10000,5000
0.0705,170,172.043565787437,169.150357753007,174.855335775076,169.372590681952,-1,10000,5000
0.7795,170,168.88205786478,166.09364359626,171.668129287617,165.9696330895,-1,10000,5000
0.11,170,171.734485672477,168.851606454184,174.37927119464,168.852222074772,-1,10000,5000
0.733,170,169.067667647358,166.27315353663,171.854751366413,166.332741466194,-1,10000,5000
0.191,170,171.196405885637,168.331464854073,173.855142007139,168.317179898818,-1,10000,5000
0.0925,170,171.834238990339,168.948028207563,174.530181095634,169.080900027053,-1,10000,5000
0.673,170,169.390742208941,166.585595010428,172.309143998114,166.442854852074,-1,10000,5000
0.786,170,168.848976504004,166.061648726473,171.733926265748,165.898625496922,-1,10000,5000
0.84,170,168.55637257381,165.778645721087,171.458772038338,165.681018774864,-1,10000,5000
0.771,170,168.891186038734,166.102471936987,171.669084571544,165.960616117728,-1,10000,5000
0.666,170,169.343693687591,166.54009619356,172.143718090959,166.179429893191,-1,10000,5000
0.395,170,170.342456652028,167.505871080781,173.23687644242,167.364170636295,-1,10000,5000
0.461,170,170.133193583296,167.303535458311,172.900374483836,167.285052028498,-1,10000,5000
0.0115,170,173.201040695923,170.268990951906,175.902519257674,170.433795404701,-1,10000,5000
0.0935,170,171.902775819801,169.014274945662,174.620717413409,169.054657204914,-1,10000,5000
0.4975,170,170.040031426541,167.213454663416,173.023904985445,167.087309169609,-1,10000,5000
0.2,170,171.21868525146,168.353002575801,173.994691787654,168.436818172164,-1,10000,5000
0.507,170,169.95563714242,167.131850316715,172.657708973562,167.048927035331,-1,10000,5000
0.2055,170,171.180579333014,168.316165084495,173.962256690223,168.201708211542,-1,10000,5000
0.4295,170,170.23573196768,167.402680451719,172.988527650187,167.365273990673,-1,10000,5000
0.936,170,167.694738219105,164.94518871379,170.81472439269,164.506090519061,-1,10000,5000
0.8275,170,168.613219923982,165.833629069972,171.526928507992,165.742601048373,-1,10000,5000
0.395,170,170.392384743585,167.554145121996,173.316428938752,167.456565038488,-1,10000,5000
0.519,170,169.918668791996,167.096103653055,172.822650451666,166.972943452225,-1,10000,5000
0.6535,170,169.395907663221,166.590590297098,172.139115047587,166.532307374989,-1,10000,5000
0.62,170,169.571720748497,166.760608476108,172.537289461722,166.574764329552,-1,10000,5000
0.3705,170,170.465006853379,167.624360513065,173.238336900176,167.535993525848,-1,10000,5000
0.7375,170,169.048802507583,166.254908676179,171.861212401429,166.178089776625,-1,10000,5000
0.934,170,167.793231215348,165.040467922735,170.589680445245,164.940657327383,-1,10000,5000
0.994,170,166.31791855595,163.613100828209,169.306375378195,163.390372006684,-1,10000,5000
0.9775,170,166.887536593752,164.164256188172,169.883306753829,163.952064048908,-1,10000,5000
0.075,170,171.986157169788,169.094868985296,174.678593088868,169.25190149527,-1,10000,5000
0.1875,170,171.317253030049,168.448288060048,174.055209757315,168.406783517232,-1,10000,5000
0.2445,170,170.978023706764,168.120347269389,173.788158559803,168.071650561186,-1,10000,5000
0.347,170,170.562708533765,167.718822748039,173.534213786382,167.448897209621,-1,10000,5000
0.057,170,172.342471845042,169.4392577205,175.198388278504,169.378713336841,-1,10000,5000
0.3085,170,170.661104833948,167.81395473722,173.48079688859,167.700283005587,-1,10000,5000
0.55,170,169.874212554281,167.05311620883,172.84871845507,167.01958106255,-1,10000,5000
0.5755,170,169.72311995872,166.907012765048,172.694087031334,166.746083110056,-1,10000,5000
0.954,170,167.422375224369,164.681703204047,170.546347596582,164.356724315991,-1,10000,5000
0.729,170,169.065380739499,166.270941825123,172.179975650279,165.904024478336,-1,10000,5000
0.3165,170,170.670426343226,167.822966908667,173.475851458241,167.860999676029,-1,10000,5000
0.3345,170,170.638387920325,167.791991623824,173.496252578524,167.720561531473,-1,10000,5000
0.7785,170,168.844984802432,166.057788110262,171.820048709733,165.889731640077,-1,10000,5000
0.6555,170,169.395907663221,166.590590297098,172.157930111323,166.472613516216,-1,10000,5000
0.914,170,168.018793101131,165.258662859107,170.914684940846,165.038755033106,-1,10000,5000
0.5865,170,169.655158371962,166.841293887602,172.405440665743,166.658294663437,-1,10000,5000
0.765,170,168.928279394771,166.138346724084,171.731500065552,165.993388985172,-1,10000,5000
0.295,170,170.777113578139,167.926112510495,173.685235883374,167.821143224377,-1,10000,5000
0.586,170,169.659764217214,166.845747769272,172.520935823205,166.675169706088,-1,10000,5000
0.6565,170,169.401073432545,166.595585883356,172.109184079181,166.587963387159,-1,10000,5000
0.009,170,173.315722694844,170.379810673954,175.996207017944,170.492762179336,-1,10000,5000
0.716,170,169.189534919137,166.391012223084,171.973729693006,166.30709190441,-1,10000,5000
0.0275,170,172.66388304651,169.749890511321,175.490333176527,169.899562949351,-1,10000,5000
0.3805,170,170.380190299627,167.54235470727,173.198712562491,167.287133550746,-1,10000,5000
0.4835,170,170.094411839755,167.266036631262,172.987272584692,167.141290570251,-1,10000,5000
0.8495,170,168.421229934815,165.64793188557,171.236423821846,165.446343245312,-1,10000,5000
0.4785,170,170.082838626274,167.254846209169,173.046718025517,167.168362968275,-1,10000,5000
0.7705,170,168.96538904792,166.174237010991,171.931446233454,166.146644544564,-1,10000,5000
0.261,170,170.902627036082,168.047456601744,173.733838003883,168.156829234923,-1,10000,5000
0.9885,170,166.700565838305,163.983352410063,169.635790838549,163.650139357751,-1,10000,5000
0.1315,170,171.565935951463,168.688681664215,174.31016955355,168.818918267149,-1,10000,5000
0.6495,170,169.372952499687,166.56839131579,172.444138401999,166.355632347163,-1,10000,5000
0.2655,170,170.899706023108,168.044632654433,173.756372909546,167.88996071204,-1,10000,5000
0.9265,170,167.843929820792,165.089511533153,170.592097900945,164.977651346135,-1,10000,5000
0.575,170,169.721391447224,166.905341304732,172.508240431235,166.928410839803,-1,10000,5000
0.2545,170,170.924829998257,168.068921703412,173.710838311362,168.057554889004,-1,10000,5000
0.2385,170,171.031835628811,168.172369952306,173.858398203203,168.191659865582,-1,10000,5000
0.2385,170,171.014869519708,168.155968023461,173.715259016868,167.984409543162,-1,10000,5000
0.5295,170,169.87363535356,167.052558075822,172.672841098515,166.932471237018,-1,10000,5000
0.3685,170,170.515006821283,167.67270288397,173.457118990674,167.616035443091,-1,10000,5000
0.9125,170,167.879437077532,165.123859406941,170.850014509009,164.840942423241,-1,10000,5000
0.2755,170,170.829047942842,167.976322057643,173.647527930091,167.814265961634,-1,10000,5000
0.7255,170,169.074528742163,166.279789024204,171.935786528744,166.060067651658,-1,10000,5000
0.637,170,169.429777889236,166.623344597071,172.26439341885,166.291014526121,-1,10000,5000
0.2515,170,170.997321914131,168.139003877285,173.837178792234,167.973992131561,-1,10000,5000
0.469,170,170.066060263833,167.238622756494,172.72425383435,167.327620286259,-1,10000,5000
0.102,170,171.785233238957,168.900659388174,174.446846809209,169.016741741654,-1,10000,5000
0.377,170,170.460357184259,167.619864965437,173.10508423303,167.800511519305,-1,10000,5000
0.435,170,170.23341335104,167.400438589149,172.950362544124,167.422865283435,-1,10000,5000
0.4525,170,170.159250952137,167.328730677715,173.085113267308,167.233830280145,-1,10000,5000
0.7455,170,169.075672312105,166.280894990289,171.884069693013,166.210560429999,-1,10000,5000
0.4585,170,170.16098839386,167.330410628828,173.135562433604,167.230733762285,-1,10000,5000
0.046,170,172.333560836384,169.430645259669,175.046360687672,169.669724681406,-1,10000,5000
0.7495,170,168.966531141957,166.175341573415,171.931289667362,165.935163390234,-1,10000,5000
0.825,170,168.617200674537,165.837479270315,171.529951063225,165.665218709191,-1,10000,5000
0.7935,170,168.744114460455,165.960229290653,171.577520243111,165.837461750877,-1,10000,5000
0.3245,170,170.648289421138,167.801564581788,173.63354731871,167.498811033357,-1,10000,5000
0.542,170,169.840741395008,167.020750658062,172.735009239868,166.915156687634,-1,10000,5000
0.4825,170,170.053912481505,167.226876703624,172.845753501478,167.113596155999,-1,10000,5000
0.3605,170,170.462681987112,167.622112709109,173.245022607918,167.612243322942,-1,10000,5000
0.203,170,171.202268314483,168.337132141282,173.88726341578,168.416411559109,-1,10000,5000
0.916,170,167.953317745707,165.195326954591,170.907646196572,164.908545531338,-1,10000,5000
0.976,170,167.008511604912,164.281302159313,169.978910564013,163.894018536962,-1,10000,5000
0.7045,170,169.23420633067,166.434213548411,172.02550070257,166.312708692099,-1,10000,5000
0.4165,170,170.28617751044,167.451455822957,173.271882662144,167.220493560055,-1,10000,5000
0.652,170,169.420591404773,166.614460802282,172.166793585829,166.517495830328,-1,10000,5000
0.6635,170,169.389594372993,166.584484987406,172.312117991526,166.530354369296,-1,10000,5000
0.096,170,171.949483068161,169.059421005295,174.835512058087,168.852379553664,-1,10000,5000
0.0575,170,172.207123887862,169.308442734805,175.111424552935,169.453948956464,-1,10000,5000
0.295,170,170.755532178683,167.905247710612,173.49018987608,167.944723151047,-1,10000,5000
0.402,170,170.37496464366,167.53730218033,173.221298235413,167.419987975427,-1,10000,5000
0.9675,170,167.307518547894,164.570585970028,170.232291386877,164.427999884978,-1,10000,5000
0.315,170,170.62441128691,167.778478718978,173.210950642569,167.989192628591,-1,10000,5000
0.347,170,170.55921725959,167.715447263555,173.17509139492,167.853054033778,-1,10000,5000
0.6545,170,169.393611866871,166.588370132704,172.335635374977,166.398051595546,-1,10000,5000
0.2185,170,171.028910197422,168.169541805266,173.810762864319,168.247355964987,-1,10000,5000
0.677,170,169.32591385868,166.522901894698,172.151438862893,166.518831492611,-1,10000,5000
0.245,170,171.003170715857,168.144658212353,173.698352365462,168.088481632923,-1,10000,5000
0.1785,170,171.346610596449,168.476667666295,174.109634160247,168.482647495506,-1,10000,5000
0.4335,170,170.219502977437,167.386988674596,173.066195825051,167.280668289419,-1,10000,5000
0.126,170,171.652526806223,168.772383437353,174.39573509354,168.788538208203,-1,10000,5000
0.2425,170,170.930673841915,168.074571325806,173.631122541763,168.164425435389,-1,10000,5000
0.826,170,168.62459399569,165.844630116721,171.49024565948,165.914889231122,-1,10000,5000
0.22,170,171.096805987619,168.235179321878,173.835150434461,168.251417209063,-1,10000,5000
0.3765,170,170.43014051666,167.590649782467,173.06322009684,167.696291105804,-1,10000,5000
0.675,170,169.276608711846,166.475220163479,172.327875872908,166.356371140964,-1,10000,5000
0.684,170,169.23076923077,166.430889573105,172.197174424183,166.192457186966,-1,10000,5000
0.331,170,170.594718541747,167.749771021563,173.374881384995,167.574152895469,-1,10000,5000
0.63,170,169.552167941262,166.741700431861,172.221772384522,166.727033657404,-1,10000,5000
0.815,170,168.707671230104,165.924981997139,171.616558730833,165.6327513931,-1,10000,5000
0.545,170,169.832087207308,167.012382298024,172.48783943038,167.122476618651,-1,10000,5000
0.3425,170,170.572019297037,167.727824704296,173.427733835054,167.624275402914,-1,10000,5000
0.884,170,168.278373729792,165.509753489773,170.998024787874,165.455425101939,-1,10000,5000
0.684,170,169.279474503962,166.477991609509,172.0697454841,166.213439945559,-1,10000,5000
0.7305,170,169.039085745199,166.245511371193,171.980664081563,165.911274344574,-1,10000,5000
0.3605,170,170.474306952638,167.63335233178,173.207084080716,167.649739985939,-1,10000,5000
0.2805,170,170.822627378089,167.970114757182,173.556381893527,167.985162095049,-1,10000,5000
0.213,170,171.106760761981,168.244802918038,173.875424855128,168.253891324182,-1,10000,5000
0.2755,170,170.856486702619,168.002849328325,173.492406184777,168.058407877033,-1,10000,5000
0.058,170,172.105752349479,169.210463975092,174.847904439117,169.538615146185,-1,10000,5000
0.0785,170,171.91814502402,169.029130480347,174.616474859779,169.208385542298,-1,10000,5000
0.42,170,170.283857519466,167.449212653802,173.153002606912,167.528880235448,-1,10000,5000
0.883,170,168.237602172502,165.470316279963,171.032505588005,165.424973718844,-1,10000,5000
0.392,170,170.380190299627,167.54235470727,173.22274896297,167.496722329314,-1,10000,5000
0.892,170,168.08997074942,165.327513804847,171.102026885606,164.960491623893,-1,10000,5000
0.225,170,171.058169015531,168.197827556859,173.924740726139,168.271447399574,-1,10000,5000
0.1005,170,171.800581431311,168.915494956183,174.540557213012,168.974143018667,-1,10000,5000
0.76,170,168.947117642885,166.156566009019,171.770594832818,165.911554067405,-1,10000,5000
0.023,170,172.795172311298,169.876771390034,175.325476195397,170.069201298108,-1,10000,5000
0.8015,170,168.798238920664,166.012577112842,171.589442180344,165.980733591147,-1,10000,5000
0.5585,170,169.78018059626,166.962189742511,172.60842011689,166.974022978516,-1,10000,5000
0.2305,170,171.065777948101,168.205183410932,173.848132361618,168.217098020009,-1,10000,5000
0.72,170,169.182664487376,166.384367855871,172.038650210732,166.425126710123,-1,10000,5000
0.7795,170,168.916293605879,166.126754713847,171.599802779129,166.121688744756,-1,10000,5000
0.6705,170,169.305844344958,166.503493243288,172.264852115994,166.356310367082,-1,10000,5000
0.941,170,167.729619651826,164.978932190359,170.477351954649,164.86094836261,-1,10000,5000
0.289,170,170.775946876538,167.924984550901,173.584091015837,168.013722146943,-1,10000,5000
0.4715,170,170.065481758653,167.238063383226,172.894249250574,167.139220870892,-1,10000,5000
0.9415,170,167.580631104735,164.834802560873,170.666509627692,164.559228179968,-1,10000,5000
0.2355,170,171.026569924365,168.167279356121,173.833256409338,168.169865017328,-1,10000,5000
0.175,170,171.380090497738,168.50903208412,174.313567771649,168.624824803833,-1,10000,5000
0.3995,170,170.340715502556,167.50418760469,173.180738640136,167.478771181626,-1,10000,5000
0.3315,170,170.623246670808,167.777352741818,173.477860803489,167.621030370837,-1,10000,5000
0.122,170,171.638383554026,168.758712168516,174.395566419383,168.798149350946,-1,10000,5000
0.812,170,168.700270622297,165.91782422002,171.547316393591,165.584252907732,-1,10000,5000
0.3425,170,170.555144287026,167.711509370042,173.412158965448,167.726615774199,-1,10000,5000
0.4575,170,170.144194609974,167.314172514297,172.91357649434,167.328277004625,-1,10000,5000
0.3875,170,170.428397574221,167.588964601859,173.161444462686,167.626522843924,-1,10000,5000
0.4165,170,170.291977764456,167.457064008788,173.173013799595,167.456160426819,-1,10000,5000
0.5185,170,169.927331806101,167.104480405329,172.681674593693,167.212833750641,-1,10000,5000
0.797,170,168.771457217221,165.986674589764,171.676620396193,165.808309052016,-1,10000,5000
0.8355,170,168.461522909689,165.686904769795,171.469079468138,165.315544062406,-1,10000,5000
0.912,170,168.104665707254,165.341728284017,170.716293653119,165.40881514938,-1,10000,5000
0.77,170,168.928279394771,166.138346724084,171.785337433556,165.936860609047,-1,10000,5000
0.4415,170,170.210230657929,167.378023265545,173.001075850397,167.394232959522,-1,10000,5000
0.949,170,167.521671095266,164.777764229384,170.388745478019,164.524303011706,-1,10000,5000
0.729,170,169.074528742163,166.279789024204,171.969515322686,166.26829571909,-1,10000,5000
0.8845,170,168.272143462984,165.503727143935,171.095458113886,165.355995010954,-1,10000,5000
0.8075,170,168.629144054048,165.849030944112,171.540899323021,165.435071925427,-1,10000,5000
0.35,170,170.532455571853,167.689573062347,173.389082406268,167.653700883228,-1,10000,5000
0.218,170,171.108517607117,168.246501314005,173.884896033396,168.304993275992,-1,10000,5000
0.038,170,172.419739206308,169.513935740657,175.113334988092,169.736659134727,-1,10000,5000
0.7175,170,169.172359885899,166.37440229996,172.066854664409,166.352812631714,-1,10000,5000
0.6665,170,169.357461281013,166.55341034763,172.077601071602,166.517605320176,-1,10000,5000
0.51,170,169.975283122147,167.150846953341,172.797854973471,166.99350789636,-1,10000,5000
0.5305,170,169.871903774932,167.050883699175,172.650710449587,166.993822713344,-1,10000,5000
0.874,170,168.280639395745,165.51194499707,171.216547162449,165.211657985655,-1,10000,5000
0.9965,170,166.127804933161,163.429135492559,169.023946610129,163.088493502124,-1,10000,5000
0.77,170,168.959107806692,166.168162180126,171.700530134057,166.041683833547,-1,10000,5000
0.9835,170,166.697230882084,163.980125608776,169.758897119689,163.613054399718,-1,10000,5000
0.4195,170,170.272258512762,167.437997709448,173.096390449419,167.426309369403,-1,10000,5000
0.316,170,170.673922171736,167.826346722519,173.493925918537,167.897611140721,-1,10000,5000
0.9825,170,166.866927005107,164.144315682348,169.60815672841,163.875783208746,-1,10000,5000
0.1205,170,171.755135133279,168.871566418876,174.638399919784,168.838021007092,-1,10000,5000
0.508,170,169.933107639597,167.110065373458,172.851177359455,166.908027663783,-1,10000,5000
0.737,170,169.061378799612,166.267071471563,172.056816218503,166.159256052902,-1,10000,5000
0.37,170,170.471981832689,167.631104286663,173.327703548588,167.525267838952,-1,10000,5000
0.249,170,170.899706023108,168.044632654433,173.640124968999,168.12523613322,-1,10000,5000
0.912,170,167.949932477375,165.192052279981,170.836360228925,164.832533495313,-1,10000,5000
0.69,170,169.270304310731,166.469123307009,171.992341750231,166.506367996145,-1,10000,5000
0.052,170,172.40546924841,169.500144075122,175.220063092592,169.486456838481,-1,10000,5000
0.786,170,168.868367453785,166.080402844625,171.688692694888,166.092912643603,-1,10000,5000
0.965,170,167.253786168067,164.518602118342,170.263974479691,164.353679115115,-1,10000,5000
0.875,170,168.288569707048,165.51961572966,171.187754639228,165.392130857384,-1,10000,5000
0.687,170,169.229623561828,166.429781610841,172.009060576746,166.199648272685,-1,10000,5000
0.686,170,169.295524733164,166.493513412717,172.018151888964,166.490943388155,-1,10000,5000
0.857,170,168.413854435454,165.640797991108,171.143129170349,165.382513956011,-1,10000,5000
0.5635,170,169.757697583767,166.940449003032,172.459251255115,166.977373767749,-1,10000,5000
0.448,170,170.191689049112,167.36009532831,172.936419938048,167.366687390654,-1,10000,5000
0.7605,170,169.009942159014,166.217325829175,171.855988365301,166.151451711448,-1,10000,5000
0.484,170,170.049285211376,167.222402450812,172.740743006552,167.288793982788,-1,10000,5000
0.5625,170,169.763461891083,166.94602301184,172.435697214313,166.901469775167,-1,10000,5000
0.11,170,171.758085461629,168.874418227629,174.487114711536,168.845502019672,-1,10000,5000
0.4455,170,170.141299465023,167.311373157902,172.995074825979,167.250337062252,-1,10000,5000
0.081,170,172.022846918763,169.130331833711,174.713763792272,169.122754378073,-1,10000,5000
0.954,170,167.604226730855,164.857628951637,170.299045740098,164.612205279289,-1,10000,5000
0.442,170,170.224719101124,167.39203213927,173.084286822817,167.310235517604,-1,10000,5000
0.553,170,169.794019256568,166.975571473893,172.821768181075,166.739258708321,-1,10000,5000
0.13,170,171.62129690021,168.74219567345,174.345295820521,168.777723303138,-1,10000,5000
0.2865,170,170.814456448208,167.962215220064,173.720494928906,167.848628313372,-1,10000,5000
0.606,170,169.611415311336,166.798993868469,172.54297267141,166.649660525976,-1,10000,5000
0.01,170,173.133863175939,170.204074685548,175.747522817641,170.422283862734,-1,10000,5000
0.018,170,173.006848295886,170.08133289339,175.707086352825,170.104860048918,-1,10000,5000
0.318,170,170.711219921943,167.862406542605,173.537803747274,167.728271232461,-1,10000,5000
0.426,170,170.235152307598,167.402119980447,173.044506286461,167.286564094543,-1,10000,5000
0.142,170,171.517671517672,168.64202694225,174.25046500134,168.636857475711,-1,10000,5000
0.6985,170,169.261708156861,166.460810131471,171.943970026115,166.500328514871,-1,10000,5000
0.4555,170,170.171993015443,167.34105110261,173.009789508996,167.282195890681,-1,10000,5000
0.72,170,169.142598087145,166.345619620799,172.071105728961,166.099904516999,-1,10000,5000
0.745,170,168.97224184374,166.180864605802,171.864772486559,165.973279620837,-1,10000,5000
0.632,170,169.51020214418,166.701118231101,172.306931936085,166.625867349563,-1,10000,5000
0.713,170,169.155188339306,166.357795692664,171.981364080658,166.210622628148,-1,10000,5000
0.4145,170,170.291397721274,167.456503173301,173.191010042959,167.372207629651,-1,10000,5000
0.7795,170,168.840423088873,166.053376197245,171.845423413798,165.84924650724,-1,10000,5000
0.776,170,168.851827834968,166.064406419386,171.817254797263,165.68608603593,-1,10000,5000
0.502,170,169.993777605501,167.168730086025,172.763124494932,167.156575841094,-1,10000,5000
0.2135,170,171.162997706187,168.299168602107,173.94732836436,168.286982682782,-1,10000,5000
0.413,170,170.307640424177,167.472207987085,173.163381937147,167.521405490012,-1,10000,5000
0.1945,170,171.242143481016,168.375679816807,173.955387469208,168.293740145725,-1,10000,5000
0.2305,170,171.03183562881,168.172369952306,173.662789224299,168.211923581563,-1,10000,5000
0.5755,170,169.72196761381,166.905898454451,172.573008789671,166.625448986135,-1,10000,5000
0.2455,170,170.942947214378,168.086436769244,173.696104133963,168.201522716161,-1,10000,5000
0.3865,170,170.363933755879,167.526636735241,173.180929313291,167.557236748632,-1,10000,5000
0.8005,170,168.703116933076,165.920577138136,171.725205394931,165.736795645501,-1,10000,5000
0.4205,170,170.253123605914,167.419496335187,172.988863057797,167.461860049343,-1,10000,5000
0.1765,170,171.249182203376,168.382484180466,173.863753519342,168.545945963936,-1,10000,5000
0.307,170,170.728125832383,167.878751250697,173.553135496409,167.913661835026,-1,10000,5000
0.073,170,172.026398370403,169.133764511677,174.664083780953,169.372076630043,-1,10000,5000
0.5645,170,169.709868936933,166.894199091428,172.548386820188,166.743382063782,-1,10000,5000
0.756,170,168.967102194765,166.175893860133,171.888039566005,166.187387771251,-1,10000,5000
0.0035,170,173.585914524692,170.640893066178,176.239201813493,170.81819296987,-1,10000,5000
0.1345,170,171.595378817521,168.71714233653,174.439560702034,168.695245627839,-1,10000,5000
0.7775,170,168.926567035076,166.136690623577,171.592018524051,166.222628740827,-1,10000,5000
0.4905,170,170.006494897595,167.181026959612,172.802705521307,167.101064497131,-1,10000,5000
0.026,170,172.894368267253,169.972634405861,175.5530597802,169.994977287192,-1,10000,5000
0.4995,170,169.95737042854,167.133526316845,172.723130225957,166.953918804332,-1,10000,5000
0.136,170,171.543566129796,168.667057974241,174.228656169623,168.828634370119,-1,10000,5000
0.414,170,170.29777841362,167.462672570284,173.081261810835,167.364220711459,-1,10000,5000
0.8,170,168.638813743414,165.858383477851,171.702695597992,165.598266792772,-1,10000,5000
0.0055,170,173.510007322855,170.567546454071,176.118032265434,170.740094112433,-1,10000,5000
0.1625,170,171.443561993334,168.570388251318,174.342592399387,168.592252121177,-1,10000,5000
0.8255,170,168.608102092299,165.828679075074,171.503054068995,165.650864763178,-1,10000,5000
0.988,170,166.557837996309,163.845251436923,169.516540361913,163.414049238558,-1,10000,5000
0.927,170,167.917779233211,165.160949345137,170.65145998017,164.951917191818,-1,10000,5000
0.779,170,168.912298720869,166.122891069898,171.56084925593,166.226575809114,-1,10000,5000
0.0335,170,172.638245267513,169.72511320665,175.430589079661,169.810389999914,-1,10000,5000
0.708,170,169.220458768697,166.420918443765,172.049646847814,166.252833858599,-1,10000,5000
0.6665,170,169.362050976301,166.55784887207,172.22902910021,166.567412843137,-1,10000,5000
0.0155,170,173.235249275805,170.302047711822,176.107745563173,170.448397719942,-1,10000,5000
0.315,170,170.669843719063,167.822403619594,173.433265078289,168.021537663725,-1,10000,5000
0.6695,170,169.368935985691,166.564507102311,172.339672351987,166.285095081184,-1,10000,5000
0.1595,170,171.47825609752,168.603925773808,174.410112717581,168.437951018697,-1,10000,5000
0.289,170,170.74561822926,167.895662919235,173.461053674425,167.851572624316,-1,10000,5000
0.9035,170,168.078103620429,165.316034663466,170.9935919108,165.071362072834,-1,10000,5000
0.44,170,170.196903468279,167.365137172466,173.04880018734,167.428497727835,-1,10000,5000
0.08,170,171.993257190038,169.101731601732,174.810800799097,169.242934957112,-1,10000,5000
0.2215,170,171.089194294632,168.2278208441,173.858638792741,168.168328651429,-1,10000,5000
0.7195,170,169.158622369744,166.361116748905,171.994514537545,166.1845372078,-1,10000,5000
0.2975,170,170.738620840392,167.888897842963,173.333075768258,167.93304409795,-1,10000,5000
0.0035,170,173.844254742077,170.890510449955,176.577215493337,171.037252189519,-1,10000,5000
0.2215,170,171.102661596959,168.240840127459,173.931955431039,168.252792112799,-1,10000,5000
0.688,170,169.285206379305,166.48353477841,172.14343997719,166.295102062967,-1,10000,5000
0.5855,170,169.652855543114,166.839067035937,172.481783071963,166.713841534063,-1,10000,5000
0.62,170,169.557918298825,166.747261176235,172.56352222728,166.560263341676,-1,10000,5000
0.4395,170,170.170834567196,167.339930989012,172.937861021455,167.090921372383,-1,10000,5000
0.0295,170,172.530411526185,169.620897294547,175.10548372892,169.818191623771,-1,10000,5000
0.4155,170,170.293717917713,167.45874653779,173.14586653364,167.398632023762,-1,10000,5000
0.9425,170,167.651437922524,164.903300704467,170.541044205234,164.739894828565,-1,10000,5000
0.379,170,170.441761044027,167.601885186005,173.242096573854,167.615184469362,-1,10000,5000
0.196,170,171.204613398444,168.339399163017,173.894440165641,168.484607318396,-1,10000,5000
0.542,170,169.831510292819,167.01182443717,172.552376618006,166.919235997841,-1,10000,5000
0.3835,170,170.446990798352,167.606941609094,173.269812180069,167.610486445629,-1,10000,5000
0.689,170,169.219313239351,166.419810614256,172.254894028148,166.027839728637,-1,10000,5000
0.54,170,169.817088704336,166.997879126935,172.566537273155,166.966146254588,-1,10000,5000
0.235,170,171.066363278644,168.20574927251,173.863551552762,168.180815531126,-1,10000,5000
0.8165,170,168.729876949869,165.946459034457,171.519794886146,165.90318246783,-1,10000,5000
0.9955,170,166.090827547258,163.393353158394,169.143230439322,163.227798751335,-1,10000,5000
0.606,170,169.587826446814,166.776183026854,172.308887871993,166.68637749758,-1,10000,5000
0.683,170,169.250820948577,166.450281300975,172.147519704333,166.303094575202,-1,10000,5000
0.8015,170,168.746392685125,165.962432743724,171.78142222444,165.696194604701,-1,10000,5000
0.5105,170,169.922711421988,167.100012699601,172.695924732626,166.951615206152,-1,10000,5000
0.8595,170,168.306698939899,165.537151502912,171.277317129857,165.231043595495,-1,10000,5000
0.0965,170,171.89982051864,169.011418411428,174.666826815298,168.968789324504,-1,10000,5000
0.996,170,166.158171811439,163.45852076577,168.940793500952,163.317848772953,-1,10000,5000
0.991,170,166.607237475715,163.893049951324,169.453420283896,163.778708849819,-1,10000,5000
0.9265,170,167.91270353055,165.15603942605,170.698312194744,164.865677219944,-1,10000,5000
0.607,170,169.532044760936,166.722240746916,172.382003109697,166.552186584938,-1,10000,5000
0.8545,170,168.492181180912,165.716558398515,171.242690503145,165.654179245457,-1,10000,5000
0.588,170,169.654006949724,166.840180454339,172.51539217838,166.926261688023,-1,10000,5000
0.297,170,170.775946876538,167.924984550901,173.456887723021,168.066780712039,-1,10000,5000
0.916,170,167.836041358937,165.081880612784,170.804435750189,164.690299997266,-1,10000,5000
0.463,170,170.128561997646,167.299057102514,172.786364168376,167.468279724292,-1,10000,5000
0.705,170,169.210722263589,166.411502363043,172.182172254383,166.069208808315,-1,10000,5000
0.4495,170,170.140141434629,167.310253441572,172.833109452206,167.419495400157,-1,10000,5000
0.0835,170,172.048894303236,169.155508041653,175.01811922249,169.204970129025,-1,10000,5000
0.0345,170,172.568525185444,169.657732490474,175.306700607118,169.76115261913,-1,10000,5000
0.2135,170,171.128431040326,168.265752198392,174.072102124468,168.21535275541,-1,10000,5000
0.8255,170,168.620612896046,165.840779584337,171.492464158715,165.679206581961,-1,10000,5000
0.269,170,170.872253381046,168.018092188167,173.610033603239,167.949270820184,-1,10000,5000
0.859,170,168.47968942718,165.704476009306,171.41529563381,165.573897129976,-1,10000,5000
0.559,170,169.77902747639,166.961074695046,172.592733749734,167.05000686912,-1,10000,5000
0.7065,170,169.196978516604,166.398210886437,171.987710067111,166.488881173747,-1,10000,5000
0.1275,170,171.57359012461,168.696080515265,174.326756237468,168.790191803111,-1,10000,5000
0.3505,170,170.537109175132,167.694072349931,173.309261454473,167.615766291278,-1,10000,5000
0.1745,170,171.334279193141,168.464747067029,174.274240791753,168.673786787782,-1,10000,5000
0.059,170,172.349601315504,169.446148319603,175.161819456545,169.433611309759,-1,10000,5000
0.8735,170,168.287436759672,165.518519867188,171.034336343036,165.383963924732,-1,10000,5000
0.03,170,172.761734286613,169.844456446786,175.331493186264,169.902982709763,-1,10000,5000
0.814,170,168.62402525566,165.844080029719,171.436476209302,165.484725461902,-1,10000,5000
0.7505,170,169.017369961934,166.224509471473,171.822154050747,166.077990684453,-1,10000,5000
0.209,170,171.124330836951,168.261788420897,173.875764907394,168.166742265222,-1,10000,5000
0.306,170,170.7030596462,167.854517132911,173.589903153167,167.749542619421,-1,10000,5000
0.7315,170,169.15576066803,166.358349192829,171.924012699218,166.104470374541,-1,10000,5000
0.6665,170,169.40968374826,166.603912526282,172.200908794271,166.674384217428,-1,10000,5000
0.5835,170,169.666097662786,166.851872244858,172.587178111764,166.762549494665,-1,10000,5000
0.7725,170,168.906021426183,166.116819992492,171.774600358817,166.000824071729,-1,10000,5000
0.1115,170,171.803533321192,168.918348248823,174.527901358433,169.046787188874,-1,10000,5000
0.0615,170,172.20178556667,169.303283129266,175.060237687237,169.436294882567,-1,10000,5000
0.8475,170,168.489341983318,165.713812246251,171.457272898234,165.497901513735,-1,10000,5000
0.7385,170,169.033942029084,166.240536757445,171.980757091471,166.013185327856,-1,10000,5000
0.8305,170,168.60696483856,165.827579116338,171.649552431943,165.757287125609,-1,10000,5000
0.9665,170,167.314237522967,164.577086261434,170.136605877597,164.438356739981,-1,10000,5000
0.153,170,171.51061070745,168.63520158652,174.441230721128,168.469276087218,-1,10000,5000
0.2505,170,171.027740052888,168.168410573084,173.898963962114,168.116802231346,-1,10000,5000
0.7325,170,169.079674928726,166.284765987449,171.918690308323,166.072843467222,-1,10000,5000
0.519,170,169.95563714242,167.131850316715,172.828605853727,167.148324106308,-1,10000,5000
0.546,170,169.841318372214,167.021308578548,172.560314220219,167.146181850621,-1,10000,5000
0.558,170,169.762885442735,166.945465594209,172.626258258092,166.865093398375,-1,10000,5000
0.7675,170,168.851827834968,166.064406419386,171.701274549236,165.835178852572,-1,10000,5000
0.8045,170,168.691732266196,165.909566013757,171.487593555193,165.815486406746,-1,10000,5000
0.7895,170,168.867797068162,166.079851192453,171.82390772191,165.811990922622,-1,10000,5000
0.76,170,168.940837760026,166.15049247006,172.047350700287,166.026559041026,-1,10000,5000
0.8135,170,168.686609667385,165.904611484581,171.501090263918,165.669672818006,-1,10000,5000
0.436,170,170.222400784464,167.389790561894,172.938237608918,167.448955615643,-1,10000,5000
0.725,170,169.10998660515,166.314080815338,171.980943307461,166.217580964447,-1,10000,5000
0.628,170,169.475725259155,166.667777785185,172.168009327894,166.485999279072,-1,10000,5000
0.8735,170,168.29366815902,165.524547290363,171.137288735416,165.311476502224,-1,10000,5000
0.5875,170,169.648825743052,166.835170188557,172.596408785477,166.672192700258,-1,10000,5000
0.7705,170,168.902597643911,166.113508682753,171.780283524616,166.022797930932,-1,10000,5000
0.3055,170,170.691403462651,167.843247833983,173.493844812896,167.85237410407,-1,10000,5000
0.3885,170,170.413293566255,167.574361122748,173.244464456436,167.474327380307,-1,10000,5000
0.204,170,171.178821007797,168.314465281775,173.985338655892,168.384518942154,-1,10000,5000
0.9525,170,167.49248721067,164.749531287583,170.44660234804,164.580391261731,-1,10000,5000
0.463,170,170.154038839842,167.323691026765,173.179012805692,167.101100394774,-1,10000,5000
0.119,170,171.715020728076,168.832791380073,174.497597010213,168.919277256457,-1,10000,5000
0.981,170,167.087211536855,164.357444570452,169.91251298958,164.146906598226,-1,10000,5000
0.9535,170,167.380896581741,164.641575290592,170.397371147659,164.198467691378,-1,10000,5000
0.1145,170,171.689663935384,168.808281059036,174.341671292488,168.695387364633,-1,10000,5000
0.2795,170,170.81328923632,167.961086775416,173.641207936116,167.956137227134,-1,10000,5000
0.4125,170,170.329689049091,167.493526375206,173.337198965501,167.27148989181,-1,10000,5000
0.0205,170,172.99487537933,170.069762616625,175.634163038724,170.128525867172,-1,10000,5000
0.619,170,169.528020698051,166.718349354967,172.312113619586,166.510338338626,-1,10000,5000
0.4225,170,170.304159584144,167.468842421867,173.186953529392,167.480436705697,-1,10000,5000
0.517,170,169.926754244346,167.103921929048,172.731546817729,167.094145707935,-1,10000,5000
0.223,170,171.039442218809,168.179723579806,173.753480239213,168.32649145397,-1,10000,5000
0.8295,170,168.616063298056,165.836379194831,171.380054843224,165.737155683391,-1,10000,5000
0.359,170,170.527220571733,167.684511652397,173.373129226446,167.741609324095,-1,10000,5000
0.558,170,169.787099644431,166.968880340082,172.791181188102,166.827238675729,-1,10000,5000
0.5915,170,169.634435162628,166.821254362376,172.477417446511,166.596266509692,-1,10000,5000
0.291,170,170.740953239622,167.891152807812,173.522968537444,167.730303920277,-1,10000,5000
0.183,170,171.284971324029,168.417081534078,174.103328463412,168.453136162479,-1,10000,5000
0.5305,170,169.872480963885,167.051441820994,172.703322592579,166.950401580755,-1,10000,5000
0.9485,170,167.630639239552,164.883180266781,170.517942254693,164.631636208692,-1,10000,5000
0.471,170,170.083995876752,167.255965183998,172.81856292791,167.343696377031,-1,10000,5000
0.9275,170,167.722867274332,164.97240011746,170.680074229772,164.466995117458,-1,10000,5000
0.072,170,172.157905248587,169.260871625785,174.912572672635,169.261980809316,-1,10000,5000
0.6365,170,169.496984347084,166.688336150366,172.394544887036,166.612343570785,-1,10000,5000
0.739,170,169.036799610501,166.243300394994,171.874663347225,166.287705256235,-1,10000,5000
0.9375,170,167.882819504562,165.127131378448,170.602357796082,165.011493685722,-1,10000,5000
0.9805,170,167.004048582996,164.276984137414,169.828001340001,164.046628623714,-1,10000,5000
0.8375,170,168.575696371552,165.797335968406,171.547740141403,165.698941072712,-1,10000,5000
0.726,170,169.108270559703,166.31242120949,171.954761424251,166.250847891667,-1,10000,5000
0.2075,170,171.163583702228,168.299735096217,173.824889399266,168.385524878333,-1,10000,5000
0.054,170,172.337125129266,169.434090138936,175.105244949071,169.500709397297,-1,10000,5000
0.524,170,169.912316476346,167.089961235129,172.897429104806,166.940997324468,-1,10000,5000
0.1585,170,171.351308740819,168.481209290728,174.012185089181,168.534508788237,-1,10000,5000
0.227,170,171.074558326861,168.213671734384,173.9818311249,168.079690280463,-1,10000,5000
0.7645,170,168.894609358373,166.105782806723,171.853347185347,165.834355187368,-1,10000,5000
0.009,170,173.401082130966,170.462293740625,176.131794394107,170.668967583737,-1,10000,5000
0.916,170,167.953317745707,165.195326954591,170.834298350697,164.957923124477,-1,10000,5000
0.927,170,167.817450060924,165.063896234232,170.8010505345,164.778238078581,-1,10000,5000
0.709,170,169.202704806515,166.403748743652,171.938093323597,166.364545314459,-1,10000,5000
0.8005,170,168.752658120178,165.968492541376,171.45769851515,165.773536267327,-1,10000,5000
0.872,170,168.304999158391,165.53550736633,171.067957381545,165.161133428955,-1,10000,5000
0.5625,170,169.80151613955,166.982820807395,172.696360232962,166.87038870669,-1,10000,5000
0.62,170,169.565969454723,166.755046841493,172.353203975334,166.504297941451,-1,10000,5000
0.9345,170,167.763952645567,165.012144893864,170.621722432497,164.609375451183,-1,10000,5000
0.9825,170,166.756168093687,164.037151133989,169.819938640026,163.556202944856,-1,10000,5000
0.5315,170,169.889221149926,167.06762897621,172.945889059858,166.948482288285,-1,10000,5000
0.7415,170,169.01565579562,166.222851652754,171.852525505048,166.129232693509,-1,10000,5000
0.953,170,167.557042121351,164.811982490375,170.405605655925,164.738783818485,-1,10000,5000
0.005,170,173.869042650864,170.914460730693,176.609326066319,170.977256286809,-1,10000,5000
0.6905,170,169.266865744409,166.465797937156,172.246786964749,166.330021301791,-1,10000,5000
0.6695,170,169.285779588189,166.484089115603,172.300304369062,166.129588542427,-1,10000,5000
0.817,170,168.66327732028,165.882044595729,171.558976210065,165.71323825287,-1,10000,5000
0.758,170,168.918576482156,166.12896259108,171.80084284905,165.999577605859,-1,10000,5000
0.837,170,168.505242722374,165.729191871315,171.314381409031,165.682274648823,-1,10000,5000
0.1935,170,171.222203576163,168.35640377253,173.944451005927,168.277819455235,-1,10000,5000
0.8135,170,168.765760078856,165.981164457457,171.679697891701,165.787963953686,-1,10000,5000
0.1945,170,171.290839820196,168.422754587836,174.108879799709,168.466958538344,-1,10000,5000
0.4005,170,170.330849661179,167.494648545979,173.057324572276,167.464226340516,-1,10000,5000
0.067,170,172.078503180329,169.184126468518,174.702837148541,169.321612771666,-1,10000,5000
0.2725,170,170.854735029066,168.001155847952,173.514989390149,168.03165783285,-1,10000,5000
0.3575,170,170.486514873026,167.64515555794,173.075768367652,167.577757001618,-1,10000,5000
0.132,170,171.636615811374,168.757003415642,174.307737107562,168.760224069984,-1,10000,5000
0.229,170,171.068704640874,168.208012756896,173.930409396146,168.203508928175,-1,10000,5000
0.6165,170,169.498133638913,166.689447557833,172.274650376223,166.57531608314,-1,10000,5000
0.772,170,168.914010791307,166.124546895298,171.824022083145,165.843826974291,-1,10000,5000
0.379,170,170.444666423475,167.604694272277,173.356549230149,167.559864006846,-1,10000,5000
0.2545,170,171.025984866108,168.166713753347,173.963585946467,168.097801899692,-1,10000,5000
0.3215,170,170.669261098879,167.821840334301,173.403891942987,167.904476323257,-1,10000,5000
0.705,170,169.177512029724,166.37938492869,171.784461228677,166.300832830081,-1,10000,5000
0.9,170,168.121059268601,165.357585779248,171.155706315091,165.17596903933,-1,10000,5000
0.383,170,170.377287117849,167.539547710237,173.079364724085,167.570212732792,-1,10000,5000
0.1935,170,171.221617178671,168.355836896865,173.945874209388,168.539500836234,-1,10000,5000
0.1055,170,171.762216091607,168.878410921705,174.652480747304,169.074378961849,-1,10000,5000
0.271,170,170.910806403643,168.055364159169,173.802871378036,168.063084475432,-1,10000,5000
0.023,170,172.866868825875,169.946059120835,175.528474245932,170.019606286312,-1,10000,5000
0.816,170,168.566602267785,165.788540032959,171.531879554017,165.610604629666,-1,10000,5000
0.488,170,170.040031426541,167.213454663416,172.778486377815,167.172052071328,-1,10000,5000
0.1825,170,171.28555815555,168.417648822255,173.97541336817,168.589476510732,-1,10000,5000
0.2365,170,171.020719521915,168.161623499578,173.818329237652,168.359629909911,-1,10000,5000
0.992,170,166.479081476351,163.769046340089,169.436044201223,163.34439512854,-1,10000,5000
0.462,170,170.185316304023,167.353933486853,173.053392417309,167.160593543469,-1,10000,5000
0.426,170,170.282697547684,167.448091091762,173.098639490444,167.564113557558,-1,10000,5000
0.9,170,168.067933129167,165.306196668088,171.105318772599,165.036576193831,-1,10000,5000
0.8445,170,168.484799466187,165.709418591934,171.348613960542,165.54632437285,-1,10000,5000
0.3255,170,170.625575918911,167.779604711251,173.292097896125,167.81421342828,-1,10000,5000
0.466,170,170.089782365369,167.261560282739,172.980853997659,167.045667614679,-1,10000,5000
0.5285,170,169.88633467557,167.064837863575,172.635136239926,167.097208049706,-1,10000,5000
0.326,170,170.610436942902,167.764967990444,173.604822771209,167.861102092332,-1,10000,5000
0.3105,170,170.733373175105,167.88382439352,173.465236408235,168.04991227705,-1,10000,5000
0.9365,170,167.708238988015,164.958249067161,170.620908892527,164.557400253484,-1,10000,5000
0.0685,170,172.118787611717,169.22306307282,174.887822666699,169.169427459644,-1,10000,5000
0.971,170,167.181078559558,164.448259644068,170.069794441316,164.233564012871,-1,10000,5000
0.98,170,167.048131379789,164.319634553133,169.823156788007,163.989765107483,-1,10000,5000
0.3305,170,170.645959552863,167.799312022821,173.446606439401,167.804326279151,-1,10000,5000
0.122,170,171.709712872648,168.827660723933,174.473049200121,168.851506576952,-1,10000,5000
0.5345,170,169.87883030126,167.057581407159,172.731071910567,167.082708601335,-1,10000,5000
0.143,170,171.624831790844,168.745612614072,174.478773850481,168.617420328281,-1,10000,5000
0.4505,170,170.184157674372,167.35281320079,172.946905227701,167.409199007581,-1,10000,5000
0.4475,170,170.14882704684,167.318651679377,173.038438724109,167.256133126331,-1,10000,5000
0.1865,170,171.272062047797,168.404602160968,174.066298612983,168.493829568425,-1,10000,5000
0.1425,170,171.485902449064,168.61131719161,174.046916161726,168.852768544304,-1,10000,5000
0.344,170,170.5574716761,167.713759572263,173.47921099535,167.573613927535,-1,10000,5000
0.445,170,170.205594876981,167.373540921157,173.227542531474,167.333727205237,-1,10000,5000
0.5705,170,169.735796785562,166.919271163694,172.495903118275,166.969709043575,-1,10000,5000
0.735,170,169.085393281228,166.29029629605,171.892812682601,166.157476840426,-1,10000,5000
0.6515,170,169.463087248323,166.655556296247,172.248643175817,166.556653071585,-1,10000,5000
0.4845,170,170.062589291789,167.235266573015,172.999994418831,167.076268778931,-1,10000,5000
0.852,170,168.430875793389,165.657261751726,171.311291233305,165.543332259175,-1,10000,5000
0.0485,170,172.318711202871,169.41629310374,174.974683071933,169.533111887544,-1,10000,5000
0.1705,170,171.403005338024,168.531183324851,174.26088138961,168.625378804243,-1,10000,5000
0.407,170,170.29777841362,167.462672570284,173.212798727226,167.28797678746,-1,10000,5000
0.5945,170,169.649401417054,166.835726869895,172.637046517175,166.676825326531,-1,10000,5000
0.4005,170,170.333170932804,167.496892932636,173.247989814366,167.336081294512,-1,10000,5000
0.731,170,169.103694608774,166.30799575582,171.956442901234,166.310010266714,-1,10000,5000
0.816,170,168.699132124877,165.916723078353,171.552187339811,165.80458533375,-1,10000,5000
0.7885,170,168.782852647962,165.99769595198,171.501120837202,165.816910186227,-1,10000,5000
0.3835,170,170.404580933229,167.565937196287,173.210436482761,167.509835810676,-1,10000,5000
0.757,170,168.976239564674,166.184730946921,171.669509673936,165.990228714042,-1,10000,5000
0.9645,170,167.237001876587,164.502363898969,170.261310349564,164.133852809469,-1,10000,5000
0.2475,170,170.974515409765,168.116955603674,173.801605295942,168.22213139819,-1,10000,5000
0.602,170,169.610839895103,166.798437432238,172.581208548882,166.690909166114,-1,10000,5000
0.0875,170,171.927604361896,169.038273645919,174.700814942396,169.010171718442,-1,10000,5000
0.0285,170,172.687142501866,169.772369207367,175.371328767894,169.935947004311,-1,10000,5000
0.4515,170,170.171993015443,167.34105110261,172.955135615201,167.284493582404,-1,10000,5000
0.503,170,170.014010555526,167.188294144397,172.839346837669,167.122901031144,-1,10000,5000
0.6725,170,169.259415996615,166.458593424886,172.103983245325,166.345449348313,-1,10000,5000
0.76,170,168.956252851422,166.165401040195,171.662708589613,166.088561678948,-1,10000,5000
0.1705,170,171.418873048201,168.546522211061,174.135797124692,168.432748570625,-1,10000,5000
0.4155,170,170.26529986718,167.431269463885,173.201087884502,167.273216150942,-1,10000,5000
0.855,170,168.418960481592,165.645736775673,171.288579292474,165.393166223714,-1,10000,5000
0.325,170,170.678000819337,167.830290010741,173.449609355924,167.773868259962,-1,10000,5000
0.332,170,170.652366843708,167.805506705508,173.512586273924,167.740395612638,-1,10000,5000
0.3395,170,170.630234605908,167.784108831484,173.594569085254,167.794511377034,-1,10000,5000
0.5175,170,169.941772126083,167.118443525664,172.985294272253,166.864789440052,-1,10000,5000
0.3915,170,170.391223292765,167.553022153861,173.199879669913,167.545591343098,-1,10000,5000
0.36,170,170.494073033325,167.652463149989,173.104127744653,167.715203935861,-1,10000,5000
0.1165,170,171.792316679266,168.907506249578,174.601769411083,168.923131309229,-1,10000,5000
0.3595,170,170.533037258374,167.690135460091,173.388256874592,167.620395132839,-1,10000,5000
0.24,170,171.021889570385,168.162754640451,173.905303350764,168.345716450934,-1,10000,5000
0.851,170,168.396269312774,165.623788876044,171.289959432433,165.44305450638,-1,10000,5000
0.7125,170,169.174077232306,166.376063143043,172.136249934877,166.352990588024,-1,10000,5000
0.9665,170,167.433028463113,164.692009473084,170.194543884761,164.470025002639,-1,10000,5000
0.444,170,170.185316304023,167.353933486853,172.90562361852,167.196127247943,-1,10000,5000
0.2985,170,170.743285702577,167.893407833235,173.434317017405,167.996489767891,-1,10000,5000
0.558,170,169.76692066338,166.949367595796,172.590478690369,166.857599316916,-1,10000,5000
0.242,170,170.948792296961,168.092087569254,173.659936790659,168.128125654299,-1,10000,5000
0.375,170,170.477794751487,167.636724512512,173.298265819379,167.535380165248,-1,10000,5000
0.451,170,170.174889205068,167.34385145221,172.97513324016,167.448730960891,-1,10000,5000
0.47,170,170.096147957622,167.26771532373,172.656466234009,167.236398020662,-1,10000,5000
0.4535,170,170.167938515579,167.337130770621,172.909574508141,167.343054767904,-1,10000,5000
0.995,170,166.118421052632,163.420054909138,169.052383908723,163.15558513912,-1,10000,5000
0.83,170,168.636538422619,165.856182786782,171.35503752686,165.754302126635,-1,10000,5000
0.0555,170,172.175691871117,169.27806291727,174.949746836859,169.424076852086,-1,10000,5000
0.0245,170,172.677002994519,169.762570069501,175.382565741896,170.004412508119,-1,10000,5000
0.455,170,170.173151479464,167.342171231203,172.849629091244,167.320765097401,-1,10000,5000
0.4885,170,170.057383099368,167.230232550361,172.788498190517,167.16211236273,-1,10000,5000
0.184,170,171.21927162887,168.353569432379,173.890504016281,168.482183950181,-1,10000,5000
0.6395,170,169.448153847197,166.641115029029,172.28172634199,166.595034832107,-1,10000,5000
0.366,170,170.506283784936,167.664269067619,173.108506734303,167.645550457824,-1,10000,5000
0.7375,170,169.066524185695,166.272047673522,171.831243676821,166.165536034003,-1,10000,5000
0.275,170,170.91431208656,168.058753340168,173.754090404057,167.939415765457,-1,10000,5000
0.1105,170,171.675514562974,168.7946039741,174.397293442059,168.85492890998,-1,10000,5000
0.3125,170,170.643629748208,167.797059524329,173.43025986012,167.637640710999,-1,10000,5000
0.4055,170,170.320404721754,167.484549550304,173.113245280622,167.469565187794,-1,10000,5000
0.269,170,170.930089439567,168.074006346474,173.760534004379,168.060337629702,-1,10000,5000
0.638,170,169.502730962092,166.693893335912,172.212101717293,166.813512022711,-1,10000,5000
0.49,170,169.982218081797,167.157552679703,172.660913432711,167.154036018281,-1,10000,5000
0.9025,170,168.054939292486,165.293627600069,171.112484127793,164.970500563404,-1,10000,5000
0.75,170,169.024226974908,166.231141077045,171.712546845191,166.202450505085,-1,10000,5000
0.577,170,169.707564622618,166.891970827284,172.40583260179,166.7567533788,-1,10000,5000
0.218,170,171.076314510776,168.215369501881,173.939850622208,168.172221002766,-1,10000,5000
0.7995,170,168.640520274305,165.860034034479,171.599139789583,165.522017651856,-1,10000,5000
0.783,170,168.852398112717,166.064957968959,171.495803921929,165.973118633344,-1,10000,5000
0.3225,170,170.668678482672,167.82127705279,173.416397170698,167.823821220452,-1,10000,5000
0.4555,170,170.125667384669,167.296258251888,172.845834502232,167.213283418915,-1,10000,5000
0.4145,170,170.314022333808,167.47837854133,173.088981205824,167.480512558833,-1,10000,5000
0.2605,170,170.905548148908,168.050280643969,173.628423167635,168.184190035335,-1,10000,5000
0.608,170,169.574021375248,166.762833233832,172.466223752109,166.671797766742,-1,10000,5000
0.6745,170,169.292085142118,166.490187068374,172.035405006698,166.325059892659,-1,10000,5000
0,170,174.907377281458,171.917603331075,177.571451982562,172.257811940108,-1,10000,5000
0.452,170,170.165621745257,167.334890663382,173.01153419382,167.426321471551,-1,10000,5000
0.8435,170,168.521146462893,165.744574351359,171.26791779641,165.65954180793,-1,10000,5000
0.9245,170,167.9070642208,165.150584302767,170.851101159749,165.065900640115,-1,10000,5000
0.368,170,170.476050834223,167.635038405187,173.37431223032,167.543765317225,-1,10000,5000
0.9915,170,166.362746990197,163.656478505358,169.40366106309,163.286786180445,-1,10000,5000
0.1835,170,171.256808138938,168.389856195063,173.906017457338,168.508460457634,-1,10000,5000
0.5555,170,169.791136016302,166.9727834363,172.558202538796,166.881620242226,-1,10000,5000
0.285,170,170.812705636358,167.960522558778,173.556569653965,167.943973002028,-1,10000,5000
0.753,170,168.939125145725,166.148836127403,171.92900252193,165.870792323233,-1,10000,5000
0.3775,170,170.490584568377,167.649090336036,173.226987241215,167.618998045234,-1,10000,5000
0.6525,170,169.378116869038,166.573385570747,172.259935698056,166.411547471799,-1,10000,5000
0.176,170,171.379503018295,168.508464180156,174.165726697669,168.525026934045,-1,10000,5000
0.595,170,169.643069217902,166.829603579496,172.205077684451,166.892560185573,-1,10000,5000
0.405,170,170.31692335994,167.481183489035,173.041842370541,167.421721773002,-1,10000,5000
0.984,170,166.644445185161,163.929051506508,169.703009836847,163.35099201289,-1,10000,5000
0.4475,170,170.165621745257,167.334890663382,172.853771539168,167.457102935135,-1,10000,5000
0.8195,170,168.655880606683,165.874890522572,171.412107669873,165.776645000878,-1,10000,5000
0.5775,170,169.744441162391,166.927630195205,172.71466227157,166.857941749456,-1,10000,5000
0.4135,170,170.316343146807,167.480622491978,173.106356342889,167.491069576383,-1,10000,5000
0.899,170,168.173087596668,165.4079124529,171.02381288904,165.238835500204,-1,10000,5000
0.6945,170,169.262854260265,166.461918506903,171.879682161193,166.438839145473,-1,10000,5000
0.1055,170,171.843098434697,168.956591672468,174.716844164905,168.886926131436,-1,10000,5000
0.8985,170,168.169693463263,165.404629344766,170.933206939415,165.257880832961,-1,10000,5000
0.7235,170,169.111130654797,166.315187237638,172.019903065789,166.196244952558,-1,10000,5000
0.1835,170,171.25152857275,168.384752423899,173.923582527886,168.500364355668,-1,10000,5000
0.0485,170,172.396551724138,169.491525423729,175.228156750972,169.543228967401,-1,10000,5000
0.8975,170,168.110318298285,165.34719604225,171.036033660812,165.26029754228,-1,10000,5000
0.2355,170,170.998491642468,168.140134713876,173.720332021401,168.112612770742,-1,10000,5000
0.731,170,169.111702685425,166.315740454308,171.868807653818,166.360305374481,-1,10000,5000
0.581,170,169.674734941559,166.860224527118,172.413995226372,166.953911535183,-1,10000,5000
0.1525,170,171.458261170766,168.58459743684,174.221145812077,168.575794285072,-1,10000,5000
0.56,170,169.765767723621,166.948252719587,172.671084938288,166.834792729626,-1,10000,5000
0.058,170,172.279520463685,169.378415092294,175.027999307555,169.350953995455,-1,10000,5000
0.689,170,169.215876744368,166.416487214221,172.018448708166,166.215969550657,-1,10000,5000
0.351,170,170.521985893011,167.679450547976,173.065956850472,167.753961152737,-1,10000,5000
0.8365,170,168.58535993202,165.806682672538,171.371713157978,165.657699765581,-1,10000,5000
0.1725,170,171.313143773516,168.444315678123,174.021130476016,168.535526750378,-1,10000,5000
0.684,170,169.283486775945,166.481871788981,172.12427861605,166.292113410555,-1,10000,5000
0.5435,170,169.833241048044,167.013498030911,172.613872296366,167.140203520924,-1,10000,5000
0.186,170,171.177648811053,168.313332099036,173.870150653354,168.421046921094,-1,10000,5000
0.7805,170,168.865515564203,166.077644620413,171.643296690798,165.919001946032,-1,10000,5000
0.06,170,172.220174510932,169.321056427935,174.986195733076,169.436653012667,-1,10000,5000
0.0515,170,172.254590182574,169.354319720633,174.823750636785,169.597488403963,-1,10000,5000
0.9475,170,167.5626579436,164.817415267367,170.504674428456,164.549314110414,-1,10000,5000
0.412,170,170.302419217485,167.467159689985,173.174457119531,167.540540065478,-1,10000,5000
0.067,170,172.061920953732,169.168098956571,174.776936246066,169.426813674388,-1,10000,5000
0.0025,170,173.547952623614,170.604211876783,176.302403896223,170.859660174249,-1,10000,5000
0.9455,170,167.616588996547,164.869588155769,170.554809040612,164.379538701163,-1,10000,5000
0.112,170,171.669030213338,168.788336050826,174.242993054086,169.070144918812,-1,10000,5000
0.4945,170,169.994355622956,167.16928899558,172.703829324932,167.122668712371,-1,10000,5000
0.116,170,171.795858618486,168.910929888451,174.622024746212,168.861976919619,-1,10000,5000
0.5835,170,169.692012137587,166.876931600483,172.597359560388,166.73063449103,-1,10000,5000
0.3705,170,170.452802012908,167.612560214812,173.288693683396,167.416019805673,-1,10000,5000
0.481,170,170.043501477826,167.216809971473,172.710454226991,167.092541846295,-1,10000,5000
0.1045,170,171.883272709771,168.995423603929,174.737709269774,168.986611242614,-1,10000,5000
0.926,170,167.852382567123,165.097688302168,170.729482010679,164.929224491045,-1,10000,5000
0.0425,170,172.479222799894,169.57142518,175.187917085366,169.67127198688,-1,10000,5000
0.6905,170,169.268585010107,166.467460605475,172.202283254753,166.40225429047,-1,10000,5000
0.975,170,167.18387383712,164.450964011551,170.02523775755,164.404950492545,-1,10000,5000
0.039,170,172.505408585418,169.596732888538,175.161014046415,169.653482824099,-1,10000,5000
0.284,170,170.830215370107,167.977450707017,173.64041452031,167.972649557856,-1,10000,5000
0.2575,170,170.963406752363,168.106216231664,173.790615048748,168.06025386818,-1,10000,5000
0.657,170,169.35803497932,166.553965150248,172.189201448171,166.321693329596,-1,10000,5000
0.312,170,170.758448265263,167.90806697517,173.591851203141,167.797741767528,-1,10000,5000
0.6525,170,169.423462074154,166.61723688639,172.242601297158,166.4317860175,-1,10000,5000
0.231,170,171.018379473006,168.159361263482,173.695636598232,168.310931016394,-1,10000,5000
0.474,170,170.093254447533,167.264917521669,172.927604671729,167.119098538355,-1,10000,5000
0.6505,170,169.467682670536,166.660000266656,172.228057692042,166.636556827403,-1,10000,5000
0.0945,170,171.804123711341,168.918918918919,174.592567859533,169.160944115976,-1,10000,5000
0.187,170,171.271475308748,168.404034960678,174.094513028558,168.290339677376,-1,10000,5000
0.362,170,170.504539284765,167.662582406159,173.234329826845,167.785302458644,-1,10000,5000
0.509,170,169.964881743607,167.14078937252,172.638241683296,167.060668012172,-1,10000,5000
0.274,170,170.863493756024,168.009623591239,173.639967167097,167.98717085665,-1,10000,5000
0.397,170,170.333170932804,167.496892932636,172.982072454126,167.586029320997,-1,10000,5000
0.2215,170,171.102661596959,168.240840127459,173.853541580681,168.295206284507,-1,10000,5000
0.749,170,168.996802260728,166.204617829102,171.775461614734,165.984067364241,-1,10000,5000
0.7995,170,168.786271577263,166.001002646056,171.639415345507,165.901653664986,-1,10000,5000
0.6365,170,169.435519947945,166.628897449911,172.246248950898,166.34454935996,-1,10000,5000
0.1585,170,171.442974078659,168.569819933718,174.245983482426,168.675642639872,-1,10000,5000
0.2845,170,170.80745341615,167.955444779609,173.590080052982,167.95116429835,-1,10000,5000
0.0445,170,172.503622938376,169.59500712299,175.154100893204,169.693990911427,-1,10000,5000
0.5305,170,169.836125718479,167.01628742835,172.859463743914,166.820836956824,-1,10000,5000
0.841,170,168.522850613148,165.746222643586,171.244407716097,165.804230078287,-1,10000,5000
0.202,170,171.184682232335,168.320131424359,174.056205103128,168.392186761968,-1,10000,5000
0.7545,170,168.966531141957,166.175341573415,171.824811353065,166.195915397071,-1,10000,5000
0.7145,170,169.219313239351,166.419810614256,172.208771773151,166.346339107237,-1,10000,5000
0.8855,170,168.278940140561,165.510301361157,171.136268581795,165.489226285894,-1,10000,5000
0.3365,170,170.588897646662,167.74414321324,173.357224514116,167.639182636148,-1,10000,5000
0.4525,170,170.141878486131,167.311933021687,172.887325721862,167.343534604209,-1,10000,5000
0.1665,170,171.34484885873,168.474964620257,173.989399275495,168.550593915475,-1,10000,5000
0.589,170,169.646523086111,166.832943500355,172.327127439763,166.679517734109,-1,10000,5000
0.353,170,170.526057282021,167.683386936123,173.106084634218,167.832087326145,-1,10000,5000
0.723,170,169.063665599205,166.269283080105,171.974633578813,166.103834437609,-1,10000,5000
0.427,170,170.209071689018,167.376902656941,173.012341409028,167.234157629527,-1,10000,5000
0.573,170,169.739830718513,166.923171940882,172.649419463353,166.769901451927,-1,10000,5000
0.7085,170,169.177512029725,166.37938492869,172.062139586644,166.30621684596,-1,10000,5000
0.0295,170,172.566142588406,169.655429822031,175.303663526407,169.917516497422,-1,10000,5000
0.4445,170,170.182419759475,167.351132799818,172.874332184919,167.225942634324,-1,10000,5000
0.749,170,169.011656209434,166.218983537672,171.881220096159,166.046541870246,-1,10000,5000
0.3105,170,170.689655172414,167.841557569654,173.652514254012,167.831559655796,-1,10000,5000
0.8085,170,168.717349927782,165.934343099123,171.530128837765,165.919673915235,-1,10000,5000
0.4695,170,170.132614621298,167.302975650725,172.898906829062,167.18348555436,-1,10000,5000
0.41,170,170.284437511283,167.449773440457,173.050960743475,167.466405326776,-1,10000,5000
0.657,170,169.394185810124,166.588925168255,172.298528965426,166.280288809241,-1,10000,5000
0.5125,170,169.933107639597,167.110065373458,172.883469717349,166.88945830582,-1,10000,5000
0.17,170,171.338976661298,168.469288048789,174.22160179221,168.562605943964,-1,10000,5000
0.765,170,168.964818006692,166.173684735285,171.700672471792,166.096344986152,-1,10000,5000
0.56,170,169.778450922329,166.960517176898,172.58752829819,166.837900748442,-1,10000,5000
0.252,170,170.93418033992,168.077961281561,173.649955022555,168.136651766971,-1,10000,5000
0.4305,170,170.227617085753,167.394834195417,172.926602193585,167.236283817809,-1,10000,5000
0.655,170,169.429777889237,166.623344597071,172.113993574216,166.511302519516,-1,10000,5000
0.3085,170,170.678000819337,167.830290010741,173.377864671574,167.974604572736,-1,10000,5000
0.123,170,171.651937457512,168.771813756928,174.452606667462,168.810412770387,-1,10000,5000
0.054,170,172.242127747537,169.342274605432,174.999751119349,169.629777808163,-1,10000,5000
0.8865,170,168.131236190842,165.367429892478,171.165599371107,165.210882345349,-1,10000,5000
0.3995,170,170.341295881758,167.504748759627,173.182667635753,167.425721018716,-1,10000,5000
0.9035,170,167.946547345508,165.188777735196,170.89233483268,164.736488879578,-1,10000,5000
0.884,170,168.109187749668,165.346102461673,170.996478887673,165.208723486668,-1,10000,5000
0.42,170,170.279217727159,167.444726495784,172.946664059013,167.379493452778,-1,10000,5000
0.812,170,168.646777849741,165.866086356519,171.475882979221,165.70386492553,-1,10000,5000
0.015,170,173.181841799886,170.250438394879,175.852671084664,170.33690188075,-1,10000,5000
0.8035,170,168.661001339303,165.879843276724,171.462719893362,165.863457903575,-1,10000,5000
0.0895,170,171.817113321282,168.931474636628,174.408244924508,169.226410167787,-1,10000,5000
0.041,170,172.505408585418,169.596732888538,175.057987055358,169.710995817533,-1,10000,5000
0.3815,170,170.417359766573,167.578292578293,173.364888447012,167.463546856667,-1,10000,5000
0.473,170,170.121615091977,167.292340018335,173.116142581413,167.263472960463,-1,10000,5000
0.763,170,168.941408639176,166.151044591617,171.671008284853,166.201444091056,-1,10000,5000
0.434,170,170.260081256237,167.426223634555,173.126092026306,167.204072505207,-1,10000,5000
0.461,170,170.115826437283,167.286742860202,172.932784089899,167.088427673407,-1,10000,5000
0.033,170,172.493504970035,169.585228448261,175.189950475999,169.818343051089,-1,10000,5000
0.43,170,170.239210011067,167.406043358165,173.027889307726,167.363111648118,-1,10000,5000
0.0015,170,174.534295928057,171.55719030496,177.223419509421,171.72942842426,-1,10000,5000
0.998,170,165.986055776893,163.291966035271,168.84010614916,162.940681504473,-1,10000,5000
0.596,170,169.605085947492,166.792873274111,172.412903677414,166.710808720194,-1,10000,5000
0.275,170,170.899121832496,168.04406787636,173.639875772941,167.906586280169,-1,10000,5000
0.6895,170,169.24509140149,166.444740346205,172.090102559896,166.387741002666,-1,10000,5000
0.825,170,168.647915640623,165.867186826165,171.59925839026,165.661398256546,-1,10000,5000
0.115,170,171.733305853257,168.850466027286,174.430299451721,168.933955195079,-1,10000,5000
0.0725,170,172.073172830371,169.178974437057,174.880764883221,169.257392760736,-1,10000,5000
0.737,170,169.051088966961,166.257119961162,171.973761716928,166.10656741102,-1,10000,5000
0.1855,170,171.242143481016,168.375679816807,173.832778869922,168.49704562123,-1,10000,5000
0.5275,170,169.858629511472,167.038047926557,172.640263528571,166.938395692869,-1,10000,5000
0.206,170,171.165927726518,168.302001110793,174.065648586873,168.374130541029,-1,10000,5000
0.1235,170,171.677283106983,168.796313488513,174.444651631271,168.863627000099,-1,10000,5000
0.018,170,172.899749616125,169.97783489033,175.481443128139,170.259326506591,-1,10000,5000
0.007,170,173.444395104216,170.504146660847,176.108928593539,170.654641554421,-1,10000,5000
0.887,170,168.220619854038,165.453889655492,171.060296847097,165.263292630093,-1,10000,5000
0.9275,170,167.845056804448,165.090601722225,170.816232588464,164.963128343586,-1,10000,5000
0.314,170,170.62441128691,167.778478718978,173.335813500732,167.796021202153,-1,10000,5000
0.594,170,169.616594233138,166.804001961615,172.439316495912,166.652034949666,-1,10000,5000
0.5505,170,169.798632644675,166.98003252771,172.566211870551,166.910160919058,-1,10000,5000
0.2895,170,170.842474319809,167.989302441221,173.697892514577,167.982650654645,-1,10000,5000
0.0575,170,172.218988008915,169.319909650896,174.917386858387,169.369272063818,-1,10000,5000
0.7465,170,169.042515063195,166.248827945763,172.013506098605,165.900095728159,-1,10000,5000
0.4315,170,170.246746259305,167.413330118997,172.949672445684,167.473526944826,-1,10000,5000
0.2695,170,170.924245635868,168.068356762062,173.669707049993,168.045628179009,-1,10000,5000
0.518,170,169.891530400033,167.069861933466,172.643970719443,167.174678478805,-1,10000,5000
0.427,170,170.257761976278,167.423981141363,172.935646065085,167.467936945618,-1,10000,5000
0.0185,170,172.935633837895,170.012512920951,175.593104491027,170.119470471718,-1,10000,5000
0.1935,170,171.322536649556,168.45339568355,174.14187263572,168.294411026514,-1,10000,5000
0.677,170,169.253685867597,166.453051916707,172.144662185565,166.171008268552,-1,10000,5000
0.426,170,170.309380897553,167.473890820421,173.039039771406,167.498405849529,-1,10000,5000
0.0565,170,172.197040670121,169.298697077227,174.851691442641,169.480242883969,-1,10000,5000
0.4435,170,170.206753798544,167.374661484747,172.924872480379,167.420753628943,-1,10000,5000
0.36,170,170.459775993454,167.619303038938,173.231405157315,167.468890194953,-1,10000,5000
0.026,170,172.756958482352,169.839841029909,175.369728935023,169.965661381276,-1,10000,5000
0.732,170,169.133442717232,166.33676541526,172.08717480446,166.342210246349,-1,10000,5000
0.9915,170,166.440285240597,163.731506526338,169.381169315687,163.547505014935,-1,10000,5000
0.2125,170,171.13838949516,168.275379292705,173.815311586106,168.395226291866,-1,10000,5000
0.888,170,168.190626135401,165.424877254741,171.110336831911,165.066199428276,-1,10000,5000
0.615,170,169.537218836791,166.727244232071,172.527042542652,166.386662796906,-1,10000,5000
0.158,170,171.434743696572,168.561863889666,174.044512682648,168.702078440398,-1,10000,5000
0.2165,170,171.077485320084,168.216501365918,173.813624446554,168.250970430802,-1,10000,5000
0.5565,170,169.773838630807,166.956057165754,172.570649244119,166.812599856251,-1,10000,5000
0.633,170,169.47802328183,166.670000066668,172.321103423082,166.447357634401,-1,10000,5000
0.229,170,171.003170715857,168.144658212353,173.553314496464,168.335642382897,-1,10000,5000
0.326,170,170.644794642583,167.798185766016,173.543125991482,167.669022428971,-1,10000,5000
0.5985,170,169.694316029571,166.87915946305,172.549928557903,166.898191932038,-1,10000,5000
0.009,170,173.206441152424,170.274209587119,175.883305286351,170.431870843436,-1,10000,5000
0.0375,170,172.408441961515,169.503017153705,174.964421258972,169.675769258423,-1,10000,5000
0.969,170,167.154248650095,164.422302241076,170.158092646032,164.019836481052,-1,10000,5000
0.5685,170,169.745017485486,166.92818749374,172.635619738852,166.886496041814,-1,10000,5000
0.3555,170,170.528383877317,167.685636383759,173.242039431898,167.726185188986,-1,10000,5000
0.8465,170,168.56205558384,165.78414241521,171.349553576389,165.710515751452,-1,10000,5000
0.278,170,170.812705636358,167.960522558778,173.613787884316,167.926668906129,-1,10000,5000
0.709,170,169.19869636288,166.399872204898,171.890669283522,166.365878404173,-1,10000,5000
0.8375,170,168.56205558384,165.78414241521,171.320520758129,165.634201361737,-1,10000,5000
0.5395,170,169.832664125716,167.012940162604,172.576739914195,166.933771663871,-1,10000,5000
0.3905,170,170.35696761531,167.519901364282,173.140305953968,167.513697160195,-1,10000,5000
0.9805,170,167.083302698331,164.353662785729,169.910596427781,164.18365184291,-1,10000,5000
0.2385,170,170.957560670358,168.100564481696,173.646544980807,168.321998124273,-1,10000,5000
0.295,170,170.726959800025,167.877623927262,173.540897751371,167.690791277039,-1,10000,5000
0.629,170,169.504455022581,166.695560563831,172.210973866877,166.624621502492,-1,10000,5000
0.0155,170,172.932642917182,170.009622544636,175.539304640884,170.335410497571,-1,10000,5000
0.652,170,169.468831565032,166.66111129629,172.145821846127,166.681839744514,-1,10000,5000
0.0915,170,171.912824603874,169.023987884361,174.763910822292,169.042935713169,-1,10000,5000
0.9305,170,167.786473715299,165.033930976209,170.620521257616,164.931316582871,-1,10000,5000
0.214,170,171.068704640874,168.208012756896,173.747623780145,168.177995935522,-1,10000,5000
0.9245,170,167.849564890417,165.0949626225,170.814072837086,164.839740755696,-1,10000,5000
0.295,170,170.721129877137,167.871987537184,173.410561074417,167.87056332655,-1,10000,5000
0.438,170,170.195165293055,167.363456523995,172.968956905105,167.279918047823,-1,10000,5000
0.2995,170,170.726376789819,167.877060271222,173.397833873648,167.988543691952,-1,10000,5000
0.59,170,169.678190099306,166.863565674162,172.492970852286,166.770198740572,-1,10000,5000
0.0735,170,172.101605180088,169.206455564693,174.877204851692,169.237036429478,-1,10000,5000
0.275,170,170.838387807754,167.985351677334,173.567046057142,167.942293874447,-1,10000,5000
0.1115,170,171.676104073595,168.79517380839,174.352726571533,168.966208576706,-1,10000,5000
0.3525,170,170.527802222541,167.685074016192,173.33926548135,167.713990613133,-1,10000,5000
0.3625,170,170.508028320806,167.665955763014,173.165000920121,167.776332007205,-1,10000,5000
0.2155,170,171.103832766923,168.24197233429,173.793468436296,168.219703566222,-1,10000,5000
0.0345,170,172.647187814034,169.733755630917,175.392280007241,169.781074387781,-1,10000,5000
0.1325,170,171.581833844127,168.70404923459,174.377792760724,168.669230420201,-1,10000,5000
0.758,170,168.952256076131,166.161535598447,171.808595717049,165.996250834268,-1,10000,5000
0.5015,170,169.975283122147,167.150846953341,172.797659204869,167.037996184039,-1,10000,5000
0.708,170,169.170642574358,166.372741490034,172.107361939048,166.267769645223,-1,10000,5000
0.2145,170,171.080412413468,168.219331092652,173.926385687329,168.342887549088,-1,10000,5000
0.089,170,171.8702730948,168.982858378846,174.599167222677,168.958139508049,-1,10000,5000
0.399,170,170.322145456033,167.486232631678,172.974986092831,167.53912080042,-1,10000,5000
0.6955,170,169.202132160082,166.403194941343,172.161264083713,166.08944374872,-1,10000,5000
0.716,170,169.093971535257,166.298592448714,171.957237972417,166.200226456685,-1,10000,5000
0.7815,170,168.927708604349,166.137794686913,171.690770625664,166.212219816995,-1,10000,5000
0.8875,170,168.176481867081,165.411195691369,171.141825446907,165.262693501596,-1,10000,5000
0.685,170,169.270304310731,166.469123307009,172.320538562162,166.218397418607,-1,10000,5000
0.5245,170,169.871903774932,167.050883699175,172.684075383243,167.127251431742,-1,10000,5000
0.493,170,170.019214092602,167.19332564244,172.964674747564,167.109475024713,-1,10000,5000
0.986,170,166.786765147421,164.06675548147,169.694409546109,163.866917232834,-1,10000,5000
0.6445,170,169.410257800429,166.604467665405,172.316912330116,166.382340139873,-1,10000,5000
0.2215,170,171.086852371501,168.225556826593,173.793646504081,168.421860844651,-1,10000,5000
0.6545,170,169.407961615094,166.602247131109,172.421994570709,166.441023872067,-1,10000,5000
0.337,170,170.615094803227,167.769471324842,173.626354266535,167.705486967551,-1,10000,5000
0.246,170,171.002000923504,168.143527314916,173.902586197635,168.126097681747,-1,10000,5000
0.785,170,168.768038888045,165.98336846648,171.560177904819,165.833718874717,-1,10000,5000
0.4585,170,170.100777778534,167.272192001713,172.880174867565,167.327018605914,-1,10000,5000
0.3725,170,170.438855763626,167.599076193892,173.081168556966,167.639097181125,-1,10000,5000
0.309,170,170.701311117182,167.852826641601,173.477908985397,167.730022454502,-1,10000,5000
0.909,170,168.158946277934,165.394233695436,170.918494021513,165.319939045948,-1,10000,5000
0.668,170,169.343120086442,166.539541483334,172.202072079171,166.332608121048,-1,10000,5000
0.1095,170,171.687895136283,168.806571302208,174.489427755433,168.923864766905,-1,10000,5000
0.807,170,168.715641841615,165.932691063197,171.489083822882,165.689769695108,-1,10000,5000
0.535,170,169.901922802439,167.079910979823,172.765592440008,167.163941830373,-1,10000,5000
0.8725,170,168.272709831812,165.504274975423,171.351512239664,165.172438437282,-1,10000,5000
0.663,170,169.379838395474,166.575050388953,172.260469696504,166.487809993997,-1,10000,5000
0.9345,170,167.81012734706,165.056812554881,170.682380068238,164.741062125859,-1,10000,5000
0.1535,170,171.47825609752,168.603925773808,174.276580791631,168.441312032832,-1,10000,5000
0.088,170,171.937656049028,169.047989343215,174.617467287213,169.20791033804,-1,10000,5000
0.2095,170,171.155380122765,168.291804525703,173.847199614184,168.285229039062,-1,10000,5000
0.953,170,167.576137452991,164.830455393582,170.340613515112,164.620114202561,-1,10000,5000
0.5225,170,169.876521396389,167.055348778157,172.699019174862,166.978930843587,-1,10000,5000
0.3855,170,170.397030705208,167.558637145069,173.163281510596,167.519379737403,-1,10000,5000
0.153,170,171.594789861166,168.716573028969,174.455149766597,168.571588824971,-1,10000,5000
0.352,170,170.552816961469,167.709259228202,173.379430241987,167.533202950392,-1,10000,5000
0.338,170,170.607525909344,167.762153529212,173.447932846526,167.785651800506,-1,10000,5000
0.5355,170,169.849973500755,167.029677833157,172.659269500996,166.939795647498,-1,10000,5000
0.5625,170,169.719086819995,166.903112743053,172.678464901482,166.627271436306,-1,10000,5000
0.91,170,168.053244592347,165.291988297327,171.029447777845,165.163650350309,-1,10000,5000
0.559,170,169.753662801556,166.936547418326,172.444590214336,166.813720628116,-1,10000,5000
0.243,170,170.963991382554,168.106781427563,173.591099947574,168.272174830141,-1,10000,5000
0.097,170,171.811208709638,168.925767260835,174.423991031431,169.072066827142,-1,10000,5000
0.8435,170,168.499563542485,165.723698820379,171.283948685157,165.618411479751,-1,10000,5000
0.3225,170,170.647124479048,167.800438294745,173.412762176017,167.866871963231,-1,10000,5000
0.3765,170,170.409808406134,167.570991450528,173.240978693238,167.628021436641,-1,10000,5000
0.4105,170,170.308800735808,167.473329872218,173.123613649279,167.276310165686,-1,10000,5000
0.3525,170,170.526057282021,167.683386936123,173.378574218134,167.639853557036,-1,10000,5000
0.387,170,170.351162933332,167.514288968849,173.103177589551,167.36239001162,-1,10000,5000
0.378,170,170.422588023548,167.583347577918,173.226721493107,167.65029088201,-1,10000,5000
0.784,170,168.821038555828,166.034628182054,171.683021631703,165.956521488598,-1,10000,5000
0.7805,170,168.859812074009,166.072128446827,171.706764367768,165.841572345351,-1,10000,5000
0.7035,170,169.215304008773,166.41593332712,172.014950518239,166.315359570491,-1,10000,5000
0.3805,170,170.463263197734,167.622674654446,173.286938539128,167.686042467993,-1,10000,5000
0.89,170,168.275541733143,165.507014187261,170.993289415263,165.415898105973,-1,10000,5000
0.3295,170,170.654114370173,167.807196243804,173.599005240765,167.527709654128,-1,10000,5000
0.22,170,171.106760761981,168.244802918038,173.825187583859,168.383838208764,-1,10000,5000
0.9405,170,167.686301342296,164.937027043075,170.556616723739,164.763492133744,-1,10000,5000
0.273,170,170.919570880598,168.063837367986,173.654977589493,168.075574889558,-1,10000,5000
0.9595,170,167.361845717117,164.623144697159,170.268932994071,164.211340791713,-1,10000,5000
0.514,170,169.943505129408,167.120119256917,172.947398434471,166.885585295122,-1,10000,5000
0.945,170,167.786473715299,165.033930976209,170.449387125314,164.962931614367,-1,10000,5000
0.4465,170,170.2096511715,167.377462959367,172.971538078316,167.410439135202,-1,10000,5000
0.7285,170,169.17350477963,166.375509524998,171.878544718891,166.448628050012,-1,10000,5000
0.223,170,171.103832766923,168.24197233429,173.945754540372,168.226772343838,-1,10000,5000
0.9745,170,167.107875579087,164.377436895502,170.024399161414,164.090801750549,-1,10000,5000
0.156,170,171.434743696572,168.561863889666,174.21959083354,168.592301476732,-1,10000,5000
0.0805,170,172.048302229625,169.154935771871,174.744679136748,168.998440898722,-1,10000,5000
0.7405,170,169.003657604912,166.211247847564,171.777629733511,166.07087721091,-1,10000,5000
0.8655,170,168.339001313176,165.568396304513,171.167142957716,165.307897067987,-1,10000,5000
0.5325,170,169.900768028275,167.07879435942,172.789472302959,167.077938691267,-1,10000,5000
0.0945,170,171.879136255342,168.991425375076,174.601340436038,169.087445120683,-1,10000,5000
0.3955,170,170.43014051666,167.590649782467,173.151128820927,167.643177246939,-1,10000,5000
0.7745,170,168.845555033959,166.058339615874,171.780198780174,165.841288397773,-1,10000,5000
0.2095,170,171.164755706348,168.300868095878,174.110202442949,168.24534116784,-1,10000,5000
0.8755,170,168.294234672753,165.525095259692,171.198829067162,165.346564823454,-1,10000,5000
0.93,170,167.828717022556,165.074795389791,170.661562519744,164.94032127741,-1,10000,5000
0.8345,170,168.576264785617,165.797885745361,171.189391834189,165.651135309513,-1,10000,5000
0.7905,170,168.834151135186,166.047310199622,171.616620299138,165.823165670296,-1,10000,5000
0.4135,170,170.307640424177,167.472207987085,173.178722518709,167.37815985537,-1,10000,5000
0.2885,170,170.754365771939,167.904120031297,173.468498221223,168.07762511677,-1,10000,5000
0.905,170,168.077538560844,165.315488077447,170.913749895454,165.147462138756,-1,10000,5000
0.2845,170,170.837804036276,167.984787297662,173.798163147897,167.936473261771,-1,10000,5000
0.2035,170,171.253875006423,168.387020728442,174.065091108927,168.336352337629,-1,10000,5000
0.4915,170,170.008807336954,167.18326294918,172.880030076905,167.107918036898,-1,10000,5000
0.868,170,168.364511946657,165.593071585885,171.315637233293,165.354850521574,-1,10000,5000
0.5725,170,169.764614799522,166.947137858269,172.567637491351,166.92842428111,-1,10000,5000
0.7845,170,168.838712509836,166.051721790303,171.655565522671,165.832717535152,-1,10000,5000
0.3295,170,170.595300653105,167.750333823164,173.400459149111,167.729200163371,-1,10000,5000
0.5575,170,169.754815576902,166.937662138204,172.620401366844,166.75301755622,-1,10000,5000
0.72,170,169.064809022201,166.27038890644,171.978368850762,166.147163589029,-1,10000,5000
0.3355,170,170.561544759826,167.717697571448,173.372631209815,167.607361214959,-1,10000,5000
0.2025,170,171.239210850802,168.372844827586,173.991633691536,168.361973029461,-1,10000,5000
0.3315,170,170.602286299267,167.757087736957,173.320962977175,167.675210474628,-1,10000,5000
0.617,170,169.544693059503,166.734472018621,172.414970265025,166.694552850729,-1,10000,5000
0.12,170,171.623653477787,168.744473618489,174.336036139804,168.905168012817,-1,10000,5000
0.4625,170,170.143615573101,167.313612635524,173.06714147658,167.226765029598,-1,10000,5000
0.2875,170,170.820292746929,167.967857670756,173.587056502753,168.039892153169,-1,10000,5000
0.987,170,166.793998818981,164.073754434093,169.724965254076,163.675154779878,-1,10000,5000
0.703,170,169.141453611701,166.344512793556,172.128041104045,165.95615451592,-1,10000,5000
0.562,170,169.755968367905,166.93877687297,172.545043818547,166.893238861819,-1,10000,5000
0.9945,170,166.455801564841,163.746520386442,169.237384690903,163.596088513095,-1,10000,5000
0.9685,170,167.223017540105,164.488834497914,170.129597492956,164.190522794117,-1,10000,5000
0.092,170,171.8874093633,168.999422021977,174.662216668483,169.079447839043,-1,10000,5000
0.1965,170,171.205199679472,168.339965927991,174.042863349025,168.372037176863,-1,10000,5000
0.6265,170,169.522847183605,166.71334640366,172.395057902835,166.665466076762,-1,10000,5000
0.36,170,170.466750544696,167.626046405595,173.232547082081,167.63152597355,-1,10000,5000
0.2395,170,170.976269540268,168.118651419426,173.618370635677,168.188829955752,-1,10000,5000
0.9185,170,167.95501043105,165.196964340583,170.795510536343,165.05849657806,-1,10000,5000
0.9755,170,167.235883043596,164.501281464983,169.987172916049,164.345293073277,-1,10000,5000
0.851,170,168.471741093694,165.696788133459,171.305868829588,165.632859092844,-1,10000,5000
0.4275,170,170.232833706748,167.399878132889,172.985721088025,167.50141829299,-1,10000,5000
0.7585,170,168.893468236407,166.104679168812,171.664126692593,165.930441818958,-1,10000,5000
0.147,170,171.474727242171,168.60051456877,174.088360752492,168.627204657892,-1,10000,5000
0.491,170,169.975283122147,167.150846953341,172.721230212345,167.057777613153,-1,10000,5000
0.5955,170,169.612566155517,166.800106752068,172.414383066768,166.784671925961,-1,10000,5000
0.319,170,170.716466225492,167.867478697617,173.582979983477,167.788598951095,-1,10000,5000
0.787,170,168.662139322113,165.880943928923,171.656065593982,165.441279580694,-1,10000,5000
0.185,170,171.304925851814,168.436371476311,174.066375980548,168.574512052401,-1,10000,5000
0.7,170,169.262281206623,166.461364317342,171.919037472654,166.386676798875,-1,10000,5000
0.265,170,170.894448451371,168.039549788438,173.90125219273,167.945060986015,-1,10000,5000
0.503,170,169.942349789931,167.119002099015,172.780475776978,167.053240687597,-1,10000,5000
0.746,170,169.069954617086,166.275365306978,171.715346449731,166.270160891223,-1,10000,5000
0.5425,170,169.802669564922,166.983936145343,172.775818268014,166.650388140883,-1,10000,5000
0.01,170,173.348173420987,170.41116806631,176.059372661657,170.413632480598,-1,10000,5000
0.5095,170,169.933107639597,167.110065373458,172.73961626162,167.086350208466,-1,10000,5000
0.443,170,170.177785493276,167.346651895536,172.956273467896,167.100482398441,-1,10000,5000
0.7015,170,169.212440388957,166.413163946921,171.99704471218,166.277740478696,-1,10000,5000
0.439,170,170.198062271487,167.366257623533,172.90203193371,167.392880120391,-1,10000,5000
0.9345,170,167.714427566959,164.964235753689,170.688353670638,164.672812521704,-1,10000,5000
0.7685,170,169.004800216348,166.212352902068,171.68845081208,166.44314472122,-1,10000,5000
0.1195,170,171.61304938831,168.734223350117,174.344768486073,168.846717941018,-1,10000,5000
0.5265,170,169.87536696749,167.054232486034,172.737639961097,166.864900686455,-1,10000,5000
0.6695,170,169.380986099207,166.576160286244,172.133422163968,166.472458017833,-1,10000,5000
0.136,170,171.512964246263,168.637476643709,174.035517162267,168.853599575938,-1,10000,5000
0.0355,170,172.337719192414,169.4346642991,175.002183451915,169.770786642622,-1,10000,5000
0.4605,170,170.102514026355,167.273870817735,172.7557848341,167.202933466679,-1,10000,5000
0.2405,170,170.964576016743,168.107346627262,173.80564201125,167.840983358636,-1,10000,5000
0.889,170,168.136890568932,165.372899350746,171.139848177791,164.957383425561,-1,10000,5000
0.834,170,168.553531212494,165.775897510709,171.396346531967,165.503942044794,-1,10000,5000
0.2055,170,171.062851355467,168.202354160149,173.677123113402,168.21000338754,-1,10000,5000
0.5335,170,169.896726442313,167.07488630554,172.752381684582,166.969835622515,-1,10000,5000
0.2585,170,170.914896381028,168.059318216958,173.686027252997,167.95861096729,-1,10000,5000
0.403,170,170.341295881758,167.504748759627,173.05059059966,167.498439401537,-1,10000,5000
0.2205,170,171.093878333243,168.232349061936,173.99394244384,168.199411928478,-1,10000,5000
0.331,170,170.613930314303,167.768345468577,173.304816469422,167.625962691264,-1,10000,5000
0.482,170,170.063746266728,167.236385285874,172.77183862465,167.275933126303,-1,10000,5000
0.8045,170,168.711087114246,165.928285794879,171.621214290056,165.751130981313,-1,10000,5000
0.2595,170,170.932427072934,168.07626628659,173.771769140092,167.979645368834,-1,10000,5000
0.61,170,169.591853349435,166.780077119108,172.271784736219,166.61319195073,-1,10000,5000
0.943,170,167.70655127302,164.956616409884,170.588717767176,164.761747046353,-1,10000,5000
0.125,170,171.535914635193,168.659661668719,174.218814179917,168.762237522125,-1,10000,5000
0.1515,170,171.497079112654,168.622121198836,174.233263246683,168.530683775847,-1,10000,5000
0.9075,170,168.096752718397,165.334074029985,171.057197315273,165.094571248322,-1,10000,5000
0.7845,170,168.819328369549,166.032974148666,171.704240450626,165.880724642546,-1,10000,5000
0.6725,170,169.341399306309,166.53787737483,171.932315565987,166.504838626992,-1,10000,5000
0.5065,170,169.977016809009,167.152523334492,172.867269572601,167.15060821242,-1,10000,5000
0.143,170,171.523555970303,168.647715160755,174.346460256835,168.616459691874,-1,10000,5000
0.4955,170,169.966615218293,167.142465551938,172.797479146803,166.968789329154,-1,10000,5000
0.729,170,169.10026280809,166.304676820122,172.000480087292,166.1460293673,-1,10000,5000
0.6265,170,169.51020214418,166.701118231101,172.257266194147,166.657693377213,-1,10000,5000
0.699,170,169.26571958668,166.464689510061,172.173590075861,166.281665837235,-1,10000,5000
0.1655,170,171.417697561511,168.545385901516,174.258494352487,168.490680716248,-1,10000,5000
0.738,170,169.069954617086,166.275365306978,171.911865438699,166.120576089251,-1,10000,5000
0.0625,170,172.187551661432,169.289525718465,174.862401853902,169.418176870202,-1,10000,5000
0.3115,170,170.722878812197,167.873678414467,173.518202265804,167.892765477376,-1,10000,5000
0.0755,170,171.97491666982,169.084004315024,174.644965524935,169.389000560588,-1,10000,5000
0.4835,170,170.014588710583,167.18885318478,172.774707465235,167.061246095134,-1,10000,5000
0.686,170,169.250247976411,166.449727188897,172.002266636051,166.396140585645,-1,10000,5000
0.88,170,168.278373729792,165.509753489773,171.134677221829,165.246252505778,-1,10000,5000
0.1065,170,171.689074331634,168.807711136245,174.235410061331,168.9583939892,-1,10000,5000
0.504,170,169.960259317304,167.136319725094,172.749104048478,167.055414042285,-1,10000,5000
0.154,170,171.430628801855,168.557886149261,174.09663899567,168.745539009704,-1,10000,5000
0.024,170,172.684160170215,169.769486990564,175.550931400753,170.012843232076,-1,10000,5000
0.92,170,167.871545277805,165.116225310996,170.810760338883,164.954997297208,-1,10000,5000
0.209,170,171.233932369533,168.367742087558,174.169957795806,168.237145582028,-1,10000,5000
0.9335,170,167.653124528429,164.904932306525,170.64786278753,164.61689656185,-1,10000,5000
0.742,170,169.039657288536,166.246064124432,172.049446295091,165.90401461254,-1,10000,5000
0.377,170,170.428397574221,167.588964601859,173.124687235072,167.445534102244,-1,10000,5000
0.3365,170,170.605779336892,167.7604648978,173.355534314133,167.758562937441,-1,10000,5000
0.5155,170,169.936573328167,167.113416533533,172.621158327269,167.061833806549,-1,10000,5000
0.506,170,169.963726113459,167.139671938252,172.831275299077,167.057931653754,-1,10000,5000
0.0825,170,171.948891678561,169.058849385471,174.716128475961,169.07596282786,-1,10000,5000
0.808,170,168.708809842782,165.926083248434,171.616027711858,165.69972029262,-1,10000,5000
0.891,170,168.001854925971,165.242278228338,171.130475263646,164.855905917021,-1,10000,5000
0.007,170,173.496760491531,170.554746368037,176.135376807268,170.767926481924,-1,10000,5000
0.521,170,169.929642092383,167.106714347782,172.846883142795,166.900408223003,-1,10000,5000
0.4315,170,170.211389642623,167.379143889155,173.014672637469,167.289958606614,-1,10000,5000
0.0305,170,172.722938518304,169.806963443957,175.513901911004,169.83063684143,-1,10000,5000
0.6185,170,169.573446212707,166.762277038836,172.354514747014,166.779129858314,-1,10000,5000
0.333,170,170.595882768434,167.750896628542,173.419846083253,167.542599512597,-1,10000,5000
0.646,170,169.502156283057,166.693337600683,172.353746121772,166.732135400033,-1,10000,5000
0.7665,170,168.908304024812,166.11902760566,171.699187721862,166.078700640631,-1,10000,5000
0.0345,170,172.639437553524,169.726265479035,175.420922933166,169.812355665256,-1,10000,5000
0.6205,170,169.544118095897,166.733916012792,172.180077863788,166.759037213668,-1,10000,5000
0.215,170,171.153622315187,168.290105214974,173.762996985798,168.319025407449,-1,10000,5000
0.127,170,171.5612260305,168.684128847685,174.293797563979,168.76621090159,-1,10000,5000
0.649,170,169.415424445025,166.609464083998,172.342280724105,166.508596192527,-1,10000,5000
0.713,170,169.180946966621,166.382706846981,172.102389163635,166.332995274158,-1,10000,5000
0.7905,170,168.825599221974,166.039039098873,171.674432672146,165.87565421367,-1,10000,5000
0.894,170,168.154421558208,165.389856970852,171.066343337139,165.191358493555,-1,10000,5000
0.1825,170,171.22513562387,168.359238208119,174.015770844239,168.265779869916,-1,10000,5000
0.191,170,171.162997706187,168.299168602107,173.797887441945,168.412103514962,-1,10000,5000
0.568,170,169.70814069533,166.892527887741,172.470418247506,166.756520056557,-1,10000,5000
0.27,170,170.826129444487,167.973500500561,173.498949431881,168.104857467725,-1,10000,5000
0.689,170,169.253112876034,166.452497786182,172.134876410243,166.389450297967,-1,10000,5000
0.1545,170,171.468846139336,168.594829533768,174.220938839166,168.537005574694,-1,10000,5000
0.6225,170,169.506753824455,166.697783586269,172.219673389224,166.721707173423,-1,10000,5000
0.742,170,169.01337029462,166.220641279234,172.000159736516,166.025012240907,-1,10000,5000
0.0245,170,172.637649130683,169.724537076325,175.349925465952,170.005546520542,-1,10000,5000
0.0865,170,172.021071247932,169.128615546979,174.868417128102,169.12322515181,-1,10000,5000
0.9355,170,167.632325427003,164.884811470707,170.661699759502,164.593696035102,-1,10000,5000
0.944,170,167.635697903674,164.888073975386,170.551955379874,164.702201788581,-1,10000,5000
0.023,170,172.758749378007,169.841571781842,175.67794680664,170.045516328706,-1,10000,5000
0.538,170,169.826895118008,167.007361684503,172.692161828048,167.0335790768,-1,10000,5000
0.615,170,169.562518865717,166.751710038786,172.286426282437,166.680153733539,-1,10000,5000
0.599,170,169.587826446814,166.776183026854,172.409635479577,166.722968573743,-1,10000,5000
0.3855,170,170.434788537456,167.595143763114,173.209600377065,167.485305418821,-1,10000,5000
0.682,170,169.296098011927,166.494067816364,172.15689040693,166.416819388623,-1,10000,5000
0.7805,170,168.890615498953,166.101920138197,171.816711740053,165.929742535298,-1,10000,5000
0.657,170,169.401073432545,166.595585883356,171.98293354922,166.66329460749,-1,10000,5000
0.2545,170,170.89035945255,168.035596660797,173.61656283717,168.171213813373,-1,10000,5000
0.814,170,168.724182618322,165.940951571793,171.704988811364,165.754550096157,-1,10000,5000
0.6125,170,169.564819242784,166.753934559086,172.408069879024,166.744226013232,-1,10000,5000
0.785,170,168.854679262234,166.067164203891,171.667268966582,166.047997672571,-1,10000,5000
0.317,170,170.650036864095,167.803254040702,173.49778707012,167.738398075343,-1,10000,5000
0.4645,170,170.133193583296,167.303535458311,172.932442699237,167.276384520111,-1,10000,5000
0.8815,170,168.203075059718,165.436918902822,171.01289641519,165.067782361435,-1,10000,5000
0.2125,170,171.157723922369,168.294070326726,173.930193055216,168.310304765057,-1,10000,5000
0.5875,170,169.67070410203,166.856326691339,172.44396802751,166.801103799266,-1,10000,5000
0.0875,170,171.917553849963,169.02855906534,174.578770589325,169.001731212722,-1,10000,5000
0.4315,170,170.225298690156,167.392592542995,172.973965972745,167.396789464959,-1,10000,5000
0.96,170,167.430224847791,164.689297171955,170.27421181159,164.364299817442,-1,10000,5000
0.3255,170,170.663435115807,167.816207689339,173.623785821477,167.711876302936,-1,10000,5000
0.905,170,168.043077109236,165.282153163666,171.017675794728,165.041602185588,-1,10000,5000
0.43,170,170.251964052811,167.418375171185,172.963767296765,167.38610281578,-1,10000,5000
0.2325,170,171.023644673107,168.164451380294,173.830370191538,168.215439478731,-1,10000,5000
0.2465,170,171.017794470784,168.158795713969,173.994670481507,168.060904097067,-1,10000,5000
0.8175,170,168.591044896914,165.812181226082,171.56067189553,165.61947717727,-1,10000,5000
0.5015,170,169.972971594676,167.148611830779,172.971768627576,166.845256524335,-1,10000,5000
0.0245,170,172.728309200776,169.812153795471,175.381760407433,170.014297332897,-1,10000,5000
0.454,170,170.173730717388,167.342731301123,173.023050141747,167.343928403935,-1,10000,5000
0.9325,170,167.871545277805,165.116225310996,170.788899460064,164.84484844155,-1,10000,5000
0.6405,170,169.446430931812,166.639448890015,172.397591766528,166.367339881442,-1,10000,5000
0.6,170,169.658036995938,166.84407753578,172.450407152389,166.811500762926,-1,10000,5000
0.273,170,170.909053616114,168.05366961993,173.647943191401,168.259038104128,-1,10000,5000
0.3605,170,170.523730750209,167.681137548837,173.277884253437,167.628517632262,-1,10000,5000
0.303,170,170.683245081271,167.835360225034,173.430592377937,167.8849764191,-1,10000,5000
0.869,170,168.375852488002,165.604040738594,171.19378757621,165.436799244742,-1,10000,5000
0.894,170,168.052679699896,165.291441870306,170.883015767108,165.041606938813,-1,10000,5000
0.5385,170,169.827472001142,167.007919515543,172.748689389373,166.790463908865,-1,10000,5000
0.4495,170,170.205015422117,167.372980644989,173.090581854733,167.204609558152,-1,10000,5000
0.507,170,169.961992697703,167.137995814865,172.677360190515,167.102087908369,-1,10000,5000
0.028,170,172.847743938488,169.927576866739,175.521956552905,169.925220036862,-1,10000,5000
0.7345,170,169.055662071275,166.261542707602,172.000906672746,166.194597767657,-1,10000,5000
0.816,170,168.672950924758,165.891400853345,171.681056647421,165.709901300468,-1,10000,5000
0.723,170,169.091112020537,166.295826972518,171.914085375848,166.091218850995,-1,10000,5000
0.9545,170,167.529530032672,164.785367059405,170.335424372983,164.588619394854,-1,10000,5000
0.5065,170,169.972971594676,167.148611830779,172.718989009304,167.081725542534,-1,10000,5000
0.9365,170,167.724555317736,164.974033087192,170.705120481441,164.606949173727,-1,10000,5000
0.631,170,169.518823557336,166.709455426893,172.444855030332,166.62093709351,-1,10000,5000
0.815,170,168.647915640623,165.867186826165,171.474225953875,165.762189394504,-1,10000,5000
0.683,170,169.280620847978,166.479100213759,171.928968643357,166.36590721792,-1,10000,5000
0.9725,170,166.983967935872,164.257555847569,170.072987842872,163.929093697247,-1,10000,5000
0.202,170,171.153622315187,168.290105214974,173.837658806012,168.448528512767,-1,10000,5000
0.596,170,169.655158371962,166.841293887602,172.499681734156,166.674005198925,-1,10000,5000
0.959,170,167.473971941955,164.731619245925,170.345194455862,164.542526732206,-1,10000,5000
0.5765,170,169.725424695483,166.90924143088,172.600447509912,166.877330085579,-1,10000,5000
0.311,170,170.671008971366,167.823530201522,173.414298785521,167.784810909684,-1,10000,5000
0.873,170,168.25798548125,165.49003253534,171.24585142585,165.164432434916,-1,10000,5000
0.047,170,172.417955332387,169.512211659728,175.061834714191,169.645642812799,-1,10000,5000
0.8865,170,168.200811481863,165.43472938187,170.926109535969,165.255772532393,-1,10000,5000
0.3895,170,170.359289598866,167.522146427758,172.967445253646,167.514195057013,-1,10000,5000
0.589,170,169.666097662786,166.851872244858,172.534691825772,166.893117808282,-1,10000,5000
0.726,170,169.087108862404,166.291955460363,171.992659934335,166.02551949066,-1,10000,5000
0.9285,170,167.898042113041,165.141856855038,170.843107423536,164.859328569102,-1,10000,5000
0.971,170,167.072693915607,164.3433988187,170.165381442843,163.913373889514,-1,10000,5000
0.1525,170,171.483549652883,168.609042840186,174.283487212839,168.823590787766,-1,10000,5000
0.7935,170,168.824459032337,166.037936347697,171.803483642964,165.674526262418,-1,10000,5000
0.0355,170,172.507789505647,169.599033963903,175.180483964607,169.724197857486,-1,10000,5000
0.948,170,167.569959075324,164.824478412938,170.483448230692,164.624751284508,-1,10000,5000
0.468,170,170.108301775088,167.27946711453,172.903455439081,167.162988321034,-1,10000,5000
0.3,170,170.727542814213,167.878187587087,173.547115236099,167.701920299007,-1,10000,5000
0.6645,170,169.312724785121,166.510147128366,172.451787888413,166.066983823474,-1,10000,5000
0.481,170,170.059696923313,167.232469856347,172.816557424622,167.190181150783,-1,10000,5000
0.132,170,171.554161633908,168.677300083664,174.341296028818,168.811275383052,-1,10000,5000
0.189,170,171.21692614333,168.35130202897,174.025010853734,168.204813329857,-1,10000,5000
0.862,170,168.458117123796,165.683610577242,171.189165684434,165.679345872674,-1,10000,5000
0.991,170,166.723358277643,164.005405618169,169.438299231479,163.90443695063,-1,10000,5000
0.5345,170,169.888066548413,167.066512519964,172.749515973105,166.965626774276,-1,10000,5000
0.741,170,169.0093708166,166.216773267024,171.868785488325,165.965923671293,-1,10000,5000
0.566,170,169.716206123974,166.900327124641,172.379137679682,166.766663163208,-1,10000,5000
0.0605,170,172.186365608878,169.288379368487,174.847194108923,169.359583904557,-1,10000,5000
0.17,170,171.365992102666,168.495403445394,174.099261365717,168.452504992617,-1,10000,5000
0.689,170,169.269731206642,166.468569069474,172.122141693963,166.378131811864,-1,10000,5000
0.029,170,172.724131974435,169.808116827984,175.425689335877,169.873150881908,-1,10000,5000
0.2735,170,170.864077703084,168.010188137809,173.59337987048,167.960726569905,-1,10000,5000
0.146,170,171.417697561511,168.545385901516,174.168767855355,168.655057301368,-1,10000,5000
0.4525,170,170.171413789348,167.340491043937,172.899335424989,167.101527557995,-1,10000,5000
0.6855,170,169.302404334575,166.500166500167,172.06958104151,166.410148173539,-1,10000,5000
0.6115,170,169.587251190622,166.775626742805,172.341335492954,166.76537560165,-1,10000,5000
0.1375,170,171.538268868524,168.661937385942,174.286951501402,168.599680540994,-1,10000,5000
0.9405,170,167.722304600748,164.9718558014,170.633373090446,164.766874547526,-1,10000,5000
0.74,170,169.081390393864,166.286425041405,171.846139838162,166.353455276386,-1,10000,5000
0.8875,170,168.250624272244,165.482912234483,171.025965900071,165.338665093709,-1,10000,5000
0.119,170,171.680230761307,168.799162756153,174.407113297995,168.714659045099,-1,10000,5000
0.2615,170,170.881597971091,168.02712629927,173.802278803728,167.887562081234,-1,10000,5000
0.751,170,168.981379769554,166.189702221292,171.863894557938,166.051758732423,-1,10000,5000
0.195,170,171.209890072258,168.344500185179,173.914294788451,168.387542551132,-1,10000,5000
0.852,170,168.439387762666,165.6654948594,171.484633358502,165.382590447785,-1,10000,5000
0.562,170,169.758273996883,166.941006387163,172.4564754284,166.936250393676,-1,10000,5000
0.8605,170,168.320865121103,165.550853911304,171.256404615065,165.416922625121,-1,10000,5000
0.075,170,172.08501850099,169.190423822012,174.719109631964,169.185510396793,-1,10000,5000
0.3435,170,170.538854341842,167.695759645022,173.159405981568,167.715257185897,-1,10000,5000
0.918,170,167.818576689012,165.064986085022,170.941247100315,164.624896273394,-1,10000,5000
0.2975,170,170.768363704678,167.917653182879,173.414372258335,167.885446330807,-1,10000,5000
0.456,170,170.13898342,167.309133740229,172.941085705735,167.344112200776,-1,10000,5000
0.555,170,169.810167211812,166.991186205192,172.573585741502,166.893672446056,-1,10000,5000
0.0195,170,172.706231864033,169.790817712578,175.387690874827,170.087560821675,-1,10000,5000
0.82,170,168.584222985049,165.805583005591,171.59399779595,165.541633419466,-1,10000,5000
0.714,170,169.214731277056,166.415379443707,171.956389482989,166.411293176728,-1,10000,5000
0.0605,170,172.17806369848,169.280355353322,175.084216341579,169.35439441612,-1,10000,5000
0.124,170,171.583011583012,168.705187684521,174.1194879869,168.864225743993,-1,10000,5000
0.2155,170,171.131945656751,168.269149870601,173.962867975431,168.300935862759,-1,10000,5000
0.547,170,169.78882949459,166.97055307326,172.571148102988,166.973733947042,-1,10000,5000
0.292,170,170.754948973319,167.904683869061,173.390275809267,167.973382658315,-1,10000,5000
0.5595,170,169.798055957452,166.979474882947,172.598890333708,166.922549605814,-1,10000,5000
0.101,170,171.813570505595,168.928050164874,174.588074602542,168.988699573762,-1,10000,5000
0.908,170,167.883947010528,165.128222064433,171.019003613679,164.585513941713,-1,10000,5000
0.9785,170,167.011859027894,164.284540824708,169.893373129385,164.033907623803,-1,10000,5000
0.6895,170,169.274889283151,166.473557340152,171.930013019484,166.492050597938,-1,10000,5000
0.0265,170,172.558399602386,169.647946581255,175.117746889186,169.969674462605,-1,10000,5000
0.4445,170,170.206753798544,167.374661484747,173.116231637632,167.368152791253,-1,10000,5000
0.2315,170,170.979777909256,168.122043153566,173.567832217433,168.178974561461,-1,10000,5000
0.9885,170,166.835743794759,164.114144669901,169.559911350819,163.793489688215,-1,10000,5000
0.047,170,172.415576891244,169.509912939709,175.338437520117,169.612062649314,-1,10000,5000
0.852,170,168.491613333738,165.716009160781,171.269373889022,165.632914633462,-1,10000,5000
0.8575,170,168.331633013808,165.561269258915,171.275089595616,165.253659490405,-1,10000,5000
0.6875,170,169.292658397587,166.490741449868,172.335034113323,166.347449906096,-1,10000,5000
0.3165,170,170.638970329742,167.792554708762,173.363365816534,167.673923700971,-1,10000,5000
0.17,170,171.365992102666,168.495403445394,174.10771816833,168.462248916716,-1,10000,5000
0.0395,170,172.482198056967,169.574300675584,175.257184729925,169.722635690216,-1,10000,5000
0.4375,170,170.191689049112,167.36009532831,172.984210363159,167.386289707412,-1,10000,5000
0.7735,170,168.931133404742,166.141106964967,171.701702182474,166.208281964336,-1,10000,5000
0.5185,170,169.948704351462,167.125146652316,172.659989131952,167.25719129887,-1,10000,5000
0.148,170,171.417109824212,168.544817752489,174.110068843921,168.610075103761,-1,10000,5000
0.027,170,172.944607220814,170.021184639606,175.741108285185,169.971131669536,-1,10000,5000
0.631,170,169.542393228478,166.732248017554,172.217682140356,166.753380564283,-1,10000,5000
0.882,170,168.214393862926,165.44786737699,171.091418261231,165.395734448505,-1,10000,5000
0.12,170,171.737435291451,168.854457588826,174.409431550483,169.002750306265,-1,10000,5000
0.086,170,171.996215704825,169.104591189651,174.585935140986,169.170158136301,-1,10000,5000
0.4325,170,170.250224752772,167.416693453338,173.014917416263,167.474446241905,-1,10000,5000
0.251,170,170.92892064686,168.072876399207,173.656682251039,168.136645012571,-1,10000,5000
0.3,170,170.714134495217,167.865224368659,173.536359394018,167.763475894714,-1,10000,5000
0.8005,170,168.662139322113,165.880943928923,171.589876535026,165.367277316305,-1,10000,5000
0.0525,170,172.218394764038,169.319336268202,174.712927564885,169.428400862672,-1,10000,5000
0.7865,170,168.807928013101,166.021948101539,171.806348355448,165.879976336276,-1,10000,5000
0.3185,170,170.669261098879,167.821840334301,173.680841316099,167.593717980571,-1,10000,5000
0.865,170,168.395702111894,165.623240253072,171.184897422086,165.470397614964,-1,10000,5000
0.6195,170,169.536069014863,166.726132320528,172.294611335398,166.737902182591,-1,10000,5000
0.078,170,172.14960608231,169.252850217998,174.87359938546,169.165433634511,-1,10000,5000
0.1715,170,171.397716754089,168.526070983181,174.061320073181,168.544103448489,-1,10000,5000
0.183,170,171.304925851814,168.436371476311,174.172193911462,168.313120263258,-1,10000,5000
0.1015,170,171.701456860846,168.819680323053,174.474115546604,169.045350070578,-1,10000,5000
0.8535,170,168.486502881408,165.711066185,171.49735250172,165.405755678007,-1,10000,5000
0.6995,170,169.210722263589,166.411502363043,172.012763973345,166.32366617267,-1,10000,5000
0.7175,170,169.168352879872,166.370527128378,171.963625770843,166.344149477031,-1,10000,5000
0.6025,170,169.639039882734,166.825707174173,172.405396393297,166.837501230439,-1,10000,5000
0.873,170,168.30839875574,165.538795672154,171.175466529735,165.424247705994,-1,10000,5000
0.2835,170,170.81387284027,167.961650995845,173.598805803224,167.996002837104,-1,10000,5000
0.322,170,170.660522273426,167.813391508642,173.518645726488,167.750753784957,-1,10000,5000
0.291,170,170.74561822926,167.895662919235,173.427729239129,168.023495806633,-1,10000,5000
0.8085,170,168.686609667385,165.904611484581,171.570155478174,165.718825905451,-1,10000,5000
0.769,170,168.863234121891,166.075438107006,171.831451578314,165.818401575408,-1,10000,5000
0.6665,170,169.356887586593,166.552855548708,172.301786482168,166.480358125454,-1,10000,5000
0.1355,170,171.594200908854,168.716003725249,174.312632424291,168.835101241352,-1,10000,5000
0.7095,170,169.196978516604,166.398210886437,172.016870888532,166.326726434082,-1,10000,5000
0.48,170,170.036561516878,167.210099490009,173.050038217875,167.020609169565,-1,10000,5000
0.502,170,169.95217067624,167.128498417293,172.726073372758,167.184850967549,-1,10000,5000
0.641,170,169.505604415724,166.696672067639,172.411963499385,166.664048622042,-1,10000,5000
0.124,170,171.564169700797,168.686974329216,174.149248765969,168.788292941403,-1,10000,5000
0.4585,170,170.191689049112,167.36009532831,173.155731645399,167.299439914916,-1,10000,5000
0.1745,170,171.326059243623,168.456800937967,174.125222086465,168.527670061519,-1,10000,5000
0.5775,170,169.718510672968,166.902555611932,172.544722096004,166.819402281351,-1,10000,5000
0.793,170,168.844414574757,166.057236608314,171.56437440059,165.941670777026,-1,10000,5000
0.2145,170,171.189371500968,168.324664613106,173.992839863481,168.359402225691,-1,10000,5000
0.1225,170,171.666082943613,168.785487148673,174.29979630884,168.763191187447,-1,10000,5000
0.8005,170,168.741836297299,165.95802589609,171.497594480194,165.881694211556,-1,10000,5000
0.7565,170,169.032227526609,166.23887861902,171.781312891353,166.189731702821,-1,10000,5000
0.9395,170,167.695300707745,164.945732853891,170.593612306431,164.859976096733,-1,10000,5000
0.2695,170,170.931258248258,168.075136308936,173.785312198347,167.966950247622,-1,10000,5000
0.2445,170,170.982701660067,168.124869703226,173.61950134687,168.052202648495,-1,10000,5000
0.164,170,171.354832518174,168.484615669743,174.146514346371,168.380957395497,-1,10000,5000
0.4685,170,170.085153142978,167.2570841738,172.775873265946,167.101542662298,-1,10000,5000
0.502,170,170.000714074407,167.175437247356,172.884672912478,167.115065307483,-1,10000,5000
0.046,170,172.376936417581,169.472567475503,175.051753847216,169.591750252875,-1,10000,5000
0.1855,170,171.182923822829,168.318431541528,173.969036226096,168.213855182506,-1,10000,5000
0.6775,170,169.294378187286,166.492404616501,172.166870537192,166.473382439992,-1,10000,5000
0.012,170,173.069134186996,170.14152371943,175.657782419801,170.462200424957,-1,10000,5000
0.895,170,168.076973505058,165.314941495042,171.161288358166,164.911824018768,-1,10000,5000
0.6735,170,169.306417693613,166.5040477134,172.150403836394,166.324993980542,-1,10000,5000
0.33,170,170.62441128691,167.778478718978,173.425898360804,167.76561791536,-1,10000,5000
0.371,170,170.473144384735,167.632228301684,173.316416527864,167.475379586846,-1,10000,5000
0.143,170,171.43591941706,168.563000421407,174.168544855669,168.842870771456,-1,10000,5000
0.6435,170,169.483194060715,166.675000416688,172.407117475196,166.644009930316,-1,10000,5000
0.802,170,168.790830365131,166.005411776424,171.767412126447,166.0765103421,-1,10000,5000
0.02,170,172.613211064923,169.700919100178,175.208900644004,170.062638111592,-1,10000,5000
0.734,170,169.132870539521,166.33621205871,171.969735166707,166.403616335627,-1,10000,5000
0.432,170,170.221241649813,167.388669795719,173.059466569735,167.296549530578,-1,10000,5000
0.7825,170,168.879205512769,166.090884932235,171.632051459477,165.993208615821,-1,10000,5000
0.844,170,168.468902584909,165.694042636391,171.327225333498,165.366615532627,-1,10000,5000
0.944,170,167.625580880726,164.878286848648,170.506625066224,164.581166632516,-1,10000,5000
0.04,170,172.576864793215,169.665792322284,175.404986058191,169.680764933002,-1,10000,5000
0.8715,170,168.335033687209,165.56455858833,171.056164090584,165.502008203441,-1,10000,5000
0.6025,170,169.566544566545,166.75560298826,172.422827253283,166.451542990833,-1,10000,5000
0.173,170,171.350134180574,168.480073861664,173.994468954565,168.488988675524,-1,10000,5000
0.1585,170,171.370691309952,168.499946080017,174.00593183418,168.506087236471,-1,10000,5000
0.347,170,170.571437344552,167.72726205372,173.267195518105,167.782102403896,-1,10000,5000
0.2355,170,170.955806923719,168.098869030809,173.712074674235,168.131706002522,-1,10000,5000
0.7165,170,169.170070144926,166.372187894094,172.112115206167,166.217307460533,-1,10000,5000
0.2875,170,170.801617994726,167.949803162831,173.529230814818,167.838438876549,-1,10000,5000
0.43,170,170.18705427808,167.35561394407,172.861269347635,167.420243094518,-1,10000,5000
0.7655,170,168.927708604349,166.137794686913,171.631571412306,165.909405473617,-1,10000,5000
0.232,170,171.024229715353,168.16501696785,173.820563288326,168.117434988546,-1,10000,5000
0.168,170,171.326059243623,168.456800937967,174.067611195851,168.53497248499,-1,10000,5000
0.3515,170,170.519659472292,167.677201266298,173.369591406937,167.548810969697,-1,10000,5000
0.69,170,169.3224730327,166.519574375968,172.16811408684,166.538128634158,-1,10000,5000
0.898,170,168.206470540737,165.440203292922,170.892371195285,165.313936754468,-1,10000,5000
0.6975,170,169.205568096823,166.40651781049,171.944366004639,166.321465178435,-1,10000,5000
0.015,170,172.991882409119,170.066870293399,175.689232893402,170.281837740022,-1,10000,5000
0.048,170,172.477437694919,169.569699929459,175.220073734417,169.561612275775,-1,10000,5000
0.421,170,170.26761935251,167.433512152324,172.824629644755,167.448712574655,-1,10000,5000
0.9185,170,167.897478263498,165.141311420182,170.842340614432,164.839505156404,-1,10000,5000
0.6865,170,169.313871579518,166.511256160916,172.151110008143,166.416391592588,-1,10000,5000
0.874,170,168.324265359442,165.55414282687,171.274550268929,165.375200351504,-1,10000,5000
0.8955,170,168.217789800945,165.451152201824,171.104561446312,165.43263488028,-1,10000,5000
0.0015,170,174.127620447414,171.164293759008,176.6480318878,171.501693836623,-1,10000,5000
0.5885,170,169.675310791411,166.860781375667,172.615517790371,166.740652647964,-1,10000,5000
0.2845,170,170.805119199733,167.953188087416,173.482218165778,167.915313947953,-1,10000,5000
0.7445,170,169.02479841777,166.231693734727,171.900719276305,166.096222240978,-1,10000,5000
0.618,170,169.552167941262,166.741700431861,172.551755813889,166.433092482842,-1,10000,5000
0.9925,170,166.593358258193,163.879620585902,169.371000492167,163.642318407465,-1,10000,5000
0.2915,170,170.753782574542,167.90355619732,173.475768829364,167.971080458064,-1,10000,5000
0.7715,170,168.878635053929,166.090333210427,171.820671402302,165.83469002673,-1,10000,5000
0.2135,170,171.124330836951,168.261788420897,173.959284952506,168.290610168338,-1,10000,5000
0.489,170,170.001292139035,167.175996201761,172.681348614831,167.087916054273,-1,10000,5000
0.5135,170,169.935418082937,167.112299465241,172.695706280559,167.177437261971,-1,10000,5000
0.674,170,169.362624705703,166.558403704259,172.317561988481,166.504087080072,-1,10000,5000
0.0205,170,173.075724740534,170.147892548203,175.786604676414,170.129812909263,-1,10000,5000
0.98,170,166.949953416305,164.224646178,169.842651451156,163.960060824287,-1,10000,5000
0.515,170,169.942927457706,167.119560676099,172.780710501591,167.021626573675,-1,10000,5000
0.086,170,171.961903189525,169.071425914592,174.733786147107,169.057701643244,-1,10000,5000
0.5705,170,169.742135909145,166.925401038276,172.51303172696,166.969369174669,-1,10000,5000
0.0745,170,172.064881831229,169.170960789555,174.928082679871,169.26729705025,-1,10000,5000
0.2295,170,171.055242683236,168.194998553523,173.945235981838,167.928132887266,-1,10000,5000
0.904,170,168.189494506382,165.423782646384,170.905176590335,165.401286161856,-1,10000,5000
0.819,170,168.613219923982,165.833629069972,171.463012264864,165.83752256222,-1,10000,5000
0.724,170,169.076244102877,166.281447978849,172.049128784638,165.926541987257,-1,10000,5000
0.6165,170,169.564819242784,166.753934559086,172.368034165174,166.59423900445,-1,10000,5000
0.0985,170,171.956580060673,169.066280744703,174.75266367345,169.138224268178,-1,10000,5000
0.247,170,170.925414364641,168.06948664856,173.634036173091,168.11310825501,-1,10000,5000
0.5395,170,169.828625779167,167.009035188804,172.750590270908,166.789096377584,-1,10000,5000
0.007,170,173.449208992507,170.50879825399,176.113821005012,170.549305858329,-1,10000,5000
0.0605,170,172.112269733785,169.216763289438,174.721954933265,169.434528537475,-1,10000,5000
0.624,170,169.496984347084,166.688336150366,172.441282877204,166.47676374825,-1,10000,5000
0.7405,170,169.022512669505,166.229483126045,171.85416567174,166.148331285127,-1,10000,5000
0.703,170,169.282913582588,166.481317466554,172.2141300474,166.342268948579,-1,10000,5000
0.634,170,169.516524428079,166.707232093143,172.235047049363,166.611007348304,-1,10000,5000
0.7745,170,168.843844350934,166.056685110029,171.821455406487,165.741729471504,-1,10000,5000
0.956,170,167.527845912582,164.783737822482,170.414606056425,164.504570000483,-1,10000,5000
0.6675,170,169.373526302952,166.568946218219,172.039424149643,166.650255999954,-1,10000,5000
0.3075,170,170.761947700632,167.911450217613,173.815358126804,167.779672388459,-1,10000,5000
0.4535,170,170.170255348986,167.339370937837,172.832923214554,167.333006292208,-1,10000,5000
0.0415,170,172.384663126681,169.480035251847,174.913980993391,169.68921533124,-1,10000,5000
0.318,170,170.729291880669,167.879878589272,173.598031125457,167.979518182523,-1,10000,5000
0.6645,170,169.339678561147,166.536213299582,172.161565382913,166.30587217536,-1,10000,5000
0.764,170,168.97509733939,166.183626259672,171.750277074217,166.013270858201,-1,10000,5000
0.8155,170,168.721335596676,165.938197977545,171.631351542071,165.800526017684,-1,10000,5000
0.599,170,169.602209120084,166.790091334254,172.543467261462,166.545243404491,-1,10000,5000
0.313,170,170.65178434284,167.804943533637,173.2684057822,167.967888200167,-1,10000,5000
0.651,170,169.351724511711,166.547862524732,172.23375584802,166.280787774245,-1,10000,5000
0.1825,170,171.245662769868,168.379081929894,173.942862805903,168.635806204232,-1,10000,5000
0.4915,170,170.028465611705,167.202271275653,172.77357556523,167.286482241737,-1,10000,5000
0.8015,170,168.707671230104,165.924981997139,171.567527408711,165.63108513813,-1,10000,5000
0.2055,170,171.195233448046,168.330331442423,173.880540100193,168.342801633461,-1,10000,5000
0.419,170,170.307640424177,167.472207987085,173.145135230322,167.500131615777,-1,10000,5000
0.6855,170,169.274316148015,166.473003073092,172.164312653804,166.458951761355,-1,10000,5000
0.602,170,169.633859590192,166.820697777615,172.384978969704,166.756568115188,-1,10000,5000
0.003,170,173.693261764553,170.74461727594,176.190093516079,171.128484891472,-1,10000,5000
0.793,170,168.746962250905,165.962983616134,171.708906381408,165.708844149601,-1,10000,5000
0.7045,170,169.178084509521,166.379938572527,171.99062063326,166.267415267842,-1,10000,5000
0.2075,170,171.141318673043,168.278211000683,173.979048549824,168.349209099731,-1,10000,5000
0.323,170,170.666930657919,167.819587230943,173.400541042854,167.850413533304,-1,10000,5000
0.2455,170,171.023059634864,168.163885796542,173.908563157209,168.191785180571,-1,10000,5000
0.274,170,170.865245609179,168.011317242329,173.607536084383,168.102361846646,-1,10000,5000
0.9605,170,167.507077881829,164.763646549025,170.316638669691,164.553420895322,-1,10000,5000
0.7075,170,169.236497808169,166.436429605712,171.905990229186,166.457613274809,-1,10000,5000
0.294,170,170.817958179582,167.965600644988,173.736565226877,167.862457233826,-1,10000,5000
0.349,170,170.505702280913,167.663706843362,173.306801003129,167.737824601847,-1,10000,5000
0.9855,170,166.786208737136,164.066217125232,169.647778254594,163.772096520661,-1,10000,5000
0.816,170,168.657018520393,165.875991109047,171.3969404617,165.7238304751,-1,10000,5000
0.288,170,170.760781206239,167.910322454983,173.388387056102,168.078291198515,-1,10000,5000
0.326,170,170.652366843708,167.805506705508,173.466282199883,167.870173800547,-1,10000,5000
0.85,170,168.375285424652,165.603492246444,171.379301073922,165.155589436752,-1,10000,5000
0.5955,170,169.671279924523,166.856883513872,172.507306467501,166.808955995692,-1,10000,5000
0.722,170,169.06423730877,166.269835991434,171.933052938236,166.169434825975,-1,10000,5000
0.101,170,171.96486062574,169.074284477628,174.886157795938,169.092146953716,-1,10000,5000
0.6745,170,169.281194025808,166.479654521421,171.912146402924,166.51229812396,-1,10000,5000
0.7445,170,169.02022698306,166.227272576157,171.953281505453,166.12202653061,-1,10000,5000
0.3135,170,170.67217423958,167.824656798577,173.444025953512,167.958631439276,-1,10000,5000
0.0815,170,171.978466142654,169.087435112697,174.822655799441,169.174799991126,-1,10000,5000
0.7695,170,168.86950823659,166.081506159963,171.83336572532,165.949050289349,-1,10000,5000
0.0915,170,171.945343426388,169.055419747702,174.667756025961,169.105318741969,-1,10000,5000
0.908,170,168.053244592347,165.291988297327,170.871682564435,165.0161945892,-1,10000,5000
0.1495,170,171.451205251047,168.577776728849,174.270618834076,168.573495335849,-1,10000,5000
0.657,170,169.3953337083,166.590035250451,172.229402926766,166.469817513165,-1,10000,5000
0.579,170,169.734644268507,166.918156689412,172.483104858441,166.926928169823,-1,10000,5000
0.232,170,171.087437846273,168.226122825257,173.902203844942,168.128774946527,-1,10000,5000
0.4615,170,170.138404418596,167.308573895178,173.059932527019,167.238759912998,-1,10000,5000
0.0155,170,173.201040695923,170.268990951906,175.817692161402,170.300322226043,-1,10000,5000
0.7465,170,168.99623100715,166.204065351438,171.83144128528,166.173729720613,-1,10000,5000
0.8865,170,168.234771547982,165.467578282711,171.13743531366,165.393860467195,-1,10000,5000
0.517,170,169.945815855491,167.12235361753,172.742173463287,167.076989446703,-1,10000,5000
0.365,170,170.505702280913,167.663706843362,173.287753190504,167.533085644115,-1,10000,5000
0.8765,170,168.250058052076,165.482364544411,171.214292965096,165.297568750529,-1,10000,5000
0.679,170,169.333942996495,166.530666622259,172.08985757206,166.451519652222,-1,10000,5000
0.9765,170,167.139160610052,164.407704802678,169.968353512993,164.197097238385,-1,10000,5000
0.737,170,169.071669884986,166.277024173354,171.941577021413,166.135279372016,-1,10000,5000
0.286,170,170.735705430963,167.886079222083,173.395667242192,167.826029334046,-1,10000,5000
0.1035,170,171.857866205584,168.970866043277,174.926754995922,169.008360608745,-1,10000,5000
0.3705,170,170.496980196501,167.655273931952,173.250853207458,167.680118949451,-1,10000,5000
0.0385,170,172.447096562786,169.540376040554,175.195212184677,169.785269741169,-1,10000,5000
0.701,170,169.222749873917,166.423134147032,172.069101933779,166.288755926356,-1,10000,5000
0.7035,170,169.253112876034,166.452497786182,172.038872476815,166.47329666593,-1,10000,5000
0.3095,170,170.730457944883,167.881005942988,173.53769890755,167.9369667353,-1,10000,5000
0.138,170,171.588311608081,168.710310899361,174.462724083753,168.637778210771,-1,10000,5000
0.186,170,171.294361110921,168.426158603545,174.184118764098,168.30314502017,-1,10000,5000
0.7515,170,169.047087703638,166.253250251042,171.895339578207,166.18701328377,-1,10000,5000
0.198,170,171.176476630363,168.312198931554,173.879530018825,168.36980829479,-1,10000,5000
0.7275,170,169.119711520573,166.323485874146,171.917260115298,166.276346452084,-1,10000,5000
0.3945,170,170.409808406134,167.570991450528,173.128238286493,167.54100306673,-1,10000,5000
0.155,170,171.471786640326,168.597672003345,174.335182111732,168.568553659496,-1,10000,5000
0.1255,170,171.639562069357,168.759851356323,174.383545124088,168.860864089485,-1,10000,5000
0.588,170,169.739254430638,166.922614675836,172.54489141482,167.007357882531,-1,10000,5000
0.2095,170,171.143662087546,168.280476435685,173.764752638097,168.317757408994,-1,10000,5000
0.2215,170,171.089779785432,168.228386857998,173.928858843945,168.222771660866,-1,10000,5000
0.5255,170,169.866709250847,167.045860770616,172.849912755425,166.69744143457,-1,10000,5000
0.824,170,168.605827600162,165.826479172194,171.455873105142,165.553053570249,-1,10000,5000
0.4485,170,170.2096511715,167.377462959367,173.146297596391,167.146558965702,-1,10000,5000
0.49,170,169.991465574986,167.166494485177,172.771883491831,167.153093097885,-1,10000,5000
0.1825,170,171.300817186617,168.432399656398,173.953152147684,168.449259594078,-1,10000,5000
0.147,170,171.440622460282,168.567546701639,174.25356645607,168.603944426824,-1,10000,5000
0.5935,170,169.633284021661,166.820141196568,172.491834539862,166.675847881266,-1,10000,5000
0.596,170,169.639615490325,166.826263792361,172.502395511608,166.541504776575,-1,10000,5000
0.46,170,170.13898342,167.309133740229,172.878621175346,167.313367934086,-1,10000,5000
0.605,170,169.628104080643,166.815132134266,172.188506417965,166.750369021832,-1,10000,5000
0.0285,170,172.686546027295,169.771792756177,175.406534122362,169.867773458007,-1,10000,5000
0.4015,170,170.350002044405,167.51316653489,173.154343248801,167.396383230305,-1,10000,5000
0.358,170,170.463263197734,167.622674654446,173.091584728499,167.58982116231,-1,10000,5000
0.5175,170,169.965459564573,167.141348095257,172.679442039378,167.168390127161,-1,10000,5000
0.6315,170,169.567119682268,166.756159138738,172.39983228214,166.652685836962,-1,10000,5000
0.2425,170,170.953468650837,168.096608482827,173.633156668657,168.219298872145,-1,10000,5000
0.6755,170,169.320179226401,166.517356104027,172.06802882391,166.306111973667,-1,10000,5000
0.976,170,167.231407861332,164.496951871482,169.979191887078,164.218100209157,-1,10000,5000
0.538,170,169.908274340945,167.08605265884,172.777065114705,167.07078780489,-1,10000,5000
0.9165,170,168.028957645747,165.268495197298,170.805823687689,165.104090913209,-1,10000,5000
0.5195,170,169.910006661139,167.087727740573,172.6907550702,166.981726925316,-1,10000,5000
0.6375,170,169.418294939309,166.612240001599,172.303652193281,166.474807731533,-1,10000,5000
0.839,170,168.540462184166,165.763256916472,171.205619129119,165.790168199286,-1,10000,5000
0.0745,170,172.057775896425,169.164092553058,174.7515625947,169.183001785563,-1,10000,5000
0.148,170,171.524144437774,168.64828400371,174.416189625867,168.761707226421,-1,10000,5000
0.6705,170,169.370657325506,166.566171743048,172.20981581048,166.633421922647,-1,10000,5000
0.31,170,170.695482945816,167.847191916479,173.326107145376,167.957686898466,-1,10000,5000
0.3995,170,170.397030705208,167.558637145069,173.259195466681,167.53997475839,-1,10000,5000
0.9265,170,167.713302336816,164.963147232908,170.703863465714,164.553786643454,-1,10000,5000
0.747,170,169.038514205727,166.24495862163,171.971349379807,165.961859101281,-1,10000,5000
0.166,170,171.39301606456,168.521526939851,174.156397210554,168.434765719606,-1,10000,5000
0.195,170,171.201095796593,168.335998653312,173.936719626875,168.390408697344,-1,10000,5000
0.759,170,168.92314241983,166.133378521612,171.916501644185,165.951116151719,-1,10000,5000
0.942,170,167.598046281801,164.851650000165,170.562602891376,164.660599585585,-1,10000,5000
0.5505,170,169.849396464741,167.029119856756,172.666635368287,167.047944199488,-1,10000,5000
0.634,170,169.499857605881,166.691114696822,172.249619732934,166.642260850135,-1,10000,5000
0.3025,170,170.699562623983,167.851136184341,173.324459091669,167.833632911679,-1,10000,5000
0.23,170,171.086266900736,168.224990831738,173.871511242765,168.069057534125,-1,10000,5000
0.2075,170,171.209303759105,168.343933389672,173.957183394707,168.283960306075,-1,10000,5000
0.83,170,168.522850613148,165.746222643586,171.41536695926,165.638069046778,-1,10000,5000
0.4165,170,170.278637770898,167.444165742933,173.028692382535,167.385515213821,-1,10000,5000
0.5225,170,169.880562021102,167.059255918074,172.750446999715,166.998405373644,-1,10000,5000
0.6945,170,169.194115516991,166.39544209605,172.260047888388,166.157798117903,-1,10000,5000
0.2115,170,171.187026834538,168.322397988211,174.15008299086,168.33550566885,-1,10000,5000
0.599,170,169.616594233138,166.804001961615,172.403397687458,166.576613573101,-1,10000,5000
0.225,170,171.116131019612,168.25386142612,173.942034151372,168.1965411067,-1,10000,5000
0.2915,170,170.732790121096,167.883260695843,173.549268809274,167.859700772115,-1,10000,5000
0.956,170,167.487998284752,164.745188616766,170.389655686133,164.437852690187,-1,10000,5000
0.6435,170,169.422313794728,166.616126441646,172.37174932431,166.415664145876,-1,10000,5000
0.1115,170,171.779330818233,168.894954094351,174.50669841799,168.651460612934,-1,10000,5000
0.98,170,167.076043911976,164.346639932947,169.89126921328,164.062611088811,-1,10000,5000
0.7685,170,168.969957516705,166.178655348792,171.704106261051,166.204144443988,-1,10000,5000
0.789,170,168.692870663738,165.910667060428,171.632920670217,165.68370888638,-1,10000,5000
0.9505,170,167.498098706451,164.754959948069,170.422454384423,164.530520488701,-1,10000,5000
0.505,170,169.975861013838,167.151405743322,172.80961790365,167.229511715257,-1,10000,5000
0.739,170,169.012227567299,166.219536114519,171.880534327981,166.160937431865,-1,10000,5000
0.494,170,170.028465611705,167.202271275653,172.912849725436,167.167349600268,-1,10000,5000
0.552,170,169.835548776553,167.015729541408,172.833639374621,166.790143994844,-1,10000,5000
0.132,170,171.688484731934,168.807141217302,174.516467923013,168.76689573417,-1,10000,5000
0.6875,170,169.276608711846,166.475220163479,172.216636810801,166.335224576958,-1,10000,5000
0.639,170,169.507328534666,166.698339351143,172.421280752365,166.725450006356,-1,10000,5000
0.4495,170,170.208492210481,167.376342358266,173.175564894343,167.226756405132,-1,10000,5000
0.703,170,169.209004173112,166.409840812346,172.116707071157,166.33648829576,-1,10000,5000
0.861,170,168.413854435454,165.640797991108,171.343770468665,165.407106050317,-1,10000,5000
0.4885,170,170.040031426541,167.213454663416,172.82464081739,167.068606496587,-1,10000,5000
0.1525,170,171.541800339687,168.665351076928,174.406783994632,168.599108989386,-1,10000,5000
0.635,170,169.473427298798,166.665555562963,172.247154467363,166.610019171104,-1,10000,5000
0.914,170,168.051549926386,165.290349027101,170.908261448345,164.960490615788,-1,10000,5000
0.338,170,170.597047011012,167.752022250628,173.312764648967,167.647255546307,-1,10000,5000
0.1055,170,171.758085461629,168.874418227629,174.397284231253,168.868145172381,-1,10000,5000
0.1895,170,171.235691827131,168.369442966535,173.888685188339,168.485909636708,-1,10000,5000
0.054,170,172.248655464791,169.348583737794,175.003570300536,169.424553576633,-1,10000,5000
0.899,170,168.105230949251,165.342275043568,171.194365569836,165.034453729829,-1,10000,5000
0.5765,170,169.675886645173,166.861338227933,172.411568576365,166.801704304367,-1,10000,5000
0.198,170,171.256221504397,168.389289094099,174.093015820889,168.429902316069,-1,10000,5000
0.0975,170,171.772838623894,168.888678716311,174.505273635603,169.046934338261,-1,10000,5000
0.785,170,168.83985289201,166.052824724601,171.753264319813,166.005387664336,-1,10000,5000
0.3735,170,170.469656776165,167.628856301839,173.188132662424,167.721148314231,-1,10000,5000
0.4525,170,170.119878454205,167.290660831568,172.890449287314,167.016860978794,-1,10000,5000
0.5105,170,169.959681531694,167.135761035974,172.88431374516,167.142435754686,-1,10000,5000
0.3205,170,170.673922171736,167.826346722519,173.598220167165,167.841995567544,-1,10000,5000
0.905,170,168.017099129921,165.257024249816,170.992650497072,165.027664944989,-1,10000,5000
0.0935,170,171.909277840054,169.020559660877,174.740547949356,169.154247071394,-1,10000,5000
0.546,170,169.809590446237,166.990628485929,172.55265553006,166.973709597616,-1,10000,5000
0.612,170,169.606812090783,166.79454248257,172.523170799022,166.794713388003,-1,10000,5000
0.8795,170,168.332766556342,165.562365687531,171.163675366258,165.50548282047,-1,10000,5000
0.9315,170,167.708801567228,164.958793293435,170.658437551391,164.639682686774,-1,10000,5000
0.141,170,171.471786640326,168.597672003345,174.122593473438,168.685837202425,-1,10000,5000
0.7045,170,169.188962361844,166.390458505547,172.064966449345,166.22922319383,-1,10000,5000
0.5745,170,169.739254430638,166.922614675836,172.521080199657,167.02751083877,-1,10000,5000
0.953,170,167.582316286273,164.836432807725,170.416632198486,164.53158692175,-1,10000,5000
0.4095,170,170.325046758902,167.489037842473,173.224539321995,167.361339401997,-1,10000,5000
0.7285,170,169.113990846636,166.317953357793,172.034718639247,166.221355884665,-1,10000,5000
0.963,170,167.263298762128,164.527805199079,170.282163143399,164.277703999085,-1,10000,5000
0.8735,170,168.338434498016,165.567848048452,171.234696407397,165.284844946683,-1,10000,5000
0.555,170,169.78018059626,166.962189742511,172.472707634211,167.023549381267,-1,10000,5000
0.829,170,168.642226839734,165.861684623958,171.537196997081,165.661696584846,-1,10000,5000
0.59,170,169.641342336535,166.827933669214,172.479467799896,166.663518660254,-1,10000,5000
0.5845,170,169.712749417827,166.896984505284,172.56582618598,166.981720171253,-1,10000,5000
0.9595,170,167.351761720816,164.613388994607,170.316909313983,164.384577306065,-1,10000,5000
0.4875,170,170.024417948213,167.198357443336,172.709901673477,167.244726999804,-1,10000,5000
0.3375,170,170.611019161534,167.765530894023,173.464674376527,167.823416655737,-1,10000,5000
0.2685,170,170.865245609179,168.011317242329,173.596980614453,167.998129176587,-1,10000,5000
0.6215,170,169.527445847519,166.71779345666,172.263879900679,166.777829411333,-1,10000,5000
0.2615,170,170.904379691795,168.049151015689,173.726634978656,168.006276745026,-1,10000,5000
0.8735,170,168.326532261323,165.556335509847,171.310188632552,165.346207673745,-1,10000,5000
0.99,170,166.710015605618,163.992495703397,169.520541895175,163.810531985374,-1,10000,5000
0.859,170,168.453576290147,165.679218524262,171.240118450874,165.509137744437,-1,10000,5000
0.114,170,171.751594873046,168.868144375509,174.541726066733,168.935392404796,-1,10000,5000
0.287,170,170.788781470981,167.937392939912,173.503261505058,168.066077384026,-1,10000,5000
0.785,170,168.833010830033,166.046207338578,171.954064229145,165.866827451948,-1,10000,5000
0.444,170,170.190530332688,167.35897495975,172.86303631333,167.27988752766,-1,10000,5000
0.173,170,171.290252952483,168.422187265262,174.042791161377,168.521493807231,-1,10000,5000
0.375,170,170.438855763626,167.599076193892,173.250348066489,167.440083550481,-1,10000,5000
0.6435,170,169.437816880406,166.631118694678,172.227912647823,166.511595171444,-1,10000,5000
0.432,170,170.199800505885,167.367938328262,172.79756174551,167.429389076309,-1,10000,5000
0.3775,170,170.441761044027,167.601885186005,173.331650181015,167.670627864597,-1,10000,5000
0.603,170,169.602784477758,166.790647714801,172.470376859675,166.682045912837,-1,10000,5000
0.491,170,169.982796020645,167.158111514519,172.70250199014,167.240417748749,-1,10000,5000
0.5125,170,169.964881743607,167.14078937252,172.865440243926,166.913478902064,-1,10000,5000
0.5695,170,169.682797195203,166.868020745032,172.515842407699,166.708853535391,-1,10000,5000
0.8795,170,168.307265541364,165.537699555697,171.001836380308,165.218908988411,-1,10000,5000
0.1935,170,171.259741371928,168.392691757178,174.010962832713,168.491171884381,-1,10000,5000
0.7275,170,169.039657288536,166.246064124432,171.812106742388,165.924978662663,-1,10000,5000
0.972,170,167.244834126711,164.509941335755,170.08095850477,164.266031559642,-1,10000,5000
0.235,170,171.066363278644,168.20574927251,173.780037629622,168.185767404092,-1,10000,5000
0.5915,170,169.631557339504,166.81847147571,172.406177781105,166.644501466863,-1,10000,5000
0.8845,170,168.177613321,165.412290133157,171.052244410952,165.277418819365,-1,10000,5000
0.859,170,168.394000532179,165.621594405965,171.238524267876,165.529090165018,-1,10000,5000
0.554,170,169.777297825955,166.959402151773,172.488511093541,166.944667637073,-1,10000,5000
0.587,170,169.701228080895,166.885843407675,172.463382343719,166.869978181488,-1,10000,5000
0.742,170,169.052803852085,166.258778463503,171.816843033951,166.152301545362,-1,10000,5000
0.089,170,171.919918570584,169.03084474855,174.599143549214,169.195872517603,-1,10000,5000
0.735,170,169.087680730532,166.292508522491,171.900847782316,166.243836086644,-1,10000,5000
0.5005,170,170.02615263754,167.200034777607,172.893316740851,167.177339756081,-1,10000,5000
0.8855,170,168.223450002356,165.456627199746,171.136331025802,165.360764967227,-1,10000,5000
0.061,170,172.079095461821,169.184698935828,174.749639236792,169.293649543431,-1,10000,5000
0.075,170,171.995623993725,169.10401926433,174.580483054355,169.150252084815,-1,10000,5000
0.0625,170,172.155533976571,169.258579717406,174.854466463182,169.45356542075,-1,10000,5000
0.3835,170,170.366836482596,167.52944329966,173.193253266156,167.409953111129,-1,10000,5000
0.292,170,170.806286299966,167.954316425932,173.646628883368,167.889666079412,-1,10000,5000
0.6325,170,169.527445847519,166.71779345666,172.30228978758,166.55330131191,-1,10000,5000
0.489,170,170.034826615153,167.208421953797,172.826013058741,167.133076159549,-1,10000,5000
0.4705,170,170.124509567058,167.295138737859,172.966838853981,167.174285601544,-1,10000,5000
0.2705,170,170.922492572675,168.0666619608,173.854623280954,168.089976511275,-1,10000,5000
0.592,170,169.652855543114,166.839067035937,172.585973853502,166.730305455818,-1,10000,5000
0.0455,170,172.390012792619,169.4852056364,174.987308343743,169.60910715728,-1,10000,5000
0.744,170,169.056805386013,166.262648430979,171.930817149427,166.159241564756,-1,10000,5000
1,170,165.016882915414,162.354003162656,168.166495110878,161.782431161725,-1,10000,5000
0.9705,170,167.249310027599,164.514271613062,170.121013570475,164.372187980225,-1,10000,5000
0.928,170,167.877182201896,165.12167816464,170.544163208488,164.929478804676,-1,10000,5000
0.7355,170,169.011656209434,166.218983537672,171.985660265461,166.047672453494,-1,10000,5000
0.3775,170,170.478376065171,167.637286555825,173.436334021956,167.632539544705,-1,10000,5000
0.3,170,170.75903149453,167.908630839442,173.593766544034,168.036228185166,-1,10000,5000
0.033,170,172.591163139126,169.679610958588,175.299952730294,169.881834605705,-1,10000,5000
0.4895,170,170.017479544852,167.191648442777,172.951894033189,167.093564187231,-1,10000,5000
0.5615,170,169.765191259614,166.947695287067,172.638891082209,166.755267577111,-1,10000,5000
0.97,170,167.225814220299,164.491540200088,170.083511709128,164.261743577249,-1,10000,5000
0.898,170,168.049290424939,165.288163384044,170.966277887504,164.97086940284,-1,10000,5000
0.252,170,170.918402231734,168.062707557444,173.690537203826,168.126658741795,-1,10000,5000
0.5665,170,169.743864843209,166.927072900391,172.379082142021,166.835892588552,-1,10000,5000
0.317,170,170.626158240874,167.780167713056,173.426668517197,167.67882620561,-1,10000,5000
0.8435,170,168.465496500622,165.690748160004,171.323018463991,165.536417981033,-1,10000,5000
0.3935,170,170.383093580346,167.545161798363,173.324092315873,167.504240635215,-1,10000,5000
0.1995,170,171.153622315187,168.290105214974,173.700758507893,168.521954201652,-1,10000,5000
0.2955,170,170.814456448208,167.962215220064,173.528947559445,167.831077329666,-1,10000,5000
0.639,170,169.457917696227,166.650557112812,172.420645017866,166.424492245806,-1,10000,5000
0.663,170,169.368362213528,166.563952229458,172.253418536212,166.501212599736,-1,10000,5000
0.2195,170,171.09504938297,168.233481154485,173.867500488547,168.087205532349,-1,10000,5000
0.0955,170,171.856684690507,168.969724004853,174.506012141026,169.043880800943,-1,10000,5000
0.5625,170,169.754815576902,166.937662138204,172.422044532558,166.923616781002,-1,10000,5000
0.2025,170,171.147177329632,168.283874702558,173.820330783422,168.323066021141,-1,10000,5000
0.3235,170,170.62790523061,167.781856741139,173.516067698447,167.697712507143,-1,10000,5000
0.431,170,170.268199233717,167.434072833822,173.113838517427,167.465051217345,-1,10000,5000
0.2525,170,170.919570880598,168.063837367986,173.653343722475,168.023719764881,-1,10000,5000
0.5105,170,169.960259317304,167.136319725094,172.669051978089,167.120617099574,-1,10000,5000
0.377,170,170.442342111992,167.602446995726,173.552357307968,167.322680064124,-1,10000,5000
0.9575,170,167.601417379324,164.854911192659,170.325893981784,164.765590513707,-1,10000,5000
0.2405,170,171.008434979512,168.149747439079,173.678776028948,168.397100682056,-1,10000,5000
0.0655,170,172.089164871024,169.194431472871,174.689002050023,169.443409434218,-1,10000,5000
0.3405,170,170.533618948863,167.690697861608,173.279124793777,167.791171047483,-1,10000,5000
0.204,170,171.174718389428,168.310499208941,173.895658973723,168.265456590436,-1,10000,5000
0.044,170,172.469702666994,169.562224249433,175.189063983961,169.613353521932,-1,10000,5000
0.5195,170,169.937728589104,167.11453361676,172.818283276404,167.08982892879,-1,10000,5000
0.6515,170,169.369509761741,166.56506197886,172.148827488641,166.517657007831,-1,10000,5000
0.763,170,168.875782817535,166.087574656365,171.850626832285,165.87451321461,-1,10000,5000
0.4555,170,170.144194609974,167.314172514297,173.074359685491,167.267310941602,-1,10000,5000
0.726,170,169.109414586131,166.313527609709,171.905164935943,166.21688684047,-1,10000,5000
0.2675,170,170.904963918354,168.049715827931,173.748565453745,168.078282429945,-1,10000,5000
0.2235,170,171.032420727098,168.172935593129,173.758448002782,168.150103666886,-1,10000,5000
0.0995,170,171.8702730948,168.982858378846,174.571944497325,169.05325932678,-1,10000,5000
0.3985,170,170.361611645722,167.52439155141,173.193598978834,167.528570606951,-1,10000,5000
0.759,170,168.952827032453,166.162087793401,171.590053639582,165.983353265038,-1,10000,5000
0.49,170,170.038296454007,167.211777059882,172.971061659291,167.29886398741,-1,10000,5000
0.027,170,172.750989098323,169.834072111547,175.430703103312,169.945712313269,-1,10000,5000
0.128,170,171.542977529054,168.666489004632,174.197594129733,168.83354375421,-1,10000,5000
0.4075,170,170.293717917713,167.45874653779,173.050817276208,167.35305844849,-1,10000,5000
0.12,170,171.763986422417,168.880122134104,174.58081990028,168.960944940751,-1,10000,5000
0.888,170,168.2817722516,165.513040772482,171.010667688405,165.513936109367,-1,10000,5000
0.0985,170,171.881499919208,168.993710054112,174.754243972697,169.002842545739,-1,10000,5000
0.072,170,172.077318629577,169.18298154552,174.864912923369,169.348146311546,-1,10000,5000
0.663,170,169.404517453799,166.598916440647,172.338184847973,166.615695750399,-1,10000,5000
0.4185,170,170.274578187689,167.440240578138,173.056843964238,167.464600771876,-1,10000,5000
0.7905,170,168.862093423853,166.074334872289,171.712289429043,165.867847240264,-1,10000,5000
0.002,170,173.751815888065,170.80119424195,176.371920276459,171.021634756315,-1,10000,5000
0.656,170,169.386724851179,166.581709994569,172.229781945046,166.514838781175,-1,10000,5000
0.4415,170,170.231674430008,167.398757231626,173.160280138642,167.288390982697,-1,10000,5000
0.7615,170,168.980237474778,166.188597467951,171.821920560182,166.19728825843,-1,10000,5000
0.172,170,171.412995775962,168.540840816547,174.330142693228,168.555698141963,-1,10000,5000
0.5975,170,169.621197984699,166.808453852441,172.352277402178,166.727866469013,-1,10000,5000
0.271,170,170.872253381046,168.018092188167,173.601121642632,168.012656837746,-1,10000,5000
0.016,170,173.033793418521,170.107371773063,175.69493360291,170.2966156409,-1,10000,5000
0.7355,170,169.111702685425,166.315740454308,171.981557837683,166.206560471011,-1,10000,5000
0.6485,170,169.461938431711,166.654445340675,172.303254932384,166.549440996819,-1,10000,5000
0.613,170,169.56136870059,166.750597800893,172.468628764764,166.830090432334,-1,10000,5000
0.2015,170,171.304925851814,168.436371476311,174.186891530018,168.438840855016,-1,10000,5000
0.7135,170,169.135159273594,166.338425507,171.998374512057,166.244724556761,-1,10000,5000
0.992,170,166.062691613992,163.366126360431,169.134357916427,162.942329557158,-1,10000,5000
0.154,170,171.406531241965,168.534591724952,174.202449038635,168.471054311066,-1,10000,5000
0.426,170,170.232833706748,167.399878132889,173.002904337704,167.362486124201,-1,10000,5000
0.4525,170,170.157513545893,167.327050760334,173.080049394232,167.11575467784,-1,10000,5000
0.6765,170,169.268585010107,166.467460605475,172.237123202927,166.316105949242,-1,10000,5000
0.242,170,170.986795079192,168.128827032425,173.683944981012,168.060337050138,-1,10000,5000
0.4975,170,169.963148304279,167.139113226721,172.69285188342,167.12582883358,-1,10000,5000
0.6265,170,169.51594965551,166.706676268971,172.413210378963,166.527062609864,-1,10000,5000
0.9475,170,167.594675319887,164.848388936695,170.629058898861,164.504742259783,-1,10000,5000
0.8405,170,168.509218376083,165.73303722364,171.310433377055,165.465387930064,-1,10000,5000
0.239,170,170.999076512638,168.140700137875,173.722749237852,168.177503916275,-1,10000,5000
0.187,170,171.292600447461,168.424456578491,174.077308353534,168.473607866485,-1,10000,5000
0.6445,170,169.469980475106,166.662222340738,172.264484216096,166.416446667601,-1,10000,5000
0.5915,170,169.661491473658,166.847418036206,172.433878253735,166.775869401468,-1,10000,5000
0.5025,170,169.974127350553,167.149729384588,172.823598765753,167.131361998683,-1,10000,5000
0.086,170,171.936473436598,169.046846262036,174.822293407448,169.108326116083,-1,10000,5000
0.2045,170,171.066363278644,168.20574927251,173.637486600387,168.35878512151,-1,10000,5000
0.862,170,168.404777784515,165.632018656791,171.310200428342,165.442678900885,-1,10000,5000
0.0605,170,172.344848269657,169.441554524598,175.121488588882,169.362656888699,-1,10000,5000
0.7395,170,169.02479841777,166.231693734727,171.845293714142,166.178721436265,-1,10000,5000
0.72,170,169.091112020537,166.295826972518,171.936443811376,166.110275167734,-1,10000,5000
0.404,170,170.312861951027,167.477256588555,172.981906770748,167.508561209175,-1,10000,5000
0.2305,170,171.038271930155,168.17859221064,173.684533492216,168.296444577947,-1,10000,5000
0.842,170,168.513194217397,165.736882754414,171.386492662787,165.632513971032,-1,10000,5000
0.3295,170,170.673339523706,167.825783410757,173.576917322557,167.608680362557,-1,10000,5000
0.214,170,171.12491656826,168.262354663391,173.812883909008,168.283903667783,-1,10000,5000
0.149,170,171.438270906417,168.565273530869,174.1246060961,168.595984177447,-1,10000,5000
0.6005,170,169.603359839336,166.791204099061,172.287968323378,166.730090529121,-1,10000,5000
0.7035,170,169.188389808426,166.389904791696,172.04247914338,166.332416137211,-1,10000,5000
0.0655,170,172.133602806747,169.237382506947,174.878024075984,169.450016980573,-1,10000,5000
0.5425,170,169.807283423114,166.988397646132,172.686785151581,166.652366002386,-1,10000,5000
0.075,170,172.102197620622,169.207028183123,174.824880874677,169.16238837645,-1,10000,5000
0.232,170,171.031835628811,168.172369952306,173.73517551375,168.220006716437,-1,10000,5000
0.137,170,171.597145710844,168.718850282267,174.444770219826,168.762948578184,-1,10000,5000
0.6335,170,169.502156283057,166.693337600683,172.189356869628,166.643233111376,-1,10000,5000
0.339,170,170.6040328002,167.758776300382,173.54343180085,167.753172258532,-1,10000,5000
0.039,170,172.470892626132,169.563374311149,175.162040609197,169.645353221729,-1,10000,5000
0.345,170,170.550489699426,167.70700914674,173.235709520275,167.706446835306,-1,10000,5000
0.877,170,168.339001313176,165.568396304513,171.219871853332,165.323886944497,-1,10000,5000
0.7115,170,169.155188339306,166.357795692664,172.038301079989,166.168530903076,-1,10000,5000
0.621,170,169.579773215249,166.768395387853,172.318540168264,166.828781239284,-1,10000,5000
0.643,170,169.459066458325,166.651668016545,172.27175929715,166.573821017632,-1,10000,5000
0.3305,170,170.619170639647,167.773411940769,173.368435900408,167.667232559345,-1,10000,5000
0.3525,170,170.570273451494,167.726136763892,173.384865516261,167.698922030667,-1,10000,5000
0.94,170,167.62951513343,164.882092815428,170.650734856494,164.50807754793,-1,10000,5000
0.26,170,170.885686550635,168.031079028377,173.546895236539,168.125487838319,-1,10000,5000
0.2615,170,170.859990157481,168.006236391495,173.476295877623,167.991523422601,-1,10000,5000
0.3585,170,170.505702280913,167.663706843362,173.420761140325,167.545928071773,-1,10000,5000
0.775,170,168.823888943294,166.037384977602,171.706416322624,165.908766065979,-1,10000,5000
0.1915,170,171.195819664834,168.33089814634,173.887528125809,168.524555139727,-1,10000,5000
0.344,170,170.5376908934,167.694634777855,173.255765313886,167.822204998576,-1,10000,5000
0.9565,170,167.352882104841,164.614472904458,170.372216906933,164.245954543264,-1,10000,5000
0.9695,170,167.219102344981,164.485046664408,170.145616523997,164.104525740026,-1,10000,5000
0.2585,170,170.926583109398,168.07061655025,173.702079805063,167.977965331104,-1,10000,5000
0.8105,170,168.750379726327,165.966288927393,171.576951628512,165.859041286559,-1,10000,5000
0.7005,170,169.186672171424,166.388243672255,172.085262752676,166.327422319406,-1,10000,5000
0.178,170,171.314317826695,168.44545062527,174.180541725773,168.491150951322,-1,10000,5000
0.522,170,169.919246298789,167.096662077078,172.84700616105,167.035337285144,-1,10000,5000
0.8395,170,168.546712336157,165.769302177546,171.402042311671,165.596170582535,-1,10000,5000
0.17,170,171.31784008279,168.448855558475,174.053644230539,168.538711932992,-1,10000,5000
0.3635,170,170.459194806612,167.618741116207,173.250609672158,167.508858598749,-1,10000,5000
0.6005,170,169.604510574203,166.792316878715,172.550432803502,166.646831799401,-1,10000,5000
0.4295,170,170.20791273589,167.375782063342,172.972006038404,167.247828454531,-1,10000,5000
0.6495,170,169.398777496172,166.593365585809,172.254435669152,166.410409195011,-1,10000,5000
0.6085,170,169.613141583464,166.800663199437,172.421112102119,166.858727913916,-1,10000,5000
