"p","truediv","chaoest","obsD","upper","lower","l","inds","reps"
1,200,45.2492884250474,43,59.8262291438431,39.08184267958,1,3162,5000
0.999,200,72.4922517394054,48,128.444020260654,53.4661581480666,1,3162,5000
1,200,57.1217979127135,47,96.497984535073,42.1796206303713,1,3162,5000
1,200,51.9981024667932,46,76.9771392491629,42.4871012984988,1,3162,5000
1,200,55.3316466371495,50,80.5459336599596,45.0552631982265,1,3162,5000
1,200,53.1640839131351,45,87.3995056531304,40.4131046411127,1,3162,5000
1,200,50.165348935273,46,71.7610693644707,41.7696082639014,1,3162,5000
1,200,49.7851495436884,48,68.8384444242278,42.5954811098698,1,3162,5000
1,200,59.2461258697027,47,97.7735525052584,44.3888592731268,1,3162,5000
1,200,54.1230629348514,48,84.3718430793688,43.3841770452132,1,3162,5000
1,200,55.1640839131351,47,85.7938353648045,42.8064855861834,1,3162,5000
1,200,46.9993674889311,45,62.4803820872928,40.8193026017351,1,3162,5000
1,200,51.9990512333966,49,70.5982043274613,44.2305968005796,1,3162,5000
1,200,56.663293274299,46,95.4720561072458,42.7371573090168,1,3162,5000
1,200,53.1640839131351,45,87.4812178593704,40.4945005918183,1,3162,5000
1,200,61.9943074003795,44,100.446445401494,46.1287140078612,1,3162,5000
1,200,48.4992093611638,46,66.7409017380564,41.3319569773564,1,3162,5000
1,200,48.4992093611638,46,67.4937487783603,41.1261412514786,1,3162,5000
1,200,54.1230629348514,48,79.2137629049856,43.6237565798749,1,3162,5000
1,200,51.9971537001898,43,79.3385629832309,40.4499165569185,1,3162,5000
1,200,69.4922517394054,45,124.037211072803,50.0587164491469,1,3162,5000
1,200,47.4992093611638,45,67.3129009956402,40.0699376812822,1,3162,5000
0.9995,200,70.1602888467215,50,133.688711582514,47.3394468766315,1,3162,5000
1,200,46.2492884250474,44,60.9243344938782,40.0966410509096,1,3162,5000
1,200,56.9974699557242,49,86.9665082746092,45.577387464995,1,3162,5000
1,200,57.1217979127135,47,94.1847989863508,42.4499001881218,1,3162,5000
0.9965,200,87.4871916508539,47,160.117009280029,58.7468638024834,1,3162,5000
1,200,45.3332279148218,45,55.9639169998645,40.4675539385109,1,3162,5000
1,200,50.9981024667932,45,76.1244687391758,41.6344307885116,1,3162,5000
0.9995,200,59.2461258697027,47,97.081656215893,44.5973108648494,1,3162,5000
0.999,200,79.9898798228969,48,144.171319615938,55.6974106975317,1,3162,5000
1,200,44.9993674889311,43,60.5294184918188,39.0346367081376,1,3162,5000
1,200,55.9987349778621,52,79.3620202355168,46.803755424216,1,3162,5000
1,200,47.4992093611638,45,68.2837569223881,40.0407936080301,1,3162,5000
0.998,200,78.9898798228969,47,140.764446938533,53.2905380201274,1,3162,5000
1,200,59.9943074003795,42,98.5344768291053,43.7995780308763,1,3162,5000
1,200,54.9974699557242,47,86.5708164547629,42.8333876122582,1,3162,5000
1,200,48.6658233185747,46,64.1712851058076,42.1772939609625,1,3162,5000
1,200,53.9981024667932,48,78.8031909455225,44.3131529948583,1,3162,5000
1,200,52.2480234029096,46,77.826669147045,41.9617497922063,1,3162,5000
1,200,49.1424957079606,48,64.3330455771915,42.4636986448701,1,3162,5000
1,200,46.9993674889311,45,62.6685356750675,41.0074561895099,1,3162,5000
1,200,55.3316466371495,50,82.2515968722932,45.1626974415532,1,3162,5000
1,200,46.4998418722328,46,64.8483496466284,40.355465396154,1,3162,5000
1,200,51.8984503478811,47,74.8980985719157,42.8079341190378,1,3162,5000
0.999,200,82.988614800759,47,138.994231622353,56.6847228726168,1,3162,5000
1,200,49.165348935273,45,72.0220657467019,40.6973767313108,1,3162,5000
0.9995,200,62.4960468058191,50,106.963845496125,46.6254746639215,1,3162,5000
1,200,60.0801444233607,50,97.3468697439993,45.5277152004614,1,3162,5000
1,200,49.5994939911448,48,64.2629960621166,43.435302619148,1,3162,5000
1,200,49.4985768500949,45,75.2324794456492,40.4918880477998,1,3162,5000
1,200,57.9968374446553,48,96.3772535206544,44.0588896159528,1,3162,5000
1,200,62.0961733080329,50,102.400051236294,46.9172871629232,1,3162,5000
1,200,55.3979759645794,49,84.0487425848459,44.6861951465158,1,3162,5000
1,200,52.4985768500949,48,76.3331801831709,43.8428259769723,1,3162,5000
1,200,52.9981024667932,47,77.8581203862345,43.951547542043,1,3162,5000
1,200,63.4960468058191,51,107.285704961946,47.2188432710332,1,3162,5000
1,200,62.4960468058191,50,108.37306124605,46.8915621948168,1,3162,5000
1,200,51.0826744676365,49,71.2898324072249,43.4226992636449,1,3162,5000
1,200,55.1640839131351,47,87.7280201747186,43.3654727363885,1,3162,5000
1,200,48.1240117014548,45,68.8291769151971,40.0033810054353,1,3162,5000
1,200,53.1230629348514,47,84.8418951794419,41.8542291452863,1,3162,5000
0.9995,200,76.9898798228969,45,132.380826742229,52.4042296517801,1,3162,5000
1,200,57.663293274299,47,96.6478224161484,43.1631608095702,1,3162,5000
1,200,45.9993674889311,44,61.5071234257502,39.7627369614871,1,3162,5000
1,200,59.1217979127135,49,98.6214089441931,44.6362729543133,1,3162,5000
1,200,61.4960468058191,49,107.903515895577,45.5053238230491,1,3162,5000
0.995,200,86.4871916508539,46,159.131250718352,57.1609787385922,1,3162,5000
1,200,54.1230629348514,48,86.3260737324422,43.4815359173162,1,3162,5000
0.999,200,71.9920936116382,47,135.831800520975,45.8577334748012,1,3162,5000
1,200,55.3979759645794,49,86.1450902931114,43.7825428547812,1,3162,5000
1,200,42.4998418722328,42,53.2545042235174,37.9250713751092,1,3162,5000
1,200,50.0826744676365,48,67.1327922615283,42.7238475008283,1,3162,5000
1,200,52.0820419565676,48,76.669859400305,42.4297423857573,1,3162,5000
1,200,54.9971537001898,46,87.4286513233788,43.3413331703111,1,3162,5000
1,200,50.165348935273,46,69.5582411597793,41.9657047903929,1,3162,5000
1,200,58.663293274299,48,96.1145407792687,45.254997768516,1,3162,5000
1,200,50.1240117014548,47,70.1869758398969,42.3611799301351,1,3162,5000
1,200,47.2492884250474,45,61.8782764246559,41.1338899603928,1,3162,5000
1,200,50.5988614800759,47,75.1599149638411,42.1694026298753,1,3162,5000
0.9975,200,78.9898798228969,47,144.259147105791,54.9098823999089,1,3162,5000
1,200,49.2480234029096,43,74.9166972512437,39.051777896405,1,3162,5000
0.991,200,79.1577588024457,51,164.253789198085,50.3882294257891,1,3162,5000
1,200,47.4992093611638,45,66.421515172673,40.0542239013258,1,3162,5000
1,200,46.4992093611638,44,64.5990614598079,39.4801098469047,1,3162,5000
1,200,52.4985768500949,48,77.1245163217975,43.6341621155989,1,3162,5000
0.998,200,87.4871916508539,47,159.218593234579,57.3735979784118,1,3162,5000
1,200,46.5994939911448,45,61.8128102635275,39.9851168205589,1,3162,5000
1,200,55.3316466371495,50,85.2455101412608,44.6580338604259,1,3162,5000
1,200,45.6426538357278,45,60.8912023428209,39.8968949424414,1,3162,5000
1,200,63.4957305502846,50,110.892786444434,46.6599433071795,1,3162,5000
1,200,51.9990512333966,49,74.4322627794817,43.9409598066797,1,3162,5000
1,200,56.1640839131351,48,90.9207349477425,44.0596106593175,1,3162,5000
1,200,45.899715370019,45,59.2677009135016,40.4390587039296,1,3162,5000
1,200,51.8984503478811,47,77.0262023978633,42.4522249574247,1,3162,5000
1,200,48.9993674889311,47,64.6544270150366,42.9100405507735,1,3162,5000
0.993,200,91.4871916508539,51,177.193446753141,63.8116999684058,1,3162,5000
1,200,52.9971537001898,44,81.2308204731848,41.4088196298367,1,3162,5000
1,200,48.8886077728583,48,67.5758552456919,42.183571880733,1,3162,5000
0.999,200,77.9898798228969,46,141.91469025387,53.565425547988,1,3162,5000
1,200,50.5988614800759,47,72.5276504248429,42.2029614094518,1,3162,5000
1,200,56.1640839131351,48,86.9174181871319,44.5548707488017,1,3162,5000
1,200,52.8984503478811,48,77.089383928038,44.1709100868887,1,3162,5000
1,200,56.9971537001898,48,88.7072398019199,45.7198900232987,1,3162,5000
1,200,44.9996837444655,44,64.1037106949276,38.359640486199,1,3162,5000
1,200,50.9990512333966,48,70.5057924504345,43.2991646380192,1,3162,5000
1,200,54.1230629348514,48,80.4337973151451,43.6928896617612,1,3162,5000
1,200,68.4922517394054,44,114.487472214128,48.0059731628942,1,3162,5000
1,200,55.1640839131351,47,86.2104497822606,43.3464791940253,1,3162,5000
0.9645,200,109.480866540164,49,216.849414655495,70.3922672804158,1,3162,5000
1,200,58.1217979127135,48,96.8135963994929,43.8287766651476,1,3162,5000
1,200,56.1640839131351,48,90.5857429190848,43.5993419070671,1,3162,5000
1,200,60.9968374446553,51,93.2644646295908,48.1518381273771,1,3162,5000
1,200,49.5988614800759,46,70.2745720085301,41.0319249497066,1,3162,5000
1,200,53.9971537001898,45,85.3490604625363,42.3613944283807,1,3162,5000
0.973,200,107.480866540164,47,202.126567240445,64.1676804599259,1,3162,5000
1,200,57.2461258697027,45,96.1953193165931,42.5443600081386,1,3162,5000
1,200,50.4985768500949,46,75.4652083740889,41.7246169762394,1,3162,5000
1,200,45.5994939911448,44,61.0985645129288,39.2292175806075,1,3162,5000
1,200,46.3329116592874,45,66.152926977256,39.7856357059087,1,3162,5000
1,200,50.8984503478811,46,76.4409512928827,41.3507868400048,1,3162,5000
1,200,54.3979759645794,48,83.8792655568545,43.0585297356443,1,3162,5000
1,200,57.2461258697027,45,94.8308718882144,42.4461786560828,1,3162,5000
1,200,53.2492884250474,51,73.5079974614418,45.4156192198226,1,3162,5000
0.985,200,86.988614800759,51,176.106405693007,55.2674192919955,1,3162,5000
1,200,48.0826744676365,46,66.2180321676972,40.7254641727573,1,3162,5000
1,200,48.7851495436884,47,68.5423335833258,41.4499553417066,1,3162,5000
1,200,52.9974699557242,45,76.796854019269,43.8050766631653,1,3162,5000
1,200,58.3316466371495,53,85.3411869202076,48.2522874894676,1,3162,5000
1,200,52.9981024667932,47,79.7681494742252,43.2790602901645,1,3162,5000
1,200,48.9987349778621,45,66.9055624685313,42.0371643028134,1,3162,5000
0.9995,200,63.0961733080329,51,108.73604028713,47.3791854484206,1,3162,5000
1,200,53.9981024667932,48,78.079817226808,45.0899374039111,1,3162,5000
1,200,53.9971537001898,45,85.6141588845529,42.3762556587465,1,3162,5000
1,200,51.4985768500949,47,77.0643168227237,42.1744053742734,1,3162,5000
1,200,46.7497628083491,46,62.020678856686,41.1513319243647,1,3162,5000
1,200,59.9974699557242,52,84.9765308714289,49.3787514370745,1,3162,5000
1,200,62.9949399114484,47,109.809008937154,46.4521540984441,1,3162,5000
0.993,200,88.4871916508539,48,161.142680177743,58.3390221553944,1,3162,5000
1,200,53.4985768500949,49,72.6360687692954,45.143184518821,1,3162,5000
1,200,51.9981024667932,46,75.8691493527429,42.7777198777271,1,3162,5000
0.9945,200,87.4871916508539,47,165.676311933376,55.8748676997681,1,3162,5000
1,200,51.0820419565676,47,75.7009728924712,42.0440047288616,1,3162,5000
1,200,62.9949399114484,47,109.393713311001,45.9115817486986,1,3162,5000
0.978,200,103.982605945604,49,198.439642825109,67.6454724687948,1,3162,5000
1,200,57.4960468058191,45,89.3793085863378,44.8918006799494,1,3162,5000
1,200,52.1230629348514,46,83.4286913631492,41.3413732100815,1,3162,5000
1,200,61.9949399114484,46,108.132776745241,44.6512776940077,1,3162,5000
1,200,59.4960468058191,47,105.105406323365,43.1868618894625,1,3162,5000
1,200,57.1640839131351,49,86.5177634503667,46.1552160120365,1,3162,5000
1,200,52.1230629348514,46,79.9920413550546,41.1033949287421,1,3162,5000
1,200,58.663293274299,48,97.3769220869351,44.2924502336777,1,3162,5000
1,200,51.8984503478811,47,77.0942698621967,42.6042319115325,1,3162,5000
1,200,53.9971537001898,45,83.1669133656554,42.3029427774201,1,3162,5000
1,200,49.7851495436884,48,68.4798708103643,42.5688703886903,1,3162,5000
1,200,46.3329116592874,45,61.704532208179,39.8348690203232,1,3162,5000
1,200,63.9949399114484,48,110.892973197218,46.3118220270725,1,3162,5000
0.9995,200,61.4957305502846,48,107.069457324168,45.1880847751482,1,3162,5000
1,200,50.1240117014548,47,69.2629005140721,42.2704906468994,1,3162,5000
1,200,68.243595825427,48,122.169389742873,47.5250718006423,1,3162,5000
0.9995,200,62.9949399114484,47,109.48894220176,46.0074431505263,1,3162,5000
1,200,58.2461258697027,46,96.106394065571,43.2468510548183,1,3162,5000
1,200,54.3979759645794,48,83.7894120929151,43.426864654585,1,3162,5000
1,200,52.9971537001898,44,85.6304059798651,41.1422655624078,1,3162,5000
1,200,55.3979759645794,49,86.6161305191297,44.2122458469813,1,3162,5000
1,200,52.9981024667932,47,78.0551905394102,43.5651525887461,1,3162,5000
1,200,50.4985768500949,46,74.1813014190712,41.4400775101528,1,3162,5000
1,200,45.5994939911448,44,60.3287381957622,39.5843517314991,1,3162,5000
0.9995,200,76.9898798228969,45,134.174433570337,51.8649248206003,1,3162,5000
1,200,51.2480234029096,45,76.9974132616487,41.0075334387518,1,3162,5000
1,200,49.4992093611638,47,69.474696415049,41.9824446756436,1,3162,5000
1,200,50.9990512333966,48,71.2811189835921,43.2887091164195,1,3162,5000
1,200,50.1240117014548,47,69.0893344732936,42.096924606121,1,3162,5000
1,200,45.2856239269901,45,59.5182866696096,39.9232202559474,1,3162,5000
1,200,50.2480234029096,44,76.3105382048608,40.3203421264294,1,3162,5000
1,200,50.4985768500949,46,72.3597700023782,41.8672020074383,1,3162,5000
1,200,55.9974699557242,48,86.3694811987825,44.3818151646269,1,3162,5000
1,200,51.5988614800759,48,71.3713847814403,43.5039353823258,1,3162,5000
1,200,46.7497628083491,46,61.09735292003,41.2280059877087,1,3162,5000
0.9995,200,71.9920936116382,47,135.833562076349,45.5256346042853,1,3162,5000
1,200,52.1230629348514,46,78.0329977742889,41.6426119425369,1,3162,5000
1,200,49.9981024667932,44,75.7393923737864,40.2493544231223,1,3162,5000
1,200,51.5988614800759,48,74.4058791483753,43.4861402850881,1,3162,5000
1,200,51.2480234029096,45,78.0035059920384,41.2629145941889,1,3162,5000
1,200,60.4957305502846,47,105.782449818937,43.6344949380603,1,3162,5000
1,200,46.6658233185747,44,64.1266295712416,40.132954681931,1,3162,5000
1,200,54.1230629348514,48,85.0860429888219,43.0983769546663,1,3162,5000
1,200,60.9949399114484,45,106.817545406012,43.2363942358664,1,3162,5000
1,200,51.9990512333966,49,71.3763491156824,44.3839392485098,1,3162,5000
0.932,200,122.977229601518,51,239.067020113664,75.2413164450995,1,3162,5000
1,200,54.1640839131351,46,86.6320630411484,42.0445867603134,1,3162,5000
1,200,46.7497628083491,46,60.9809030296841,41.1525770756466,1,3162,5000
0.9945,200,79.2404332700822,49,163.981228752303,51.0153843500259,1,3162,5000
1,200,51.2480234029096,45,75.4346508408381,41.5280779966467,1,3162,5000
0.999,200,71.9920936116382,47,134.947009641903,47.597744936021,1,3162,5000
1,200,45.2492884250474,43,60.1302236845276,39.1359162841481,1,3162,5000
1,200,51.4985768500949,47,76.4691094885759,43.1456854953227,1,3162,5000
1,200,68.243595825427,48,133.276274105854,46.4024916896614,1,3162,5000
1,200,58.2461258697027,46,95.5754647276563,43.0908031210782,1,3162,5000
0.9995,200,66.1202166350411,51,113.050702990566,48.3195992587509,1,3162,5000
1,200,51.8984503478811,47,76.4335138267673,42.3433493738893,1,3162,5000
1,200,42.899715370019,42,54.3995904554833,37.6542552246167,1,3162,5000
1,200,53.9974699557242,46,86.4452782309205,42.0827307925903,1,3162,5000
1,200,59.2461258697027,47,99.201820833205,45.2170010988596,1,3162,5000
1,200,63.9949399114484,48,110.38194809227,46.5669048706803,1,3162,5000
1,200,48.2492884250474,46,62.72176857904,42.2266705398244,1,3162,5000
1,200,56.9974699557242,49,88.6722106240839,45.7845129643748,1,3162,5000
1,200,50.165348935273,46,70.8842335891928,41.792804114177,1,3162,5000
1,200,47.1240117014548,44,67.1663455312905,39.4238566002342,1,3162,5000
1,200,57.663293274299,47,96.3149567116139,43.5800579133849,1,3162,5000
1,200,46.9993674889311,45,61.6216174886801,40.8772310244169,1,3162,5000
0.9995,200,70.1602888467215,50,133.500235230208,47.1509705243253,1,3162,5000
1,200,57.9974699557242,50,88.7735496591953,46.6862315061276,1,3162,5000
0.9985,200,76.9898798228969,45,140.810205684128,52.3356642546535,1,3162,5000
1,200,56.9974699557242,49,86.9488916245306,45.3601503215578,1,3162,5000
0.9995,200,67.243595825427,47,121.370512779736,45.3920181560796,1,3162,5000
1,200,59.2461258697027,47,96.9412095391517,44.9563898048063,1,3162,5000
1,200,54.1640839131351,46,87.0307055627375,41.9433874096698,1,3162,5000
1,200,50.0826744676365,48,69.1347872565563,42.7671797296745,1,3162,5000
1,200,57.1217979127135,47,94.147185259135,43.0627134058776,1,3162,5000
1,200,52.2480234029096,46,77.2655903135818,42.6755839884712,1,3162,5000
1,200,54.1640839131351,46,88.1744343611324,41.6042519871076,1,3162,5000
1,200,59.4960468058191,47,105.998841680223,42.822169039841,1,3162,5000
1,200,51.9981024667932,46,76.064169705669,42.7234518056058,1,3162,5000
0.999,200,66.1202166350411,51,116.485306541127,47.6708958306066,1,3162,5000
1,200,45.4995256166983,44,58.1176318429164,40.122059420399,1,3162,5000
1,200,46.6658233185747,44,63.3103082140159,40.3163170691709,1,3162,5000
1,200,54.9971537001898,46,86.2714067193947,43.0341360046572,1,3162,5000
0.9985,200,67.1202166350411,52,121.295408217085,48.4421903170221,1,3162,5000
1,200,68.243595825427,48,121.264467003724,47.2859723800676,1,3162,5000
1,200,57.2461258697027,45,91.3748625503875,42.2628685592427,1,3162,5000
1,200,47.9993674889311,46,62.6195119395877,41.7911859855501,1,3162,5000
1,200,51.165348935273,47,72.3406928738969,42.5148969641351,1,3162,5000
0.998,200,74.9924098671727,51,136.833723105727,51.5257956336628,1,3162,5000
0.9995,200,67.6613957410921,51,111.59847143676,49.7834282151705,1,3162,5000
1,200,54.4985768500949,50,78.3779387445574,45.6370310911734,1,3162,5000
1,200,52.3316466371495,47,84.2756613757526,41.4542930434735,1,3162,5000
1,200,51.0820419565676,47,75.9732059629228,41.3992285224843,1,3162,5000
1,200,50.0826744676365,48,68.8765692312258,42.5092779598786,1,3162,5000
1,200,57.663293274299,47,95.5491539388788,43.8148876517188,1,3162,5000
1,200,50.4985768500949,46,73.7165096375737,41.9765507507932,1,3162,5000
1,200,48.4992093611638,46,68.7724265578409,41.279858562901,1,3162,5000
1,200,49.165348935273,45,72.7641398039278,40.672710328912,1,3162,5000
1,200,59.0974383301708,51,93.2528857248475,46.6157415123238,1,3162,5000
1,200,55.7478652751423,49,85.9946318716412,44.3389287301696,1,3162,5000
0.993,200,80.1577588024457,52,163.382135758298,52.5165759860025,1,3162,5000
0.999,200,70.243595825427,50,130.631808209059,49.6558436296786,1,3162,5000
1,200,55.1640839131351,47,90.0690117921586,43.0816620135375,1,3162,5000
1,200,51.8984503478811,47,76.7332541968034,42.4098302035501,1,3162,5000
1,200,49.5988614800759,46,76.017795863547,40.6943718702938,1,3162,5000
1,200,47.3329116592874,46,62.7413814374173,40.8095542710669,1,3162,5000
1,200,50.3329116592874,49,64.674355963653,44.1129285970074,1,3162,5000
1,200,62.4960468058191,50,103.295016025365,46.872834652816,1,3162,5000
1,200,52.9981024667932,47,78.7425965985588,43.6524321456809,1,3162,5000
1,200,50.5988614800759,47,72.5004357416614,42.4080575000422,1,3162,5000
1,200,51.9981024667932,46,76.9541703950308,42.4638161888322,1,3162,5000
0.996,200,78.2404332700822,48,154.370363951042,48.5275824836162,1,3162,5000
1,200,53.1640839131351,45,84.6177890358473,40.7970532146371,1,3162,5000
1,200,48.4992093611638,46,68.5655054506077,41.0732537112022,1,3162,5000
1,200,51.9971537001898,43,80.5003517480648,40.5111044362369,1,3162,5000
1,200,54.1230629348514,48,83.1989827340479,43.8530217690167,1,3162,5000
1,200,44.2492884250474,42,59.0861235958631,38.2584301528945,1,3162,5000
1,200,51.5706153429114,49,72.6122421451914,43.4532183206078,1,3162,5000
1,200,52.8984503478811,48,78.5069968254596,43.1166109937075,1,3162,5000
1,200,53.9981024667932,48,77.4098560314762,44.6689483780923,1,3162,5000
0.995,200,80.2404332700822,50,150.49505052383,52.5250947996044,1,3162,5000
1,200,49.1240117014548,46,69.2597843044386,41.4339883946769,1,3162,5000
1,200,56.1640839131351,48,86.6946522536259,44.8306816653906,1,3162,5000
0.9995,200,68.243595825427,48,133.775076598722,46.9676235099595,1,3162,5000
1,200,54.1640839131351,46,85.3077226161612,41.8919369470548,1,3162,5000
1,200,52.4988931056293,49,72.3512949601167,44.0250246670532,1,3162,5000
1,200,60.9968374446553,51,96.2943885389474,48.0574340797444,1,3162,5000
1,200,54.3316466371495,49,84.9769951818321,44.0892975221231,1,3162,5000
1,200,58.2461258697027,46,96.6605122908886,44.0761985653984,1,3162,5000
1,200,47.3329116592874,46,64.7766040871008,40.6996222190848,1,3162,5000
1,200,41.3998734977862,41,52.034223318512,36.7047904701038,1,3162,5000
1,200,48.165348935273,44,73.6678146975053,39.6773023635395,1,3162,5000
1,200,54.1230629348514,48,84.291187724388,43.3038379457669,1,3162,5000
1,200,49.165348935273,45,69.3497431832186,40.3573333160459,1,3162,5000
0.9995,200,68.243595825427,48,119.99190871954,49.0973535856584,1,3162,5000
1,200,51.8984503478811,47,72.0337745729666,42.9410800758129,1,3162,5000
1,200,65.9933586337761,45,111.168369306083,47.9367911909656,1,3162,5000
1,200,53.8984503478811,49,78.0614464424789,45.1542410872185,1,3162,5000
1,200,58.663293274299,48,96.9080609797772,45.0663694644614,1,3162,5000
1,200,54.9974699557242,47,86.2857397299153,43.0478365041088,1,3162,5000
1,200,53.1640839131351,45,86.3811631947125,41.017666989779,1,3162,5000
1,200,61.9943074003795,44,100.282603108654,46.4230600979012,1,3162,5000
1,200,55.1640839131351,47,87.1228340071647,42.8006750360494,1,3162,5000
1,200,63.9949399114484,48,113.761366581858,46.7809744249956,1,3162,5000
1,200,43.3998734977862,43,53.3056380830961,38.9345517453352,1,3162,5000
1,200,55.0820419565676,51,77.2873570060841,46.1835549117696,1,3162,5000
1,200,55.1230629348514,49,79.3213526394759,44.9806347394126,1,3162,5000
1,200,55.3316466371495,50,83.7185427048165,45.729611648523,1,3162,5000
1,200,47.1240117014548,44,67.0565613982824,38.8142305949934,1,3162,5000
1,200,52.8984503478811,48,75.9991052421551,43.674416226764,1,3162,5000
1,200,65.6613957410921,49,113.437126977225,47.7902789907181,1,3162,5000
0.9995,200,66.6613957410921,50,121.282914504144,47.9051788937708,1,3162,5000
1,200,53.3979759645794,47,84.612682818822,42.2501353804918,1,3162,5000
1,200,52.0820419565676,48,78.5745351678664,42.3344181533187,1,3162,5000
0.9975,200,73.9920936116382,49,141.806035009174,49.3340236239747,1,3162,5000
1,200,61.9949399114484,46,115.440133542602,44.4597413857389,1,3162,5000
1,200,57.663293274299,47,99.5479132518285,43.8145957312719,1,3162,5000
1,200,53.9971537001898,45,85.1289021275401,42.4735152416029,1,3162,5000
1,200,48.0826744676365,46,66.8949183197921,40.5276270484448,1,3162,5000
1,200,47.6658233185747,45,64.3792206710641,40.8020806752809,1,3162,5000
1,200,51.9981024667932,46,77.1072894811977,42.6172515305336,1,3162,5000
1,200,50.2480234029096,44,75.66829943576,40.9277080379105,1,3162,5000
0.9995,200,61.4960468058191,49,101.162320123629,45.7792081691702,1,3162,5000
1,200,54.1230629348514,48,86.944152247485,42.9564862133294,1,3162,5000
0.9995,200,67.1202166350411,52,117.856857659235,49.3756748635363,1,3162,5000
1,200,55.7478652751423,49,85.5391943512306,44.3849143596641,1,3162,5000
1,200,55.1640839131351,47,86.4311367486107,43.0153510795044,1,3162,5000
1,200,57.663293274299,47,95.6110779587148,44.1264163521367,1,3162,5000
0.999,200,77.9898798228969,46,134.688263640873,53.5851248046934,1,3162,5000
0.9975,200,70.1602888467215,50,123.612903651234,49.1348834108798,1,3162,5000
1,200,54.9974699557242,47,83.9779258315056,43.6153783931755,1,3162,5000
0.9955,200,86.4871916508539,46,158.544715871698,56.7410578493494,1,3162,5000
1,200,54.3316466371495,49,84.13029192031,43.8075004381257,1,3162,5000
0.994,200,89.4871916508539,49,162.236507048765,61.4328490264161,1,3162,5000
1,200,47.2221519432146,47,61.0760857643281,41.5813039806469,1,3162,5000
1,200,51.4985768500949,47,76.27081805713,42.5308591703495,1,3162,5000
1,200,46.1246442125237,45,61.4867208501501,40.4924134497706,1,3162,5000
0.9705,200,110.480866540164,50,214.072599651366,69.6154522762869,1,3162,5000
1,200,51.4985768500949,47,77.2544766683734,42.513885270524,1,3162,5000
0.992,200,88.4871916508539,48,162.195070588926,59.3914125665768,1,3162,5000
1,200,47.5994939911448,46,63.9590729181099,41.0647338921769,1,3162,5000
1,200,48.0826744676365,46,67.7971740719092,40.4048907069503,1,3162,5000
1,200,51.5706153429114,49,70.7398382587105,43.7474283915378,1,3162,5000
1,200,48.6658233185747,46,63.4275676487217,42.4329439928077,1,3162,5000
1,200,62.9943074003795,45,102.153693202671,47.168557212791,1,3162,5000
1,200,58.663293274299,48,97.5433048198963,44.8917130003728,1,3162,5000
1,200,62.9943074003795,45,100.756639277431,47.2719776708533,1,3162,5000
1,200,61.9949399114484,46,107.58353609831,44.3503767055209,1,3162,5000
1,200,57.2461258697027,45,95.9423955909649,42.6240316862632,1,3162,5000
1,200,50.9990512333966,48,71.3054179110443,43.2130396694251,1,3162,5000
1,200,55.9971537001898,47,85.4170142228996,44.677687847188,1,3162,5000
0.9985,200,71.1602888467215,51,134.102488345302,49.6273144047579,1,3162,5000
1,200,56.663293274299,46,94.3258994655658,42.4663564548131,1,3162,5000
1,200,54.9971537001898,46,84.883062444969,43.8953964108134,1,3162,5000
1,200,45.899715370019,45,59.1733118904551,40.2780240979187,1,3162,5000
0.9955,200,90.4871916508539,50,161.756800088414,60.9531420660648,1,3162,5000
1,200,51.4985768500949,47,75.2624889848009,42.6724826596902,1,3162,5000
1,200,48.4992093611638,46,67.688864698478,41.4465338951889,1,3162,5000
1,200,63.6613957410921,47,118.211827652844,45.3172725189628,1,3162,5000
1,200,53.1640839131351,45,86.7117576497131,40.8259575232109,1,3162,5000
1,200,44.4998418722328,44,55.3718045569034,39.8757577510843,1,3162,5000
0.999,200,74.9920936116382,50,139.300676570944,51.9514118650617,1,3162,5000
1,200,53.1230629348514,47,83.3490328522986,41.6936459663615,1,3162,5000
1,200,54.9971537001898,46,84.4721081096955,43.7327817339839,1,3162,5000
1,200,69.243595825427,49,127.749725514951,48.646586678771,1,3162,5000
1,200,45.9993674889311,44,61.6241474164621,39.7548004841408,1,3162,5000
1,200,48.6658233185747,46,68.8495102871525,41.8567841644453,1,3162,5000
1,200,51.5699828318424,47,80.5682251548277,41.9128382688906,1,3162,5000
1,200,58.9968374446553,49,97.8805996279662,45.2290078084427,1,3162,5000
1,200,50.2480234029096,44,76.0655853095539,40.3256264227734,1,3162,5000
0.9955,200,78.2404332700822,48,149.847866230058,49.0028709738913,1,3162,5000
1,200,49.165348935273,45,68.9514674468806,40.9593738352424,1,3162,5000
1,200,47.4985768500949,43,72.9817034556565,38.241112057807,1,3162,5000
1,200,47.6658233185747,45,62.3587333035332,41.4358318849012,1,3162,5000
1,200,50.7851495436884,49,68.6908288567374,43.5984506151182,1,3162,5000
1,200,50.165348935273,46,70.212239510764,41.3864436010022,1,3162,5000
1,200,61.9943074003795,44,101.021020524325,45.0365170455144,1,3162,5000
1,200,50.4985768500949,46,75.9036636263466,41.413309420148,1,3162,5000
1,200,61.1217979127135,51,96.3704587047714,47.8826345428486,1,3162,5000
1,200,59.2461258697027,47,106.629671652962,44.2734493253215,1,3162,5000
1,200,55.1640839131351,47,87.8376124896778,43.2501362088429,1,3162,5000
1,200,45.6658233185747,43,60.429606885523,39.434983229609,1,3162,5000
1,200,50.165348935273,46,71.7679005050049,41.6755222633856,1,3162,5000
0.9945,200,77.1577588024457,49,162.088001298832,47.7062545140971,1,3162,5000
1,200,48.9990512333966,46,68.5046795151439,41.4123012735246,1,3162,5000
1,200,50.4992093611638,48,67.6034184706096,43.4431296238881,1,3162,5000
1,200,59.2461258697027,47,101.659964186696,44.4255397717689,1,3162,5000
1,200,53.7213613043784,51,75.4496886363792,44.9571206414393,1,3162,5000
1,200,64.4957305502846,51,103.262743827763,49.4022520504072,1,3162,5000
1,200,53.1230629348514,47,83.5974794245028,42.4435156884707,1,3162,5000
1,200,57.3316466371495,52,87.5897932222856,46.6649236776936,1,3162,5000
1,200,49.165348935273,45,69.3729139743846,41.0053064475028,1,3162,5000
1,200,51.9981024667932,46,76.7366358271457,42.2462816209471,1,3162,5000
0.998,200,86.4871916508539,46,158.256743118462,57.2864711387019,1,3162,5000
1,200,48.0826744676365,46,67.0364660997142,40.6441827347553,1,3162,5000
1,200,55.9974699557242,48,87.0979019532088,44.2102042934997,1,3162,5000
1,200,54.1640839131351,46,84.4823927734669,41.9945686115441,1,3162,5000
1,200,48.9993674889311,47,63.7902722595579,42.9202928161677,1,3162,5000
1,200,71.4922517394054,47,117.110062591676,51.8784844765594,1,3162,5000
1,200,70.4922517394054,46,126.025756528449,50.5480525436295,1,3162,5000
1,200,62.4957305502846,49,108.539496574714,46.0573650124118,1,3162,5000
1,200,49.5988614800759,46,71.4765370808987,41.3841588392794,1,3162,5000
1,200,51.5620058507274,50,71.9444120380011,44.237942353353,1,3162,5000
1,200,51.0820419565676,47,75.5059109202511,41.1824869269979,1,3162,5000
1,200,56.1640839131351,48,87.5119277499172,43.690559417638,1,3162,5000
1,200,51.9971537001898,43,83.1156585709015,40.126727514608,1,3162,5000
1,200,53.8984503478811,49,78.156149952439,45.1656376184732,1,3162,5000
1,200,54.1640839131351,46,86.4886176900733,41.9011414092384,1,3162,5000
0.9995,200,64.1202166350411,49,119.705270191056,44.8107150571747,1,3162,5000
1,200,50.2480234029096,44,75.1385999072254,40.6485619565613,1,3162,5000
0.9985,200,65.3954459203036,51,123.889798662965,46.5133280747294,1,3162,5000
0.9995,200,66.1202166350411,51,120.674511502258,47.8212936021945,1,3162,5000
1,200,51.9974699557242,44,74.2421768493105,42.9174878339194,1,3162,5000
1,200,64.6613957410921,48,118.661444314962,45.6835822023747,1,3162,5000
1,200,69.4922517394054,45,119.464799717943,48.8855460810041,1,3162,5000
1,200,46.9993674889311,45,62.4578677366959,40.6301742937274,1,3162,5000
1,200,53.8984503478811,49,78.8350500700907,44.9451386216404,1,3162,5000
1,200,51.165348935273,47,71.306099912465,42.8132156619906,1,3162,5000
1,200,43.9993674889311,42,57.7678141948849,37.9401207519164,1,3162,5000
1,200,56.1640839131351,48,89.0360984144554,43.8827671894923,1,3162,5000
1,200,54.1230629348514,48,81.6191871371219,43.7552165488866,1,3162,5000
1,200,55.3979759645794,49,87.4774769406105,44.1149295022803,1,3162,5000
1,200,48.165348935273,44,70.7505005301045,39.7590394295352,1,3162,5000
1,200,59.2461258697027,47,98.2866231018393,44.8010127286578,1,3162,5000
1,200,45.3998734977862,45,56.2303212923431,40.7339582309895,1,3162,5000
1,200,50.9971537001898,42,82.408081657932,39.0208583815247,1,3162,5000
1,200,49.9981024667932,44,75.7115294336014,40.7210170996356,1,3162,5000
1,200,52.4985768500949,48,77.3942930128234,43.6533853594395,1,3162,5000
1,200,46.4995256166983,45,60.9827443074318,40.9884369070522,1,3162,5000
1,200,46.9993674889311,45,61.5583147477046,41.0638492195579,1,3162,5000
1,200,54.9971537001898,46,86.7756948119974,43.6883766589297,1,3162,5000
1,200,48.4992093611638,46,69.1985299745301,40.8062466095712,1,3162,5000
1,200,51.4985768500949,47,76.2314717323085,42.3665523774698,1,3162,5000
1,200,56.663293274299,46,94.6626517024747,42.6778319681294,1,3162,5000
1,200,52.0820419565676,48,76.5826139698039,42.592101635838,1,3162,5000
1,200,59.9968374446553,50,92.0219372872292,46.8679735511971,1,3162,5000
1,200,49.5988614800759,46,72.1676858558477,41.1762247552785,1,3162,5000
1,200,61.4957305502846,48,107.081214726401,45.5997156751679,1,3162,5000
1,200,52.2492884250474,50,72.8319587644654,43.9645093653509,1,3162,5000
1,200,72.4922517394054,48,127.118304803978,52.3903636275075,1,3162,5000
1,200,51.9981024667932,46,77.4463477414711,42.581112131098,1,3162,5000
1,200,66.6613957410921,50,121.485648678566,48.5065215438416,1,3162,5000
1,200,49.165348935273,45,73.697091857675,40.7068957792436,1,3162,5000
0.999,200,65.6613957410921,49,121.259873275717,46.4251393821597,1,3162,5000
1,200,46.2492884250474,44,60.9283945530945,40.1840080888314,1,3162,5000
1,200,50.165348935273,46,72.7694186288856,41.9041830185125,1,3162,5000
1,200,54.8984503478811,50,79.0953243155954,46.2054128671451,1,3162,5000
1,200,50.165348935273,46,70.3384033636349,41.845835368695,1,3162,5000
1,200,59.1217979127135,49,97.2293340402249,45.2445143058796,1,3162,5000
1,200,57.1640839131351,49,88.2102639763012,45.4709376005897,1,3162,5000
1,200,50.8984503478811,46,75.8183982437065,41.5782812291587,1,3162,5000
1,200,59.4957305502846,46,106.028084298038,42.6718619703975,1,3162,5000
1,200,48.4992093611638,46,68.4388261441987,41.071218617317,1,3162,5000
1,200,58.2461258697027,46,97.6490058169741,43.164344210396,1,3162,5000
1,200,49.0826744676365,47,68.1049015682173,41.6123335732774,1,3162,5000
1,200,51.5988614800759,48,74.4051043172018,43.662299130611,1,3162,5000
1,200,47.4995256166983,46,62.8630281753875,41.9686891494546,1,3162,5000
0.9995,200,62.4957305502846,49,108.317295480375,46.750908172764,1,3162,5000
0.9985,200,69.1602888467215,49,131.472906435079,46.5984915078173,1,3162,5000
1,200,65.9943074003795,48,104.399237025554,51.0145437934224,1,3162,5000
1,200,57.2461258697027,45,96.7365862822279,42.001687483999,1,3162,5000
1,200,45.7497628083491,45,60.0460753578582,40.1767284255369,1,3162,5000
1,200,55.1640839131351,47,87.4473657558633,43.0848183175331,1,3162,5000
1,200,51.9981024667932,46,76.6385760231557,42.5484115702778,1,3162,5000
1,200,52.5988614800759,49,73.3581733825892,44.4900914724057,1,3162,5000
1,200,54.1640839131351,46,86.2155580000015,41.977654774195,1,3162,5000
1,200,55.9968374446553,46,83.7804805249654,45.2904425743012,1,3162,5000
1,200,55.9987349778621,52,77.4561584761589,47.063242600131,1,3162,5000
1,200,52.5988614800759,49,73.2411202399435,44.4983150533527,1,3162,5000
1,200,64.9943074003795,47,103.564536244704,49.6630234890641,1,3162,5000
1,200,64.4957305502846,51,103.789012823737,49.8032443227882,1,3162,5000
1,200,46.4992093611638,44,66.4672597107705,39.3748814691513,1,3162,5000
1,200,49.1240117014548,46,69.0755212215935,41.0827950988863,1,3162,5000
1,200,57.663293274299,47,96.7783237036974,43.7928714582831,1,3162,5000
1,200,60.4960468058191,48,107.708515459409,44.2270164081761,1,3162,5000
1,200,49.9981024667932,44,75.7158074129921,40.1258010878814,1,3162,5000
0.9995,200,64.6613957410921,48,117.872756448664,46.0195385486005,1,3162,5000
1,200,55.8984503478811,51,79.836619011022,46.4959011109588,1,3162,5000
1,200,56.663293274299,46,94.8517693475284,42.8669496131831,1,3162,5000
1,200,47.9990512333966,45,68.1812709258255,40.1885448031184,1,3162,5000
1,200,52.9981024667932,47,78.6682019970847,43.1778477908861,1,3162,5000
1,200,46.2492884250474,44,60.8508617519992,40.0231683090306,1,3162,5000
1,200,59.4957305502846,46,100.849748553319,42.3666682244134,1,3162,5000
1,200,65.0961733080329,53,110.292062033156,49.8092979597852,1,3162,5000
1,200,58.663293274299,48,95.812167313553,45.1136040172667,1,3162,5000
1,200,52.5988614800759,49,72.2143329259033,44.8467253990216,1,3162,5000
1,200,51.0820419565676,47,77.6338854879183,41.3931359623016,1,3162,5000
1,200,46.2499209361164,46,61.0276630687893,40.6998114980535,1,3162,5000
1,200,62.9952561669829,48,101.828541459877,48.8440379810661,1,3162,5000
1,200,48.3329116592874,47,66.1313523227526,41.7640610514053,1,3162,5000
1,200,44.5623221062619,44,59.2877930124954,38.292853101047,1,3162,5000
1,200,50.5988614800759,47,74.3771935958853,42.4706207516939,1,3162,5000
1,200,54.9974699557242,47,85.6449913495298,43.2824439111996,1,3162,5000
0.9995,200,67.6613957410921,51,111.822295678209,50.3404803714411,1,3162,5000
1,200,49.8984503478811,45,75.7767016494546,40.6865371965767,1,3162,5000
1,200,56.1217979127135,46,99.7483900208173,41.431607393788,1,3162,5000
0.9885,200,97.9841872232764,48,184.886029869582,62.9214504894431,1,3162,5000
1,200,54.1640839131351,46,85.5357359416799,41.948259660845,1,3162,5000
0.9955,200,80.2404332700822,50,154.219639495952,53.2496837717272,1,3162,5000
1,200,47.9993674889311,46,63.6526241754139,42.0581902728206,1,3162,5000
1,200,52.8984503478811,48,74.9551342079619,43.9636731073926,1,3162,5000
1,200,55.3316466371495,50,79.538778862864,45.2986618483162,1,3162,5000
1,200,54.1230629348514,48,78.5042058911378,44.0135354294047,1,3162,5000
1,200,54.3316466371495,49,80.4580662534866,44.1121052884554,1,3162,5000
1,200,53.1230629348514,47,83.6423035201597,42.0535622171869,1,3162,5000
0.988,200,102.982605945604,48,187.443175612557,65.6464752119665,1,3162,5000
1,200,52.1230629348514,46,80.0992337977082,41.5104924947354,1,3162,5000
0.962,200,113.979127134725,48,216.439429560762,70.9822821856834,1,3162,5000
0.9995,200,62.9949399114484,47,110.092918151045,45.2778749294557,1,3162,5000
1,200,51.2480234029096,45,74.1273652025102,42.2352399653186,1,3162,5000
1,200,56.1640839131351,48,95.6336727686101,43.3153088639085,1,3162,5000
0.994,200,89.4871916508539,49,174.512975551533,61.5471311492563,1,3162,5000
1,200,56.1217979127135,46,101.729696307152,41.2472484893151,1,3162,5000
1,200,58.663293274299,48,91.5307200431337,45.2107748607597,1,3162,5000
1,200,47.1424957079606,46,67.5805974669751,40.2129899400934,1,3162,5000
1,200,63.9949399114484,48,109.956472515449,46.4737084420775,1,3162,5000
0.9995,200,78.9898798228969,47,141.6851949796,54.8777418908379,1,3162,5000
1,200,49.3329116592874,48,63.5831990015703,42.8381800262383,1,3162,5000
1,200,57.0974383301708,49,92.5299088665981,44.6283961109582,1,3162,5000
1,200,50.4985768500949,46,71.5501664541554,42.0579147147499,1,3162,5000
1,200,50.4985768500949,46,76.225863860087,41.3606282497139,1,3162,5000
1,200,47.899715370019,47,61.3417826878218,42.7467162741595,1,3162,5000
1,200,53.9981024667932,48,78.9709954927625,44.9807994143311,1,3162,5000
1,200,57.1217979127135,47,96.0633162624996,42.9788444092422,1,3162,5000
1,200,62.4957305502846,49,101.444996974332,46.5845051969757,1,3162,5000
1,200,48.165348935273,44,69.2741936373026,39.4483977275408,1,3162,5000
0.9415,200,120.977229601518,49,225.49552164835,72.5410624453141,1,3162,5000
1,200,47.5994939911448,46,62.1754426866535,41.4310562223904,1,3162,5000
1,200,58.663293274299,48,97.6851384685012,45.2004768619231,1,3162,5000
0.998,200,68.243595825427,48,127.359401617453,47.9835635402862,1,3162,5000
0.9985,200,69.243595825427,49,123.99814112535,49.5201208849958,1,3162,5000
0.9995,200,78.9898798228969,47,142.366861341996,53.8923199125215,1,3162,5000
1,200,49.4985768500949,45,74.7968904258657,40.0926345299589,1,3162,5000
0.9055,200,135.473276407337,51,264.343554246766,86.0647222838732,1,3162,5000
1,200,62.9949399114484,47,109.42939339142,45.4471037013506,1,3162,5000
1,200,60.1217979127135,50,92.9644006864053,46.616370255595,1,3162,5000
1,200,57.663293274299,47,95.7159778013087,43.856434790556,1,3162,5000
1,200,47.1240117014548,44,67.3076331150606,39.2152548734413,1,3162,5000
1,200,52.3316466371495,47,83.3866444103717,41.3989783762161,1,3162,5000
1,200,59.2461258697027,47,94.0960771634326,46.0100240325028,1,3162,5000
0.999,200,70.243595825427,50,124.335977947688,50.9207541968975,1,3162,5000
1,200,49.4992093611638,47,68.3898447147363,42.2462172637559,1,3162,5000
1,200,52.4985768500949,48,77.2188547886673,43.6288484635566,1,3162,5000
1,200,57.1640839131351,49,86.6530203585911,46.162982407927,1,3162,5000
1,200,46.6658233185747,44,61.414201833435,40.4198944330555,1,3162,5000
1,200,62.9949399114484,47,109.08286253379,46.2678193122007,1,3162,5000
1,200,54.9971537001898,46,86.3239623671886,43.1699986311566,1,3162,5000
1,200,48.6658233185747,46,63.3515405025451,42.3569168466311,1,3162,5000
1,200,53.9971537001898,45,85.0637582186907,42.3244318429791,1,3162,5000
1,200,56.9971537001898,48,85.4944825851443,45.9057412821715,1,3162,5000
1,200,53.3316466371495,48,84.7971961501121,43.0597673076074,1,3162,5000
1,200,49.0826744676365,47,68.2261791137692,41.7339273743637,1,3162,5000
1,200,49.0826744676365,47,67.9855870308249,41.564741273167,1,3162,5000
1,200,47.4992093611638,45,66.4591121989298,40.0918209275825,1,3162,5000
1,200,59.2461258697027,47,101.209772642735,43.8266606882762,1,3162,5000
1,200,49.5988614800759,46,73.9879547834905,41.1227191731173,1,3162,5000
1,200,54.0820419565676,50,77.9311555390896,44.9406432051238,1,3162,5000
0.998,200,78.2404332700822,48,149.198308104079,48.4773245493672,1,3162,5000
1,200,49.1240117014548,46,67.5040100515923,41.6782141418306,1,3162,5000
1,200,59.9968374446553,50,98.5890858189883,46.3546614040611,1,3162,5000
0.9995,200,70.4922517394054,46,118.540563613295,50.0609620952682,1,3162,5000
1,200,52.9981024667932,47,81.3294761958726,42.7407348928998,1,3162,5000
1,200,60.2461258697027,48,98.2270095822347,46.1314301318165,1,3162,5000
1,200,62.4957305502846,49,109.913156259067,46.0981130374775,1,3162,5000
1,200,49.4992093611638,47,68.3436778150821,41.9760702882004,1,3162,5000
1,200,52.9974699557242,45,78.6621943382729,43.3387703450197,1,3162,5000
1,200,43.1246442125237,42,57.5529164967734,37.5586090963939,1,3162,5000
1,200,50.9996837444655,50,67.3462615623115,44.1582037226882,1,3162,5000
1,200,42.9996837444655,42,51.7171271376427,38.9702106291038,1,3162,5000
1,200,60.4957305502846,47,108.098881057768,43.5177298876226,1,3162,5000
1,200,48.9981024667932,43,74.7688471767919,39.4454231835387,1,3162,5000
0.994,200,79.2404332700822,49,158.130238611318,52.1615479092309,1,3162,5000
1,200,61.9949399114484,46,108.561695208101,44.580354284635,1,3162,5000
1,200,62.0801444233607,52,107.468529471738,47.5865244116496,1,3162,5000
1,200,50.9990512333966,48,71.6618028653755,43.1704998925735,1,3162,5000
1,200,60.1217979127135,50,98.3945642084616,46.5343886866399,1,3162,5000
1,200,64.1202166350411,49,119.257647577411,44.8799119670376,1,3162,5000
1,200,49.9990512333966,47,71.0899029130962,41.7642651311017,1,3162,5000
1,200,53.0820419565676,49,83.071588638383,43.0839226042274,1,3162,5000
0.9875,200,98.9841872232764,49,179.465588210445,64.4997438081684,1,3162,5000
1,200,58.9952561669829,44,91.4500296779464,45.0877984951507,1,3162,5000
1,200,61.4957305502846,48,108.489738242918,44.2581601278011,1,3162,5000
1,200,51.5988614800759,48,73.2249798432904,43.3161932103576,1,3162,5000
1,200,57.663293274299,47,97.1417536235417,43.9073292086144,1,3162,5000
1,200,61.4957305502846,48,108.03521840648,44.6783635677703,1,3162,5000
1,200,59.2461258697027,47,99.337170997234,44.8525093906559,1,3162,5000
1,200,49.5620058507274,48,68.3550980174731,42.195757937355,1,3162,5000
1,200,56.1640839131351,48,86.3654923792941,44.0029449409639,1,3162,5000
1,200,58.1405981747538,51,87.4264241876357,46.2229589305651,1,3162,5000
1,200,56.663293274299,46,93.7850432729812,43.3003816664031,1,3162,5000
1,200,57.663293274299,47,97.6137509287496,43.7720594134338,1,3162,5000
1,200,53.1230629348514,47,85.3404920383924,42.2531738853247,1,3162,5000
1,200,52.4985768500949,48,76.3834575046216,43.8934195539574,1,3162,5000
1,200,51.4985768500949,47,74.4220559827287,43.0726162068183,1,3162,5000
1,200,57.663293274299,47,97.5552449001285,43.0708995490849,1,3162,5000
0.9995,200,61.4957305502846,48,110.194863607114,44.3134910580944,1,3162,5000
0.999,200,75.9898798228969,44,133.919281280873,50.6097725311361,1,3162,5000
1,200,59.2461258697027,47,98.224431685998,44.9900072710707,1,3162,5000
0.9995,200,73.4922517394054,49,119.985899470994,54.5044004197602,1,3162,5000
1,200,50.0826744676365,48,68.8988312827864,42.755203831806,1,3162,5000
1,200,46.3329116592874,45,61.6464852499109,39.8187918069423,1,3162,5000
1,200,53.0820419565676,49,77.743553491047,43.653389038169,1,3162,5000
1,200,57.663293274299,47,93.1141729310048,43.8769022162673,1,3162,5000
1,200,56.9974699557242,49,88.8469438583991,45.4843964200689,1,3162,5000
1,200,51.4985768500949,47,76.0555662077824,42.1906468529437,1,3162,5000
1,200,56.3979759645794,50,87.7500684385761,45.1625921577412,1,3162,5000
1,200,52.9981024667932,47,76.9805783743222,43.65652187,1,3162,5000
1,200,47.1424957079606,46,64.5014380907129,40.633039924995,1,3162,5000
1,200,58.1217979127135,48,95.2165481019334,44.2317283675881,1,3162,5000
1,200,46.9993674889311,45,61.7681232523117,41.107043766754,1,3162,5000
0.993,200,79.2404332700822,49,165.275449979481,51.409890207185,1,3162,5000
1,200,54.9974699557242,47,86.0602050965144,43.0725390623588,1,3162,5000
1,200,60.9968374446553,51,100.083526580314,47.2418350649978,1,3162,5000
1,200,52.0826744676365,50,69.3673600462615,44.9997525193798,1,3162,5000
1,200,55.9971537001898,47,83.4495485181483,44.585577929913,1,3162,5000
1,200,49.5988614800759,46,71.4261430124384,41.4346819118691,1,3162,5000
1,200,61.4957305502846,48,106.291677784837,45.2019628666117,1,3162,5000
1,200,55.3979759645794,49,83.495518663874,44.406619233134,1,3162,5000
1,200,61.4957305502846,48,107.790787994902,45.0577867298801,1,3162,5000
1,200,56.663293274299,46,95.6522733398752,42.6674536055299,1,3162,5000
1,200,54.1640839131351,46,90.6934637546372,41.1232813806123,1,3162,5000
1,200,50.9990512333966,48,71.0647654416328,43.3222765105765,1,3162,5000
1,200,47.3329116592874,46,61.6680406464288,40.7980612030386,1,3162,5000
1,200,54.3979759645794,48,86.522769908631,43.1602224703008,1,3162,5000
1,200,56.1640839131351,48,88.2592498437547,43.6717735629198,1,3162,5000
1,200,50.7851495436884,49,68.7326855031036,43.8889631754628,1,3162,5000
1,200,56.9974699557242,49,86.5761303764154,45.6512608318234,1,3162,5000
1,200,54.1640839131351,46,89.6792498974993,41.8181256090743,1,3162,5000
1,200,61.9949399114484,46,107.812864352633,45.6649094717563,1,3162,5000
1,200,51.9974699557242,44,83.5041000696829,40.0162759077601,1,3162,5000
0.9995,200,64.9962049335863,53,109.300137098393,50.066977705604,1,3162,5000
1,200,54.0820419565676,50,76.2393588512417,45.374439496403,1,3162,5000
1,200,48.3329116592874,47,64.0447856605725,41.8011898351455,1,3162,5000
1,200,51.4985768500949,47,77.2671905227503,42.5265991249009,1,3162,5000
0.999,200,69.243595825427,49,123.776031227439,48.9228133273756,1,3162,5000
1,200,46.9987349778621,43,66.7810254341925,39.4137341628452,1,3162,5000
1,200,47.1246442125237,46,62.4024492252681,41.4078255693541,1,3162,5000
0.998,200,71.9920936116382,47,137.328118524291,47.686646881871,1,3162,5000
0.9995,200,68.243595825427,48,123.382279549813,46.4044174372258,1,3162,5000
1,200,53.4988931056293,50,78.3731469144834,44.632555516634,1,3162,5000
0.9925,200,96.9841872232764,47,177.06577099532,62.0999265930431,1,3162,5000
1,200,49.2480234029096,43,74.3169672162548,39.4520478614161,1,3162,5000
1,200,48.9987349778621,45,65.631270848299,41.8045261719338,1,3162,5000
1,200,45.3332279148218,45,59.3356351823928,40.007783611657,1,3162,5000
0.999,200,71.9920936116382,47,134.506486697185,46.6990336084226,1,3162,5000
1,200,54.9974699557242,47,86.3024628490477,42.9152395726403,1,3162,5000
1,200,53.3979759645794,47,82.5693422092497,42.3314389834432,1,3162,5000
1,200,60.4957305502846,47,107.813876325732,43.8325354022657,1,3162,5000
1,200,47.2480234029096,41,73.5822495630779,37.5920534846465,1,3162,5000
0.9995,200,68.9943074003795,51,122.812053266066,49.3340330257115,1,3162,5000
1,200,72.9920936116382,48,134.984926373515,48.1543038019061,1,3162,5000
1,200,50.5706153429114,48,69.2864556700727,42.7938876751328,1,3162,5000
1,200,46.3329116592874,45,64.3764182617492,39.5080200960312,1,3162,5000
1,200,48.0826744676365,46,67.9096388780504,40.5420313511687,1,3162,5000
0.9995,200,66.1202166350411,51,116.853862506725,48.0165985688919,1,3162,5000
1,200,59.663293274299,49,98.9343005899415,45.9494808555961,1,3162,5000
1,200,50.4992093611638,48,68.4240176611146,43.4297102607351,1,3162,5000
1,200,48.0826744676365,46,66.8262115031419,40.7072598902387,1,3162,5000
1,200,50.1240117014548,47,68.8237621577435,42.498124375749,1,3162,5000
1,200,50.7851495436884,49,69.6863475958133,43.4433842814553,1,3162,5000
1,200,57.663293274299,47,95.0388527400713,44.3875771760822,1,3162,5000
1,200,48.9993674889311,47,65.361223890376,42.8664421066948,1,3162,5000
1,200,52.9981024667932,47,77.823125621935,43.7329611690571,1,3162,5000
1,200,62.4957305502846,49,108.440259348708,46.292304467831,1,3162,5000
0.996,200,79.2404332700822,49,151.201742119307,50.7313120117805,1,3162,5000
0.9995,200,64.6613957410921,48,118.017260919116,46.1227057852344,1,3162,5000
0.8895,200,139.971220746363,49,252.118909246521,82.2947868556294,1,3162,5000
0.9965,200,74.9924098671727,51,148.526254595734,50.5528200606293,1,3162,5000
1,200,49.3329116592874,48,66.6178460351659,42.4992106777971,1,3162,5000
1,200,51.0826744676365,49,71.6733561496328,43.3060648782855,1,3162,5000
1,200,46.7497628083491,46,61.9914151225992,41.1220681902779,1,3162,5000
0.9955,200,74.9920936116382,50,138.754105778865,52.0277458800672,1,3162,5000
1,200,46.4985768500949,42,61.9424554309358,39.9475155194874,1,3162,5000
1,200,58.2461258697027,46,101.423088053918,43.1902449166629,1,3162,5000
1,200,51.165348935273,47,76.3035594594917,42.3133633810603,1,3162,5000
1,200,66.9933586337761,46,113.334278263456,48.4529057144363,1,3162,5000
1,200,61.0801444233607,51,98.6299628067348,46.6451430723894,1,3162,5000
0.9845,200,98.9841872232764,49,180.762180371732,65.5457825222697,1,3162,5000
1,200,56.663293274299,46,91.8287838421659,42.3428572134499,1,3162,5000
1,200,51.4985768500949,47,75.2892641360263,42.7989099298277,1,3162,5000
1,200,58.1405981747538,51,91.4088045089602,46.1715337942227,1,3162,5000
1,200,48.7851495436884,47,68.7767116153316,41.7843017481589,1,3162,5000
1,200,64.6613957410921,48,121.412295220431,45.5590773203681,1,3162,5000
1,200,55.9974699557242,48,87.3053648988045,43.8175407368817,1,3162,5000
1,200,48.165348935273,44,68.2982192053389,39.805651210399,1,3162,5000
1,200,77.9898798228969,46,135.358621867188,52.9827837900214,1,3162,5000
1,200,53.9971537001898,45,85.3310528299537,41.8435449235653,1,3162,5000
1,200,52.5988614800759,49,75.1973727660888,44.3321371557156,1,3162,5000
0.999,200,70.9920936116382,46,140.037907901996,46.2320360909059,1,3162,5000
1,200,57.663293274299,47,97.0397994993248,43.1802564885721,1,3162,5000
1,200,53.1230629348514,47,78.1275202259847,42.2203148707243,1,3162,5000
1,200,52.5988614800759,49,70.9923256307598,44.6240855928091,1,3162,5000
1,200,49.9990512333966,47,69.3575722235713,42.1985483989877,1,3162,5000
1,200,54.7478652751423,48,85.0721327640078,43.0847829853866,1,3162,5000
1,200,56.3306978705461,48,97.1721838336035,42.8538199289018,1,3162,5000
1,200,53.1230629348514,47,84.4534777598002,42.3661596067325,1,3162,5000
1,200,44.4995256166983,43,57.9605101942838,38.9655702828354,1,3162,5000
1,200,54.9974699557242,47,86.3298952164154,43.7424189355805,1,3162,5000
1,200,54.9971537001898,46,81.6857439733213,44.2966231637071,1,3162,5000
1,200,58.663293274299,48,95.7795561843216,44.7947364499763,1,3162,5000
1,200,64.9943074003795,47,104.253628922196,49.6026696137416,1,3162,5000
0.9995,200,69.4922517394054,45,123.521384119266,47.7934429427954,1,3162,5000
1,200,58.0974383301708,50,92.1411107260768,44.9038400113393,1,3162,5000
1,200,50.2480234029096,44,75.2634459902689,40.3982103798957,1,3162,5000
1,200,56.663293274299,46,97.0410452235375,42.0562254891921,1,3162,5000
1,200,54.1230629348514,48,78.5850383008042,43.9440990218668,1,3162,5000
1,200,50.1230629348514,44,82.2560694047243,39.4347010724451,1,3162,5000
0.9995,200,64.9949399114485,49,111.369080945347,48.886949383045,1,3162,5000
1,200,44.4995256166983,43,58.0668083749046,39.1974614425833,1,3162,5000
1,200,43.2492884250474,41,58.5350672892006,36.7906808249375,1,3162,5000
1,200,62.9949399114484,47,108.47683477832,45.7457310465046,1,3162,5000
1,200,54.1230629348514,48,82.0329029466014,43.5438137625407,1,3162,5000
1,200,65.243595825427,45,119.569107052875,44.1913714425017,1,3162,5000
1,200,52.1230629348514,46,80.0146377352835,41.5258648067573,1,3162,5000
1,200,54.9971537001898,46,87.5866179562551,43.2240705179249,1,3162,5000
1,200,44.2492884250474,42,57.0840724622376,38.2554302526656,1,3162,5000
1,200,47.5994939911448,46,62.0074204612625,41.2624014859304,1,3162,5000
0.9935,200,81.2404332700822,51,154.106880030947,53.1347105179808,1,3162,5000
0.994,200,77.2404332700822,47,161.93204130269,48.0664815303944,1,3162,5000
0.999,200,67.1602888467215,47,130.749953792431,44.4006890865486,1,3162,5000
1,200,61.2461258697027,49,99.0888427490889,47.2468349782386,1,3162,5000
1,200,52.0820419565676,48,76.9432921018489,42.3693146614103,1,3162,5000
0.9975,200,74.9920936116382,50,136.175225102344,51.3014426861515,1,3162,5000
1,200,57.9974699557242,50,88.3846753048979,46.0224441221023,1,3162,5000
1,200,47.6426538357278,47,61.8034134955147,41.9090744695817,1,3162,5000
1,200,53.3316466371495,48,77.436342181275,42.8463358561643,1,3162,5000
1,200,51.4985768500949,47,71.4710897291309,42.8788696152789,1,3162,5000
1,200,55.0974383301708,47,90.7911207370876,42.0552731722552,1,3162,5000
1,200,55.9974699557242,48,84.8180596888026,44.8294448880436,1,3162,5000
1,200,57.663293274299,47,93.8607957424099,44.0175229494217,1,3162,5000
1,200,50.2480234029096,44,76.1813478860765,40.441388999296,1,3162,5000
1,200,57.2461258697027,45,97.0607969603388,41.9763251070814,1,3162,5000
0.9955,200,88.4871916508539,48,160.708986358876,59.7380818680474,1,3162,5000
1,200,52.3316466371495,47,81.8918715923152,41.5459106272841,1,3162,5000
0.9995,200,70.1602888467215,50,134.152445593158,47.7618436534576,1,3162,5000
1,200,59.663293274299,49,98.6492961466397,45.6644764122943,1,3162,5000
1,200,54.3316466371495,49,84.7678373949951,43.9471015737849,1,3162,5000
1,200,48.165348935273,44,69.4739757706219,39.4815659034492,1,3162,5000
1,200,55.9974699557242,48,86.7545797301765,44.7669136960209,1,3162,5000
1,200,61.4960468058191,49,107.102607981844,45.2212354328246,1,3162,5000
1,200,49.5994939911448,48,64.0116068407202,43.1839133977516,1,3162,5000
1,200,54.1640839131351,46,88.7416712709827,42.1557762678202,1,3162,5000
1,200,44.4995256166983,43,56.5898423223322,39.0937955165131,1,3162,5000
1,200,44.5994939911448,43,59.1573929723816,38.2880460400603,1,3162,5000
0.9995,200,63.9949399114484,48,111.349802005932,46.6161682298412,1,3162,5000
1,200,56.0974383301708,48,91.4064904997756,43.5027639553944,1,3162,5000
1,200,48.165348935273,44,69.3668145952157,39.999207068334,1,3162,5000
1,200,62.4960468058191,50,106.49277768693,47.0945856144023,1,3162,5000
1,200,49.0826744676365,47,70.2693275432387,41.276917676066,1,3162,5000
1,200,50.8984503478811,46,75.7477084577021,41.5066426765509,1,3162,5000
1,200,46.7497628083491,46,60.0704545131359,41.2004750697456,1,3162,5000
1,200,64.9949399114485,49,111.509818157395,49.0261053174198,1,3162,5000
1,200,47.5994939911448,46,63.1834159561271,41.3140690238058,1,3162,5000
1,200,57.0974383301708,49,93.9851566139449,44.000653135134,1,3162,5000
0.9935,200,84.988614800759,49,172.75094112555,50.5740413333747,1,3162,5000
1,200,55.9974699557242,48,87.8406063896168,44.6027031638103,1,3162,5000
1,200,46.9993674889311,45,61.5477196359234,40.6783727036021,1,3162,5000
1,200,52.9981024667932,47,78.5298702433662,43.039832292702,1,3162,5000
1,200,53.9974699557242,46,85.4483318112908,42.4606657771352,1,3162,5000
1,200,51.4992093611638,49,70.6826893009309,44.273744540231,1,3162,5000
0.999,200,64.1202166350411,49,129.871792700835,44.5638652287707,1,3162,5000
1,200,52.2480234029096,46,76.6266018201607,42.5286642580391,1,3162,5000
1,200,43.3332279148218,43,56.3298702199921,38.0020186492563,1,3162,5000
1,200,55.9974699557242,48,87.4623332730942,44.4746672389386,1,3162,5000
0.9255,200,125.975332068311,48,240.036323036894,77.0847101336682,1,3162,5000
1,200,48.9990512333966,46,68.6713519000432,41.0124862032268,1,3162,5000
1,200,49.2480234029096,43,74.9907087521837,39.0005126737523,1,3162,5000
1,200,62.4957305502846,49,108.84040701281,45.6088288976926,1,3162,5000
1,200,59.663293274299,49,99.3342604795327,45.47471746878,1,3162,5000
1,200,49.7851495436884,48,67.6782002541339,42.8344779264932,1,3162,5000
1,200,50.9981024667932,45,82.7714823768172,41.3675977046688,1,3162,5000
1,200,46.5994939911448,45,61.0601878679608,40.3151688926287,1,3162,5000
0.9995,200,67.243595825427,47,126.376441650164,46.0006035729973,1,3162,5000
1,200,47.7851495436884,46,66.7060875935589,40.3138042286,1,3162,5000
1,200,59.9968374446553,50,95.6502000222816,46.790657011529,1,3162,5000
1,200,53.9971537001898,45,84.1844526089513,42.1955215526578,1,3162,5000
1,200,51.8984503478811,47,77.0608022696041,42.3202108717546,1,3162,5000
1,200,45.2492884250474,43,59.7981905668943,39.0538041026312,1,3162,5000
1,200,49.7851495436884,48,69.6459554078755,42.4869315832919,1,3162,5000
1,200,51.9990512333966,49,71.6841235872351,44.0919034733831,1,3162,5000
0.9965,200,74.9924098671727,51,149.876664067128,50.9051270652302,1,3162,5000
1,200,48.9987349778621,45,66.7898866695155,41.9214885037976,1,3162,5000
1,200,53.9974699557242,46,86.550840264224,42.3492725403602,1,3162,5000
1,200,46.1246442125237,45,57.5878248702035,40.6925370776671,1,3162,5000
0.9995,200,70.4922517394054,46,120.769874141404,51.7894819845411,1,3162,5000
1,200,52.4988931056293,49,77.0019672418536,43.2613758440041,1,3162,5000
1,200,53.0820419565676,49,73.1261365599026,44.13372669273,1,3162,5000
1,200,53.2480234029096,47,78.1559783244481,43.6656241182495,1,3162,5000
1,200,49.1240117014548,46,68.2979407984386,41.3055309312659,1,3162,5000
1,200,46.9996837444655,46,64.3091000839269,40.1904647265582,1,3162,5000
1,200,49.5988614800759,46,70.3395519590901,41.3471420919174,1,3162,5000
1,200,54.8984503478811,50,79.2828264125501,45.6850469781958,1,3162,5000
1,200,53.0820419565676,49,76.866039212302,43.8755268783361,1,3162,5000
0.9995,200,65.9949399114485,50,107.326165924105,50.8427693396648,1,3162,5000
1,200,45.6664558296437,45,55.5616888231278,41.2322559747196,1,3162,5000
1,200,48.5988614800759,45,72.989392445483,40.0619928566152,1,3162,5000
1,200,57.0974383301708,49,93.0024777436023,44.017025498188,1,3162,5000
1,200,57.2461258697027,45,96.9044369796843,42.4197753731062,1,3162,5000
1,200,52.9981024667932,47,77.8885782681935,44.0233426578203,1,3162,5000
1,200,47.1246442125237,46,61.5613039611633,41.5669965607838,1,3162,5000
0.9965,200,76.9920936116382,52,146.123634933279,53.4004375898254,1,3162,5000
1,200,56.0974383301708,48,94.211262235561,43.1267903823035,1,3162,5000
1,200,50.7851495436884,49,70.7599239040097,43.5175931007207,1,3162,5000
1,200,62.9949399114484,47,105.080446690957,47.2218524468076,1,3162,5000
1,200,52.0820419565676,48,76.8506054016633,42.6095396205122,1,3162,5000
0.9995,200,63.4957305502846,50,108.438898403982,48.2047902445892,1,3162,5000
1,200,49.9990512333966,47,70.1950045291968,42.2022784064897,1,3162,5000
1,200,54.1230629348514,48,83.9772992464773,43.4882100624165,1,3162,5000
1,200,48.3329116592874,47,62.9429693798129,42.0733061919571,1,3162,5000
1,200,59.2461258697027,47,101.835307254707,44.3522269258017,1,3162,5000
0.998,200,87.4871916508539,47,157.944964193473,57.0999689373061,1,3162,5000
1,200,54.3316466371495,49,83.1227387282667,44.0338392975267,1,3162,5000
0.9975,200,75.9924098671727,52,140.133782295303,52.7300143365068,1,3162,5000
1,200,52.0820419565676,48,76.829154309013,42.3391163583489,1,3162,5000
0.9995,200,65.0961733080329,53,102.372273751273,49.9872642636066,1,3162,5000
1,200,60.9949399114484,45,107.268750235592,43.9118953968819,1,3162,5000
1,200,55.8984503478811,51,80.9937250018739,46.7536079873262,1,3162,5000
1,200,52.9981024667932,47,78.1031951355632,43.77977114231,1,3162,5000
1,200,47.0826744676365,45,68.7061879083456,39.2136199134057,1,3162,5000
1,200,62.9949399114484,47,108.183817677555,45.3687744559652,1,3162,5000
1,200,54.9974699557242,47,86.0566428734263,42.9023628818597,1,3162,5000
1,200,61.9949399114484,46,107.832559747573,44.0175165259831,1,3162,5000
1,200,43.1246442125237,42,58.2757182883234,36.9478667175876,1,3162,5000
1,200,59.2461258697027,47,98.1490989962965,44.4142001980676,1,3162,5000
1,200,47.165348935273,43,72.2043288797777,37.8809048865245,1,3162,5000
1,200,59.1217979127135,49,99.9712774083595,45.2697014016127,1,3162,5000
1,200,62.9962049335863,51,108.780919149221,48.0479178841991,1,3162,5000
1,200,49.8984503478811,45,75.5448831784058,40.0548452277416,1,3162,5000
0.9985,200,64.6613957410921,48,115.390157927886,46.0762216006666,1,3162,5000
1,200,51.9981024667932,46,77.6325251107208,42.642012776755,1,3162,5000
1,200,63.6613957410921,47,119.149049830412,43.5047318881813,1,3162,5000
1,200,48.1240117014548,45,68.1045493537783,40.1121394866056,1,3162,5000
1,200,54.1640839131351,46,86.0152805277891,41.4278042469542,1,3162,5000
1,200,51.4992093611638,49,68.363238894408,44.3689314940285,1,3162,5000
1,200,51.5988614800759,48,71.3921692334705,43.3994431107634,1,3162,5000
1,200,56.663293274299,46,97.2304009149134,41.7460555638698,1,3162,5000
1,200,53.8984503478811,49,78.048575839643,44.9584113867651,1,3162,5000
1,200,60.9949399114484,45,106.483067686591,43.0015686353574,1,3162,5000
0.9985,200,78.9898798228969,47,143.044890928266,55.2374378395041,1,3162,5000
1,200,56.7478652751423,50,87.0850919925204,45.7623005103361,1,3162,5000
1,200,45.9993674889311,44,60.6623031846744,40.1678376565277,1,3162,5000
1,200,52.554431091433,49,76.4904374618856,42.6498776895896,1,3162,5000
1,200,55.9974699557242,48,87.1799113759751,44.2922137162661,1,3162,5000
0.9945,200,87.4871916508539,47,172.900834877275,58.2215631685918,1,3162,5000
0.9925,200,80.2404332700822,50,165.09660102507,51.6302822394908,1,3162,5000
1,200,51.5988614800759,48,72.267802969656,43.4003535705415,1,3162,5000
0.9985,200,75.9898798228969,44,138.145822258836,49.6719133404303,1,3162,5000
1,200,56.1640839131351,48,85.9220899060452,44.9972203614532,1,3162,5000
1,200,51.0615314674257,48,75.3605095634556,41.620550676675,1,3162,5000
1,200,48.9990512333966,46,69.272660686833,40.9470229048385,1,3162,5000
1,200,58.663293274299,48,97.0572157595626,45.3586524632764,1,3162,5000
1,200,49.4992093611638,47,68.6271654017073,42.1349136623018,1,3162,5000
0.9985,200,72.9920936116382,48,135.11340191777,51.1387023605275,1,3162,5000
1,200,44.899715370019,44,56.8371648116146,39.5077319632064,1,3162,5000
1,200,49.7851495436884,48,66.6706590328804,42.7602911222753,1,3162,5000
1,200,50.8984503478811,46,75.9100776383977,41.8199131855198,1,3162,5000
1,200,57.663293274299,47,96.0295323245472,43.9450604712898,1,3162,5000
1,200,56.4960468058191,44,88.1827792948004,43.6946388773431,1,3162,5000
1,200,50.9981024667932,45,76.8429451264332,41.8527490480018,1,3162,5000
1,200,63.4957305502846,50,100.348920045142,48.1495661100193,1,3162,5000
0.999,200,61.4957305502846,48,106.342736180246,45.3610790012457,1,3162,5000
1,200,52.9971537001898,44,81.0466911495512,41.0577600932577,1,3162,5000
1,200,50.9990512333966,48,71.1198442790036,43.2940483692418,1,3162,5000
1,200,46.6426538357278,46,59.9664035348772,41.0720645089443,1,3162,5000
1,200,58.2461258697027,46,95.8753656205762,43.2244063121216,1,3162,5000
1,200,53.0615314674257,50,72.6932381749707,44.0343724781544,1,3162,5000
1,200,61.9949399114484,46,108.670281952759,44.855238731169,1,3162,5000
1,200,48.4992093611638,46,67.4104405903311,41.1674772759731,1,3162,5000
1,200,48.1240117014548,45,70.5951890351884,40.1038860623864,1,3162,5000
1,200,49.9981024667932,44,76.1137364282451,41.1238566053482,1,3162,5000
1,200,54.9974699557242,47,85.5846747755151,43.3467715497086,1,3162,5000
1,200,70.4922517394054,46,125.040647747432,49.729241464489,1,3162,5000
1,200,61.1217979127135,51,99.4588015634227,47.5986260416011,1,3162,5000
1,200,44.9993674889311,43,59.5445861012595,38.7168926582909,1,3162,5000
0.9995,200,63.4960468058191,51,105.395426067491,48.4935970563164,1,3162,5000
1,200,61.1217979127135,51,98.3461536893969,47.0277897846952,1,3162,5000
1,200,63.4960468058191,51,101.92692533535,47.608245175114,1,3162,5000
1,200,46.4998418722328,46,57.8521455364673,41.8568893694843,1,3162,5000
1,200,59.1217979127135,49,98.6007591757402,45.6159394413948,1,3162,5000
1,200,51.8984503478811,47,78.3964844828885,42.3063200300106,1,3162,5000
1,200,59.1217979127135,49,101.669729001032,44.6864905443588,1,3162,5000
1,200,61.9949399114484,46,109.127567552527,44.3125243309376,1,3162,5000
1,200,53.4985768500949,49,78.4417956967913,44.8517893716806,1,3162,5000
1,200,50.9981024667932,45,76.7366317413569,41.4132077481037,1,3162,5000
1,200,51.8984503478811,47,75.9806570849796,43.0621832438303,1,3162,5000
0.9675,200,110.480866540164,50,206.608512512613,70.6496257320939,1,3162,5000
1,200,49.6658233185747,47,64.4291507991413,43.4345271432274,1,3162,5000
1,200,62.9949399114484,47,109.702106962579,45.6211139202007,1,3162,5000
1,200,70.9920936116382,46,133.10586686875,46.6313254392752,1,3162,5000
1,200,53.1230629348514,47,82.9434238388276,42.4543346547669,1,3162,5000
0.999,200,63.0961733080329,51,108.726198871831,46.6593371809179,1,3162,5000
1,200,60.663293274299,50,90.0543175143673,48.2081984215689,1,3162,5000
1,200,52.1230629348514,46,81.7685055506611,41.1797642476883,1,3162,5000
0.9995,200,62.4957305502846,49,109.400791656738,46.5857484351483,1,3162,5000
1,200,54.9974699557242,47,89.7642189828477,42.7768692042266,1,3162,5000
1,200,60.2461258697027,48,97.9013462575173,46.5598128699688,1,3162,5000
1,200,56.3979759645794,50,83.6753640174105,45.786717591098,1,3162,5000
1,200,50.4992093611638,48,69.5876241365323,43.1786793758323,1,3162,5000
1,200,44.899715370019,44,59.2516231003333,39.5072366360702,1,3162,5000
1,200,53.3979759645794,47,83.9734538663523,42.4856297044294,1,3162,5000
1,200,55.7478652751423,49,86.5341944090397,44.5462121193496,1,3162,5000
0.999,200,72.9920936116382,48,136.527198431144,49.0529732572033,1,3162,5000
0.997,200,78.2404332700822,48,155.37591427078,47.9083304630634,1,3162,5000
1,200,51.8984503478811,47,76.8174736106091,42.6770087149734,1,3162,5000
1,200,54.1640839131351,46,86.5771725173998,42.0893483554769,1,3162,5000
1,200,54.9974699557242,47,85.7128727027863,43.4749694769799,1,3162,5000
1,200,49.9990512333966,47,69.4119803082927,42.4192541855855,1,3162,5000
1,200,52.4988931056293,49,76.5484347331063,43.6831991227332,1,3162,5000
1,200,55.9971537001898,47,87.0375651798863,44.6750177415561,1,3162,5000
1,200,54.1230629348514,48,84.0598486379991,43.5707594539384,1,3162,5000
1,200,47.7497628083491,47,62.2182655013529,42.3905720583843,1,3162,5000
1,200,60.1217979127135,50,97.4091460929207,46.4243263585754,1,3162,5000
1,200,61.4957305502846,48,107.008567882488,44.7757247452329,1,3162,5000
0.993,200,86.988614800759,51,170.27024972286,56.7042788183692,1,3162,5000
1,200,45.3998734977862,45,56.2337968951425,40.7377500893234,1,3162,5000
1,200,60.4957305502846,47,105.689790687373,43.2082916361392,1,3162,5000
1,200,51.4985768500949,47,76.056211897985,42.4662055728743,1,3162,5000
1,200,52.3316466371495,47,83.4698289397858,41.6490931185756,1,3162,5000
1,200,50.4985768500949,46,76.0916386196952,41.5016322945845,1,3162,5000
1,200,53.1640839131351,45,84.9502814214933,40.5463967493449,1,3162,5000
1,200,59.9968374446553,50,98.9539595994593,46.3023677799358,1,3162,5000
1,200,58.2461258697027,46,96.2936023901765,43.5587035919475,1,3162,5000
0.9995,200,76.9898798228969,45,140.997895220776,52.5233537913015,1,3162,5000
1,200,52.9971537001898,44,82.3162473481597,41.4522767599244,1,3162,5000
1,200,48.4985768500949,44,70.1389381633836,39.3144072757598,1,3162,5000
1,200,46.4992093611638,44,64.6245115702778,39.256904043396,1,3162,5000
1,200,55.1640839131351,47,87.4280058863689,42.6905770438641,1,3162,5000
1,200,53.9981024667932,48,75.2588430380628,45.1686785851849,1,3162,5000
1,200,50.1240117014548,47,68.3457720428339,42.5199761330722,1,3162,5000
0.9995,200,72.9920936116382,48,141.224956711645,47.4190849005552,1,3162,5000
0.9995,200,62.4957305502846,49,107.475111324746,46.8423946897051,1,3162,5000
1,200,56.3979759645794,50,86.8198257350317,45.2323494541968,1,3162,5000
1,200,45.5994939911448,44,60.9583833732418,39.1306899302732,1,3162,5000
1,200,53.9971537001898,45,85.6537728776367,42.2912254393066,1,3162,5000
1,200,61.9949399114484,46,108.778907855279,44.9638646336895,1,3162,5000
1,200,58.2461258697027,46,96.579960216497,43.5945079710827,1,3162,5000
1,200,63.0961733080329,51,101.331188794077,47.7786165823964,1,3162,5000
1,200,56.9971537001898,48,86.8024945496006,45.8151447709794,1,3162,5000
1,200,51.9981024667932,46,77.7673608201748,42.6771963672969,1,3162,5000
1,200,49.1240117014548,46,69.0376943700554,41.4451580006689,1,3162,5000
1,200,51.4985768500949,47,76.0859449165146,42.2207093061414,1,3162,5000
1,200,50.9990512333966,48,70.5811846531355,43.2555468711409,1,3162,5000
1,200,55.0974383301708,47,94.2938759766586,42.3090562423132,1,3162,5000
1,200,58.9974699557242,51,88.1197901893814,48.1318078996913,1,3162,5000
1,200,57.9974699557242,50,83.7852160053252,47.1442767263879,1,3162,5000
0.9985,200,70.1602888467215,50,126.519600540646,48.5404734059215,1,3162,5000
1,200,50.4985768500949,46,73.4487807676789,41.9574777948769,1,3162,5000
1,200,56.3306978705461,48,92.5115285256902,43.1931646209885,1,3162,5000
1,200,51.2480234029096,45,77.1974181787634,41.2062733337287,1,3162,5000
1,200,54.3316466371495,49,84.7233240192313,43.3342032096172,1,3162,5000
1,200,58.2461258697027,46,99.3381854001323,42.7862456995209,1,3162,5000
1,200,54.4988931056293,51,77.2798679133237,45.8894820815717,1,3162,5000
0.9925,200,93.9857685009488,49,177.006074213314,62.0402298110373,1,3162,5000
1,200,56.9974699557242,49,86.8190011730804,45.6650374370484,1,3162,5000
1,200,58.2461258697027,46,97.4088267010971,42.9244813500535,1,3162,5000
1,200,63.4957305502846,50,109.740624267279,46.5090461521616,1,3162,5000
1,200,54.5988614800759,51,75.7033997159833,46.8538018123057,1,3162,5000
1,200,49.4985768500949,45,74.1425109866482,40.6524730359841,1,3162,5000
1,200,57.1640839131351,49,87.2596220739461,45.8970746356159,1,3162,5000
1,200,50.2480234029096,44,76.0048303858506,40.0146343074192,1,3162,5000
0.9995,200,57.7838845215506,52,85.0014823956819,47.3445142320723,1,3162,5000
1,200,61.1217979127135,51,97.4647700729339,48.1445086350254,1,3162,5000
1,200,55.9968374446553,46,81.9842687032205,44.6608447099673,1,3162,5000
0.993,200,88.4871916508539,48,166.056181146401,58.2133996789755,1,3162,5000
1,200,46.9990512333966,44,66.0685707076782,39.0761608405056,1,3162,5000
1,200,57.9974699557242,50,85.5720886859673,46.7507203536881,1,3162,5000
1,200,52.9981024667932,47,78.8591344355729,43.7689699826949,1,3162,5000
1,200,59.9968374446553,50,97.4717233660045,46.1533594613028,1,3162,5000
1,200,46.4998418722328,46,57.0860505194372,41.7149641816763,1,3162,5000
1,200,50.5988614800759,47,69.804203387374,42.4365958604923,1,3162,5000
1,200,51.9971537001898,43,83.2518142316873,39.7639900697645,1,3162,5000
1,200,50.1240117014548,47,70.0020688851302,42.1762729753685,1,3162,5000
1,200,49.9990512333966,47,69.2958476573246,42.3034377901519,1,3162,5000
1,200,53.9981024667932,48,78.7765294963505,44.2864915456864,1,3162,5000
1,200,47.9993674889311,46,62.7534946191066,42.0084756437745,1,3162,5000
1,200,59.1217979127135,49,96.9430238248631,44.7085994099359,1,3162,5000
1,200,61.4957305502846,48,107.26504764261,45.3836750935903,1,3162,5000
1,200,62.9943074003795,45,101.787904921227,47.0530061229982,1,3162,5000
1,200,50.4992093611638,48,68.4774891519788,43.2345258376208,1,3162,5000
1,200,52.165348935273,48,78.6998094436161,43.3763854503629,1,3162,5000
1,200,46.6658233185747,44,62.2645439456204,40.2708690563098,1,3162,5000
1,200,44.9993674889311,43,59.7298201816524,38.8604732493311,1,3162,5000
1,200,58.2461258697027,46,96.8199702010733,43.2356564755831,1,3162,5000
1,200,56.3979759645794,50,82.36558985909,46.0248719590268,1,3162,5000
1,200,57.1230629348514,51,85.0955069899889,46.7495460249577,1,3162,5000
1,200,48.4992093611638,46,65.7615947388947,41.2693429994892,1,3162,5000
1,200,48.9996837444655,48,65.3204055913539,42.3260981909744,1,3162,5000
1,200,48.0826744676365,46,67.6431801487531,40.3175423667585,1,3162,5000
1,200,52.2480234029096,46,76.4751927494711,42.4846804155052,1,3162,5000
1,200,51.5988614800759,48,72.3084584004435,43.3996717675108,1,3162,5000
1,200,54.1640839131351,46,86.7156953820959,42.4777921562894,1,3162,5000
1,200,51.5988614800759,48,71.2440574506473,44.0010941362893,1,3162,5000
1,200,46.3329116592874,45,63.8060924532011,39.9376942874832,1,3162,5000
1,200,53.9981024667932,48,78.0755164397345,44.959727382176,1,3162,5000
1,200,46.5994939911448,45,61.1264865042343,40.2987930612657,1,3162,5000
1,200,54.8984503478811,50,79.0057705181845,45.7650209925678,1,3162,5000
1,200,48.5623221062619,48,63.5080306776653,42.4134386473048,1,3162,5000
1,200,47.4992093611638,45,66.4996084178878,40.0906636571878,1,3162,5000
1,200,55.1640839131351,47,87.2097677168986,42.8472202785684,1,3162,5000
1,200,56.2461258697027,44,94.4141029098247,41.554559899072,1,3162,5000
1,200,45.6658233185747,43,64.2363845623061,38.9924724813447,1,3162,5000
1,200,56.4960468058191,44,84.8340813083567,44.8448339965287,1,3162,5000
1,200,58.1217979127135,48,96.3516746425354,44.1172502276082,1,3162,5000
1,200,49.5988614800759,46,70.4161724900354,41.548723090921,1,3162,5000
1,200,45.5623221062619,45,59.537516227015,39.6425446900131,1,3162,5000
1,200,46.6426538357278,46,60.7694882228698,40.8578552901268,1,3162,5000
1,200,60.663293274299,50,93.7595843704336,47.3960881655,1,3162,5000
1,200,52.8984503478811,48,78.6332183855531,43.3097943922999,1,3162,5000
1,200,50.9981024667932,45,72.8873086381999,41.7958791631841,1,3162,5000
1,200,46.1246442125237,45,60.2210983665464,40.226158455098,1,3162,5000
1,200,46.3329116592874,45,60.7133127594048,39.9689262951417,1,3162,5000
1,200,55.1640839131351,47,89.8147672192354,43.3285243349849,1,3162,5000
1,200,46.6658233185747,44,63.1663094624723,40.1716858065583,1,3162,5000
1,200,60.4957305502846,47,106.258285275952,44.6255686409107,1,3162,5000
1,200,48.3329116592874,47,65.3598801445089,41.4498284894383,1,3162,5000
0.984,200,86.988614800759,51,182.722674937054,54.8246871128922,1,3162,5000
1,200,52.9971537001898,44,84.6717565596669,41.5177928236348,1,3162,5000
1,200,62.9949399114484,47,108.703441439923,46.1222902697773,1,3162,5000
1,200,55.1640839131351,47,86.751792954404,43.1643166735691,1,3162,5000
1,200,60.9952561669829,46,94.907887596665,46.6718819040654,1,3162,5000
1,200,53.8984503478811,49,78.2736438750447,45.10461658671,1,3162,5000
1,200,51.2492884250474,49,71.6294869220322,43.1369189270923,1,3162,5000
1,200,63.9949399114484,48,110.785658794357,47.3041597431234,1,3162,5000
1,200,53.1640839131351,45,89.3084005090836,40.3226320081348,1,3162,5000
1,200,60.2461258697027,48,101.920316039136,45.6016358788995,1,3162,5000
0.9985,200,77.9898798228969,46,135.413565277495,52.3379485792032,1,3162,5000
1,200,47.1240117014548,44,66.1228116120373,39.2970157022755,1,3162,5000
1,200,54.3979759645794,48,86.0648553966491,42.9105754050826,1,3162,5000
1,200,57.0974383301708,49,91.2130747423807,44.1763732876052,1,3162,5000
1,200,47.3329116592874,46,66.7459190875275,40.420281305533,1,3162,5000
0.999,200,69.9943074003795,52,133.548348421934,49.2404209498698,1,3162,5000
1,200,60.4957305502846,47,107.061013798499,44.1796412494792,1,3162,5000
1,200,68.4922517394054,44,112.896234566102,48.4144192593346,1,3162,5000
1,200,55.9974699557242,48,88.3239358626303,44.0020931470495,1,3162,5000
1,200,49.8984503478811,45,75.6610004929884,40.1709625423243,1,3162,5000
1,200,45.899715370019,45,59.2338792472052,40.4061858042366,1,3162,5000
1,200,50.9981024667932,45,76.6354831920851,41.7702475817119,1,3162,5000
1,200,60.1217979127135,50,93.2558759668811,47.1019122308491,1,3162,5000
0.999,200,65.1202166350411,50,108.544792589492,47.2292749846008,1,3162,5000
1,200,52.9971537001898,44,84.8725170371374,40.5099695988073,1,3162,5000
1,200,49.1240117014548,46,69.0229889593562,41.0305790921835,1,3162,5000
1,200,59.1405981747538,52,95.3754912615755,46.7383470490518,1,3162,5000
1,200,46.165348935273,42,66.1825576232016,37.3567617134399,1,3162,5000
1,200,63.4960468058191,51,108.895787087915,47.0144145388956,1,3162,5000
1,200,52.0820419565676,48,76.8150163639336,42.8238715188988,1,3162,5000
1,200,51.0826744676365,49,70.1742358179786,43.4317468869223,1,3162,5000
1,200,68.4922517394054,44,112.669585979432,47.4380078643151,1,3162,5000
1,200,52.2480234029096,46,77.4404146407402,42.5998548684442,1,3162,5000
1,200,52.2480234029096,46,76.4286845780875,42.5634489677143,1,3162,5000
0.9995,200,63.9949399114484,48,111.506290919701,47.0247918684678,1,3162,5000
1,200,51.0826744676365,49,68.9416615787746,43.6715617825837,1,3162,5000
1,200,51.4985768500949,47,72.3423099793681,42.5995047927773,1,3162,5000
1,200,58.0974383301708,50,90.7138356811456,45.5122679572819,1,3162,5000
1,200,49.0826744676365,47,66.8619588171123,41.7430072042091,1,3162,5000
1,200,50.4988931056293,47,76.0322528370957,41.1670172267225,1,3162,5000
1,200,51.4988931056293,48,74.5314796402827,42.6662440299095,1,3162,5000
1,200,57.3979759645794,51,81.8708128726556,46.9636075173952,1,3162,5000
1,200,47.165348935273,43,69.7020743147169,38.3773852993258,1,3162,5000
1,200,57.1217979127135,47,96.6370492589701,42.151122630254,1,3162,5000
1,200,48.0826744676365,46,66.1054988085198,40.7382075371726,1,3162,5000
1,200,48.9987349778621,45,68.1845505435842,41.7922671786253,1,3162,5000
1,200,53.8984503478811,49,78.0241987004031,44.7831329192519,1,3162,5000
1,200,44.5994939911448,43,60.0993333177088,38.2299863853875,1,3162,5000
1,200,49.2480234029096,43,75.057596495211,39.0674004167796,1,3162,5000
0.9975,200,73.9924098671727,50,148.918018344883,49.9471138540546,1,3162,5000
1,200,56.663293274299,46,93.9930373676307,43.1334943568781,1,3162,5000
1,200,51.1230629348514,45,83.1991841939061,40.2118344152849,1,3162,5000
0.9935,200,87.4871916508539,47,153.195406105457,60.3895342943674,1,3162,5000
1,200,44.9993674889311,43,59.4181640322706,38.590470589302,1,3162,5000
1,200,62.4957305502846,49,108.367216834227,46.3849271441572,1,3162,5000
1,200,53.9971537001898,45,85.7485178434008,42.7611680647797,1,3162,5000
1,200,47.5994939911448,46,62.015037659571,41.2706511953079,1,3162,5000
0.9905,200,80.2404332700822,50,159.363273191996,53.3945824899082,1,3162,5000
1,200,54.3979759645794,48,84.6334126764819,43.2708652381517,1,3162,5000
1,200,49.9981024667932,44,74.0816585150462,40.4916521899355,1,3162,5000
1,200,48.1240117014548,45,68.0930605031663,40.0006822615471,1,3162,5000
1,200,57.7838845215506,52,87.170521669568,47.6817487410417,1,3162,5000
1,200,45.9993674889311,44,60.64656383345,39.8188703904815,1,3162,5000
1,200,58.663293274299,48,93.4072342489684,45.1712285563688,1,3162,5000
1,200,51.9981024667932,46,76.8743264414413,42.8838141074754,1,3162,5000
1,200,71.4922517394054,47,120.317990261871,51.0046864457208,1,3162,5000
1,200,52.165348935273,48,73.189501100782,44.1970912336094,1,3162,5000
1,200,58.1217979127135,48,96.983491526585,43.5984820389189,1,3162,5000
1,200,60.4957305502846,47,106.542644525422,44.3110664103052,1,3162,5000
1,200,48.0826744676365,46,67.1269345348534,40.7346511698945,1,3162,5000
1,200,46.6426538357278,46,60.7244360963651,40.7298124404511,1,3162,5000
1,200,52.1230629348514,46,82.8781039729288,40.7907858198611,1,3162,5000
1,200,53.1640839131351,45,85.0663140910979,40.7037666527677,1,3162,5000
0.957,200,118.977229601518,47,216.28927996653,68.7334292391419,1,3162,5000
1,200,48.165348935273,44,73.2733223048942,38.78328435423,1,3162,5000
1,200,50.9981024667932,45,76.059923178456,41.5698852277918,1,3162,5000
1,200,54.1640839131351,46,86.6304967686089,42.142672606686,1,3162,5000
1,200,48.3329116592874,47,65.803195695599,41.7678673169357,1,3162,5000
1,200,50.0820419565676,46,76.5557643610132,40.0657264103491,1,3162,5000
1,200,46.9987349778621,43,66.8859783965154,39.5186871251682,1,3162,5000
1,200,51.0826744676365,49,70.8655173430308,43.6588895306155,1,3162,5000
1,200,56.0974383301708,48,93.0520131722797,43.2331748842764,1,3162,5000
1,200,50.4985768500949,46,75.1469903296713,41.6566361234727,1,3162,5000
1,200,53.9990512333966,51,78.5484342426307,45.7010501276945,1,3162,5000
1,200,51.3979759645794,45,81.4725738052797,39.9847496433569,1,3162,5000
1,200,55.1640839131351,47,90.5066817960656,42.6455575076406,1,3162,5000
1,200,53.1230629348514,47,83.077309894035,42.5894857321122,1,3162,5000
1,200,56.7478652751423,50,84.4797680368563,45.9909951083301,1,3162,5000
1,200,63.4957305502846,50,105.488152008,48.004122912491,1,3162,5000
1,200,53.1230629348514,47,81.158442028729,42.7693212191149,1,3162,5000
1,200,60.3306978705461,52,97.6147126212313,47.6302091424204,1,3162,5000
1,200,49.7851495436884,48,65.4780700161516,42.816990530594,1,3162,5000
1,200,51.4985768500949,47,76.0618197211053,42.4051678130302,1,3162,5000
0.9975,200,77.2404332700822,47,147.916084650061,49.4456545425339,1,3162,5000
1,200,54.1640839131351,46,85.7127538796836,41.8920180584734,1,3162,5000
1,200,55.0820419565676,51,74.9215804574302,45.9288543347231,1,3162,5000
1,200,51.9981024667932,46,77.3547950432592,43.031371050006,1,3162,5000
1,200,51.0615314674257,48,75.5497998161109,41.5586549710761,1,3162,5000
1,200,43.9993674889311,42,58.8180352123242,37.9903417693556,1,3162,5000
1,200,52.1640839131351,44,84.4008495317661,40.0383020934359,1,3162,5000
1,200,49.1240117014548,46,68.3667982873571,41.5410023775953,1,3162,5000
1,200,47.1240117014548,44,66.3504810589289,39.2581028173097,1,3162,5000
1,200,61.4960468058191,49,107.586536207203,46.4783372824716,1,3162,5000
1,200,58.0974383301708,50,89.2799585084975,45.9174110701673,1,3162,5000
1,200,52.9981024667932,47,78.1358980602224,43.6458601095582,1,3162,5000
1,200,52.5988614800759,49,74.4612448256767,44.468834958504,1,3162,5000
0.9985,200,71.9920936116382,47,135.416011908401,47.5656403081484,1,3162,5000
0.988,200,92.9857685009488,48,176.021114308586,60.6807047576692,1,3162,5000
1,200,57.2461258697027,45,95.8644066656501,42.8789544202358,1,3162,5000
1,200,55.9974699557242,48,87.5120520560689,44.5243860219133,1,3162,5000
1,200,55.2461258697027,43,93.7935645937183,40.3089029871402,1,3162,5000
0.9995,200,64.6613957410921,48,119.708539975726,45.2305197353722,1,3162,5000
1,200,48.5994939911448,47,64.1153262252392,42.2456630373834,1,3162,5000
1,200,46.9987349778621,43,62.9192101967938,40.0242386597919,1,3162,5000
1,200,54.554431091433,51,80.1124603924369,44.6236874639107,1,3162,5000
1,200,53.9971537001898,45,84.4756849218272,42.2741171979634,1,3162,5000
0.9995,200,69.4922517394054,45,124.380626048946,50.0028904385724,1,3162,5000
1,200,63.0961733080329,51,108.900651397371,46.5622805651676,1,3162,5000
1,200,47.1240117014548,44,68.7595882959411,39.2682853231391,1,3162,5000
1,200,51.4985768500949,47,77.7110380124093,42.2206838062107,1,3162,5000
1,200,68.243595825427,48,127.216463039736,47.588173982178,1,3162,5000
1,200,60.9949399114484,45,107.352426164059,42.1208480489418,1,3162,5000
0.999,200,69.1602888467215,49,133.502199064787,47.1529343589049,1,3162,5000
1,200,46.4995256166983,45,60.9594521131705,40.9638796906531,1,3162,5000
0.998,200,73.9920936116382,49,141.990209779575,50.1430007346666,1,3162,5000
1,200,59.9968374446553,50,97.4181204946821,46.5162914835077,1,3162,5000
1,200,57.663293274299,47,96.5841604843102,43.3497360693829,1,3162,5000
1,200,50.4992093611638,48,69.7531243460772,43.3855168191955,1,3162,5000
1,200,56.3979759645794,50,86.2337816846973,46.1464635316297,1,3162,5000
1,200,55.9974699557242,48,86.1365286446311,44.5477873416583,1,3162,5000
1,200,49.7270427232477,49,65.247803349311,43.0035750128151,1,3162,5000
1,200,53.9971537001898,45,86.1658527932141,42.011889057182,1,3162,5000
1,200,49.6658233185747,47,64.3781639380443,43.3838565376648,1,3162,5000
1,200,57.0974383301708,49,86.4628669375631,44.973461497968,1,3162,5000
1,200,46.4995256166983,45,60.9057553637629,40.9947549420888,1,3162,5000
1,200,55.3979759645794,49,85.1373178914666,44.2733473032313,1,3162,5000
0.9985,200,79.9898798228969,48,143.56851432534,56.594447279167,1,3162,5000
1,200,48.5994939911448,47,66.1851235185676,42.1081416505516,1,3162,5000
0.9995,200,62.9949399114484,47,108.742373900228,46.6348074865654,1,3162,5000
1,200,58.663293274299,48,91.8461458401947,46.209001627671,1,3162,5000
1,200,48.1240117014548,45,68.2900134301929,40.1976351885736,1,3162,5000
1,200,52.4985768500949,48,75.2199205769718,43.5632686688968,1,3162,5000
1,200,54.1640839131351,46,84.2048557427732,41.7170315808504,1,3162,5000
0.971,200,103.982605945604,49,208.758923324191,67.8000365436721,1,3162,5000
1,200,64.9933586337761,44,102.611784635189,47.8768858369602,1,3162,5000
1,200,66.243595825427,46,120.764193802176,45.2861735618217,1,3162,5000
1,200,50.4992093611638,48,69.7886611108829,43.379716350183,1,3162,5000
1,200,49.2492884250474,47,73.4915001046655,40.3760273026415,1,3162,5000
1,200,61.4960468058191,49,107.592173144497,45.7108005954777,1,3162,5000
1,200,60.2461258697027,48,99.7704184359093,45.5359940209821,1,3162,5000
1,200,65.9949399114485,50,108.885733137051,50.0456228994078,1,3162,5000
1,200,48.5988614800759,45,68.9269487448295,40.5593412179478,1,3162,5000
1,200,52.1230629348514,46,78.0762523232831,41.4862459981724,1,3162,5000
1,200,61.0801444233607,51,107.062786588036,46.6645945155078,1,3162,5000
1,200,62.9943074003795,45,103.972716206998,46.4877383448854,1,3162,5000
1,200,71.4922517394054,47,117.003225687573,52.1218531385538,1,3162,5000
1,200,59.663293274299,49,100.792372765992,44.9344110329115,1,3162,5000
1,200,62.0961733080329,50,109.622644714733,45.6409875357328,1,3162,5000
1,200,64.6613957410921,48,119.854313572285,45.9597584384039,1,3162,5000
1,200,44.6426538357278,44,58.7481751252159,38.7538677248364,1,3162,5000
1,200,49.1240117014548,46,68.2135454972177,41.221135630045,1,3162,5000
1,200,58.9968374446553,49,97.7570302523205,44.672558399063,1,3162,5000
1,200,53.8984503478811,49,77.92884992945,44.6047934251279,1,3162,5000
1,200,62.0961733080329,50,107.747139375913,45.5991844950362,1,3162,5000
1,200,48.5994939911448,47,63.9044626362283,42.3093962225661,1,3162,5000
1,200,47.2221519432146,47,61.8899862296128,41.3948881903971,1,3162,5000
0.991,200,96.9841872232764,47,177.661146949264,62.6959350580555,1,3162,5000
1,200,51.4988931056293,48,74.929789815371,42.2731379072959,1,3162,5000
1,200,47.9993674889311,46,62.5233214935481,41.6956280505796,1,3162,5000
1,200,51.5706153429114,49,67.691054382401,43.7803702162614,1,3162,5000
1,200,46.2492884250474,44,61.5968854626618,39.8524989983986,1,3162,5000
1,200,52.1230629348514,46,84.0353308952051,41.2145950739949,1,3162,5000
0.998,200,78.2404332700822,48,149.431047662846,50.2471902489132,1,3162,5000
1,200,60.1217979127135,50,94.3443891775715,45.9596959454399,1,3162,5000
1,200,49.2480234029096,43,74.3866953277951,39.5634294623091,1,3162,5000
1,200,47.6658233185747,45,62.2241292425303,40.8956451607256,1,3162,5000
1,200,52.1230629348514,46,84.0996888115506,41.112022777395,1,3162,5000
0.9965,200,78.2404332700822,48,162.627921624788,49.1625516058126,1,3162,5000
1,200,49.1246442125237,48,63.5048255040266,43.5812915743256,1,3162,5000
1,200,49.6658233185747,47,68.3799324293382,42.802792433555,1,3162,5000
1,200,45.6426538357278,45,59.9476959840567,40.0527244470548,1,3162,5000
1,200,50.4985768500949,46,75.04025663834,41.7168326450868,1,3162,5000
1,200,47.4992093611638,45,67.5416109489047,40.1493275839458,1,3162,5000
1,200,54.3979759645794,48,87.0651382122966,43.4776619314617,1,3162,5000
1,200,70.4922517394054,46,115.368671486426,50.220716605549,1,3162,5000
1,200,42.2492884250474,40,56.7713204867072,35.9436270437386,1,3162,5000
0.9995,200,62.1202166350411,47,112.751620273069,44.2704374773704,1,3162,5000
1,200,60.2461258697027,48,97.8870996895488,46.0269241677271,1,3162,5000
1,200,61.4957305502846,48,107.737696190527,46.1049795554863,1,3162,5000
1,200,53.1230629348514,47,85.1059599986948,41.9519962626628,1,3162,5000
1,200,60.1217979127135,50,95.8766474822831,46.9751347266432,1,3162,5000
1,200,45.7497628083491,45,60.7945344998565,39.9261363341386,1,3162,5000
1,200,49.165348935273,45,69.2927201635807,40.8001521686408,1,3162,5000
1,200,46.6658233185747,44,62.4810647276563,39.987547966113,1,3162,5000
1,200,58.0974383301708,50,97.7959121071905,44.9363690964379,1,3162,5000
1,200,50.4985768500949,46,75.0051661950928,41.5148119888942,1,3162,5000
1,200,62.9949399114484,47,107.566158445811,45.7511152242214,1,3162,5000
1,200,47.165348935273,43,68.6781679943124,38.7860427571208,1,3162,5000
1,200,45.1246442125237,44,59.5442351250715,39.549927724692,1,3162,5000
1,200,55.9971537001898,47,85.5988175604023,44.7542797452762,1,3162,5000
1,200,47.3329116592874,46,64.8315104341366,40.7125588212334,1,3162,5000
1,200,63.9949399114484,48,111.725853357391,46.7441961783907,1,3162,5000
1,200,58.663293274299,48,97.9055756132785,44.821103760021,1,3162,5000
1,200,54.1230629348514,48,80.4335398224075,43.6948459577648,1,3162,5000
1,200,63.4960468058191,51,100.837824914472,48.9359959032975,1,3162,5000
1,200,47.6658233185747,45,64.2492495258677,40.9223467217353,1,3162,5000
1,200,52.9981024667932,47,77.0373717679814,44.1307989237899,1,3162,5000
1,200,52.5988614800759,49,72.2100705530958,44.9671072387378,1,3162,5000
1,200,46.5994939911448,45,61.2147500790011,40.3870566360326,1,3162,5000
0.9965,200,73.9924098671727,50,135.716022688408,51.1411966289522,1,3162,5000
1,200,53.8984503478811,49,79.8194735309548,44.7293090780769,1,3162,5000
1,200,66.6613957410921,50,110.515200129135,49.6331950690463,1,3162,5000
1,200,49.4985768500949,45,74.9228559825947,40.432501776396,1,3162,5000
1,200,50.4985768500949,46,74.4794133236135,41.8894069985028,1,3162,5000
1,200,56.663293274299,46,95.4327655449378,41.9481039383597,1,3162,5000
1,200,52.4985768500949,48,74.2741226394097,43.8815230189163,1,3162,5000
1,200,56.9974699557242,49,84.8987665136843,45.7448027776523,1,3162,5000
1,200,51.8984503478811,47,77.6009899273867,42.2775659341335,1,3162,5000
1,200,48.3329116592874,47,67.8709140303168,41.5452762483223,1,3162,5000
1,200,51.4985768500949,47,75.4258574114747,42.9355032052761,1,3162,5000
0.9995,200,62.9949399114484,47,113.775172810304,45.7954131645103,1,3162,5000
1,200,48.0826744676365,46,67.9799516745713,40.6543138925768,1,3162,5000
1,200,61.4957305502846,48,100.335904391936,46.0191217649067,1,3162,5000
1,200,52.9981024667932,47,78.5315340737101,43.4413696208322,1,3162,5000
1,200,50.2480234029096,44,76.2955915448079,40.305711721911,1,3162,5000
1,200,53.8984503478811,49,79.9211104558535,45.0558748454803,1,3162,5000
1,200,48.9987349778621,45,66.8795023529035,42.0527576765384,1,3162,5000
1,200,52.9981024667932,47,77.14310231927,44.0529378663921,1,3162,5000
1,200,59.2461258697027,47,98.7230647676589,43.8635217569062,1,3162,5000
1,200,45.2492884250474,43,60.0122662485066,39.184572805538,1,3162,5000
1,200,55.1640839131351,47,86.6425574441955,43.2800100058653,1,3162,5000
0.979,200,94.2366382036686,52,194.892002982089,60.2666603719265,1,3162,5000
1,200,49.9981024667932,44,73.6415890758185,40.1515511251544,1,3162,5000
0.9845,200,98.9841872232764,49,188.105154804857,66.1424729579242,1,3162,5000
0.999,200,77.9898798228969,46,135.157847811091,54.1812507206422,1,3162,5000
0.9985,200,78.2404332700822,48,163.421376365483,48.5558165931875,1,3162,5000
1,200,49.165348935273,45,72.8248154317641,40.500126416373,1,3162,5000
1,200,51.5988614800759,48,72.402172811271,43.5109963406827,1,3162,5000
1,200,49.5620058507274,48,68.3015271270695,42.1425033024859,1,3162,5000
1,200,45.9993674889311,44,61.3835823808959,39.7891484783026,1,3162,5000
1,200,59.2461258697027,47,106.082241944865,44.2671987232752,1,3162,5000
1,200,59.1217979127135,49,100.404472479588,44.4212340229147,1,3162,5000
1,200,50.9981024667932,45,76.7263022394218,41.1523247989832,1,3162,5000
1,200,58.663293274299,48,98.3403446068705,44.3555248725252,1,3162,5000
1,200,49.4992093611638,47,68.7253855191046,42.2328175241647,1,3162,5000
1,200,61.9949399114484,46,107.27823182726,44.2968909037943,1,3162,5000
1,200,55.1640839131351,47,92.1236858651004,42.7867630314508,1,3162,5000
1,200,48.5988614800759,45,70.291482454532,40.2000529795162,1,3162,5000
1,200,56.9974699557242,49,88.2118232695677,45.2241572354121,1,3162,5000
0.9995,200,70.4922517394054,46,126.2584355635,49.4058501745053,1,3162,5000
1,200,54.3979759645794,48,80.3401655527672,43.6844624112956,1,3162,5000
1,200,52.8984503478811,48,76.9668286132708,44.3101767051958,1,3162,5000
1,200,54.9971537001898,46,87.4144343421195,43.176531116313,1,3162,5000
1,200,54.3316466371495,49,84.8511201008857,44.113691258381,1,3162,5000
1,200,53.9971537001898,45,82.8339386877438,42.9699680995085,1,3162,5000
1,200,53.1640839131351,45,87.4159815573452,40.0966688860401,1,3162,5000
1,200,55.9974699557242,48,85.4276619732526,44.8389206702798,1,3162,5000
1,200,57.7478652751423,51,87.4820067405713,46.7445778980665,1,3162,5000
1,200,54.4960468058191,42,87.1574863328979,41.3367505116877,1,3162,5000
1,200,59.2461258697027,47,97.750267180425,44.1659534549348,1,3162,5000
1,200,56.1640839131351,48,87.6202833346511,44.1324591727282,1,3162,5000
1,200,51.5988614800759,48,72.2803849732814,43.1880067316622,1,3162,5000
1,200,53.1640839131351,45,84.246003523049,40.8834560847188,1,3162,5000
1,200,60.3306978705461,52,91.3552293859081,48.3688283738904,1,3162,5000
1,200,63.9949399114484,48,109.801185026829,47.3190534645269,1,3162,5000
1,200,48.4992093611638,46,66.681442402149,41.5624907892458,1,3162,5000
1,200,48.0826744676365,46,68.9202022510303,40.5279188860715,1,3162,5000
0.9985,200,81.988614800759,46,143.344611914363,54.3705448681892,1,3162,5000
1,200,55.5699828318424,51,78.3090039789641,46.4684442066681,1,3162,5000
0.9995,200,69.4922517394054,45,119.174491139605,48.4446524299281,1,3162,5000
1,200,53.0820419565676,49,78.0092911915304,43.2686997936809,1,3162,5000
1,200,58.4960468058191,46,89.9219304741386,46.3344541933037,1,3162,5000
1,200,69.243595825427,49,124.264682264339,48.4114643642762,1,3162,5000
1,200,53.0820419565676,49,76.2404605455505,43.8997426454872,1,3162,5000
1,200,53.3979759645794,47,83.6394530396213,42.2762730902222,1,3162,5000
1,200,56.9971537001898,48,88.5673054309044,45.0797975245161,1,3162,5000
1,200,44.2492884250474,42,58.1830472698488,38.6876329750986,1,3162,5000
1,200,56.9974699557242,49,87.8909835568828,45.9033175227272,1,3162,5000
1,200,56.9974699557242,49,87.9289470943566,45.941281060201,1,3162,5000
1,200,62.0801444233607,52,100.8470046908,47.8615524453856,1,3162,5000
1,200,48.3329116592874,47,65.0083304462466,41.9313485782306,1,3162,5000
1,200,54.1640839131351,46,86.7376139078676,42.1501376270327,1,3162,5000
1,200,48.4992093611638,46,69.9101698780722,41.0430367344922,1,3162,5000
1,200,62.4957305502846,49,109.156214426712,45.9246363115945,1,3162,5000
1,200,43.9996837444655,43,50.9364900172435,40.0639805295774,1,3162,5000
1,200,56.1640839131351,48,86.6061890627952,44.243641624465,1,3162,5000
1,200,59.663293274299,49,98.4515307091968,45.5919876984441,1,3162,5000
0.999,200,70.1602888467215,50,133.583898487062,48.2759710149977,1,3162,5000
0.9995,200,77.9898798228969,46,141.803807092219,53.3292656627436,1,3162,5000
1,200,63.6613957410921,47,117.347178253188,43.8691580128337,1,3162,5000
1,200,52.1640839131351,44,83.2563613169596,39.268695282804,1,3162,5000
1,200,52.1230629348514,46,78.3087152710636,41.4681554987676,1,3162,5000
1,200,51.9981024667932,46,77.6283463857765,42.3882293712288,1,3162,5000
1,200,50.165348935273,46,70.5526934806494,42.0601254857095,1,3162,5000
1,200,53.3979759645794,47,83.9012899257552,42.1638610832505,1,3162,5000
1,200,47.4992093611638,45,66.5382267804662,40.3792029558826,1,3162,5000
1,200,49.1240117014548,46,74.3863149075266,40.895960701328,1,3162,5000
1,200,53.1640839131351,45,92.5502122149621,40.6659933661323,1,3162,5000
0.994,200,88.4871916508539,48,160.611254297122,58.8075962747733,1,3162,5000
1,200,47.1246442125237,46,61.5654116592874,41.5711042589079,1,3162,5000
1,200,47.9993674889311,46,63.5230498462019,41.7786633819388,1,3162,5000
1,200,51.9981024667932,46,77.6767131237889,42.1866751731248,1,3162,5000
1,200,49.1240117014548,46,69.1608116199437,41.168401752771,1,3162,5000
1,200,62.9943074003795,45,101.730057052122,47.7449210622421,1,3162,5000
1,200,50.1424957079606,49,66.8163082627748,43.4240248978159,1,3162,5000
1,200,54.5699828318424,50,85.8406252132871,44.2531489324522,1,3162,5000
1,200,48.9990512333966,46,69.1743792610642,41.0820010194449,1,3162,5000
1,200,48.4992093611638,46,68.5057282740919,40.6799323643301,1,3162,5000
0.9985,200,71.1602888467215,51,129.059248456343,50.3941037694363,1,3162,5000
0.9995,200,61.1217979127135,51,98.8429123695788,46.9413996139389,1,3162,5000
1,200,45.5994939911448,44,62.0645933166546,39.1952463843333,1,3162,5000
1,200,50.0820419565676,46,76.7041560146566,40.7136436806908,1,3162,5000
1,200,65.1202166350411,50,120.646737742431,46.168717502077,1,3162,5000
1,200,50.4985768500949,46,75.0367397673451,41.4467334422344,1,3162,5000
1,200,77.9898798228969,46,140.941573050887,52.467031621412,1,3162,5000
1,200,51.9971537001898,43,83.3979900190632,40.1600867932567,1,3162,5000
1,200,52.3316466371495,47,78.3122543342353,41.9231335246212,1,3162,5000
1,200,59.2461258697027,47,95.7996434009894,45.0631633250881,1,3162,5000
1,200,52.8984503478811,48,74.1870937016661,44.0947154600468,1,3162,5000
0.9865,200,82.6563356525406,50,177.467302976054,50.4062340323471,1,3162,5000
1,200,51.4985768500949,47,76.7764763358317,42.0722204399249,1,3162,5000
0.9985,200,78.2404332700822,48,149.971015990074,50.0001114992457,1,3162,5000
1,200,49.165348935273,45,68.4983046632632,41.1060212983043,1,3162,5000
1,200,50.9981024667932,45,76.72356875913,41.4001447658768,1,3162,5000
1,200,58.4957305502846,45,96.3375733599264,42.8519629867449,1,3162,5000
1,200,58.663293274299,48,97.7196088262276,44.8600658154749,1,3162,5000
1,200,48.165348935273,44,72.5851291271033,39.2617051338501,1,3162,5000
1,200,60.3306978705461,52,91.2964918182413,47.8077188897151,1,3162,5000
1,200,48.165348935273,44,68.427905751521,39.6021098417593,1,3162,5000
1,200,47.9993674889311,46,62.4351293882652,41.9403476045839,1,3162,5000
1,200,59.663293274299,49,92.5004675241647,46.3884735330198,1,3162,5000
0.8495,200,146.969006957622,49,283.692405516212,84.4189498974052,1,3162,5000
1,200,58.9968374446553,49,95.5449877606912,45.5601680263458,1,3162,5000
1,200,59.2461258697027,47,100.275684928604,44.5407861303751,1,3162,5000
1,200,50.2480234029096,44,75.2915732893023,40.3016934664054,1,3162,5000
1,200,55.1640839131351,47,89.4280400209143,43.0654925825841,1,3162,5000
1,200,53.9971537001898,45,85.5943184604442,42.6066524262886,1,3162,5000
1,200,50.0826744676365,48,68.0170345002472,42.6080897395472,1,3162,5000
1,200,43.4998418722328,43,54.3175135410392,38.988080692631,1,3162,5000
1,200,61.9949399114484,46,111.873419618006,44.8936599722118,1,3162,5000
1,200,57.4960468058191,45,89.6359026650176,44.6485528863965,1,3162,5000
1,200,48.2480234029096,42,71.7497500276723,38.759553949241,1,3162,5000
0.9995,200,77.9898798228969,46,141.862732483899,53.0552793951362,1,3162,5000
1,200,50.9981024667932,45,75.8195305716821,41.8293344932507,1,3162,5000
1,200,50.4985768500949,46,75.3065546957358,41.5656470423519,1,3162,5000
1,200,49.4985768500949,45,74.9472492253936,40.456895019195,1,3162,5000
1,200,70.9911448450348,43,124.41598164852,48.688040472049,1,3162,5000
0.9995,200,71.4922517394054,47,126.617575311769,51.1401875824837,1,3162,5000
1,200,50.9990512333966,48,69.5524570840299,43.2268193020353,1,3162,5000
1,200,48.5988614800759,45,68.8290754849252,40.4082297272673,1,3162,5000
1,200,58.2461258697027,46,97.1328215575209,44.048033448729,1,3162,5000
1,200,56.1640839131351,48,87.600772971421,44.4464929798544,1,3162,5000
1,200,45.5994939911448,44,60.3500382608958,39.3550983494473,1,3162,5000
1,200,62.6613957410921,46,114.542540697036,44.061990412406,1,3162,5000
0.9985,200,71.1602888467215,51,129.599725741988,50.223255153753,1,3162,5000
1,200,52.5699828318424,48,76.4704972136684,42.702769333986,1,3162,5000
1,200,48.6658233185747,46,65.4476435837462,42.2873547370247,1,3162,5000
1,200,45.5994939911448,44,61.1034812996032,39.2091422736702,1,3162,5000
1,200,47.6426538357278,47,61.6344167598805,41.8060908058429,1,3162,5000
1,200,51.4985768500949,47,76.8200067922151,42.2300004671044,1,3162,5000
1,200,48.7497628083491,48,63.8833736673571,43.0556802243886,1,3162,5000
1,200,58.2461258697027,46,94.6800263226572,43.9451275244282,1,3162,5000
0.996,200,79.2404332700822,49,149.688480702953,49.3183352254074,1,3162,5000
1,200,55.1640839131351,47,90.5507121822071,42.6274239152874,1,3162,5000
1,200,50.5988614800759,47,74.3308284152061,42.4123545740567,1,3162,5000
0.9985,200,77.9898798228969,46,141.91190245691,52.9372028996679,1,3162,5000
1,200,57.663293274299,47,96.3859776767831,43.3015058235256,1,3162,5000
1,200,52.5988614800759,49,71.1492231010122,44.7283773433543,1,3162,5000
1,200,47.3329116592874,46,64.8234704599761,40.913102549371,1,3162,5000
0.9995,200,57.0974383301708,49,92.6241986658084,44.7204721214272,1,3162,5000
1,200,55.1230629348514,49,83.658094227709,44.0693529247362,1,3162,5000
1,200,54.9974699557242,47,91.0036132589819,43.0168959914297,1,3162,5000
1,200,43.6664558296437,43,54.5410177453239,39.2115848969158,1,3162,5000
1,200,60.663293274299,50,99.1552685747046,47.5039930107156,1,3162,5000
1,200,54.9974699557242,47,87.4850568237152,43.2471535979087,1,3162,5000
0.995,200,88.4871916508539,48,161.860326031062,59.8903703068369,1,3162,5000
1,200,49.1240117014548,46,69.1222622295114,41.1298523623387,1,3162,5000
1,200,54.5699828318424,50,81.1747561648352,44.3273720498989,1,3162,5000
1,200,43.4995256166983,42,55.3000064390945,38.1788410374499,1,3162,5000
1,200,57.663293274299,47,96.8417317892088,42.7572599359514,1,3162,5000
1,200,43.3998734977862,43,55.5765000579174,38.5809276354,1,3162,5000
1,200,54.3979759645794,48,85.634412298293,43.3965090724865,1,3162,5000
1,200,57.3316466371495,52,82.4306324334996,47.1905154189519,1,3162,5000
1,200,48.9993674889311,47,63.6733375531399,43.0122580675823,1,3162,5000
1,200,45.899715370019,45,58.4426498167412,40.6140076071692,1,3162,5000
1,200,44.1246442125237,43,58.5292531808153,38.6349141548824,1,3162,5000
1,200,55.9974699557242,48,87.6683935878192,44.5144298517872,1,3162,5000
1,200,59.1217979127135,49,96.3478539412091,44.9631607090775,1,3162,5000
1,200,52.1230629348514,46,85.0988967449838,41.1112307108282,1,3162,5000
0.9995,200,63.0961733080329,51,106.406052348653,47.0078602761247,1,3162,5000
1,200,51.9971537001898,43,82.2649273460011,39.8777040695938,1,3162,5000
1,200,47.4992093611638,45,67.5049178420203,40.1373103151386,1,3162,5000
1,200,58.2461258697027,46,96.7024419979192,43.3177487657877,1,3162,5000
0.9995,200,69.1602888467215,49,132.251745598903,46.9024808930203,1,3162,5000
1,200,49.165348935273,45,70.7727401861641,40.906239553653,1,3162,5000
1,200,50.5988614800759,47,72.1428176856495,42.1516728406147,1,3162,5000
1,200,47.6658233185747,45,63.2895774644401,40.7951119362933,1,3162,5000
1,200,52.1640839131351,44,83.3958117194638,39.5750758982536,1,3162,5000
1,200,50.0826744676365,48,70.0658279421234,42.6982204152417,1,3162,5000
0.968,200,101.984503478811,53,205.937569525297,62.4807384057521,1,3162,5000
1,200,65.9933586337761,45,109.304218214625,48.3206635024171,1,3162,5000
1,200,47.1240117014548,44,67.097227437709,39.1045013150018,1,3162,5000
1,200,69.243595825427,49,124.167399498133,48.5230815559019,1,3162,5000
1,200,51.9981024667932,46,78.2126151473224,42.8891911540692,1,3162,5000
1,200,54.1230629348514,48,85.6463831841473,43.0589069033124,1,3162,5000
1,200,48.6426538357278,48,62.8528428748695,42.85853547449,1,3162,5000
1,200,45.5623221062619,45,59.7267206497608,39.7317807383124,1,3162,5000
1,200,52.8984503478811,48,77.9048641942175,43.9149843713206,1,3162,5000
1,200,57.663293274299,47,96.0298581011046,43.0453546222937,1,3162,5000
1,200,61.9949399114484,46,109.779719370181,43.8983468211613,1,3162,5000
1,200,52.2492884250474,50,77.7804531899025,43.9398934176065,1,3162,5000
1,200,52.9981024667932,47,77.969096860254,43.3790905351433,1,3162,5000
1,200,45.9993674889311,44,60.6827548235558,39.8550613805872,1,3162,5000
1,200,49.9990512333966,47,70.8870887840751,42.0196393849606,1,3162,5000
1,200,47.6658233185747,45,67.5083379053906,41.0157699104507,1,3162,5000
1,200,46.1240117014548,43,66.1123483645385,38.6194641140641,1,3162,5000
1,200,67.243595825427,47,121.681816688033,46.2037964476785,1,3162,5000
1,200,50.1240117014548,47,71.2581004636532,42.2656905964805,1,3162,5000
1,200,53.8984503478811,49,79.2520253083805,44.7607223355785,1,3162,5000
1,200,52.9993674889311,51,71.7862391272956,45.1257921528069,1,3162,5000
1,200,51.5706153429114,49,70.8913218567571,43.5237143298754,1,3162,5000
1,200,56.0974383301708,48,89.1805277155335,43.2771174266868,1,3162,5000
1,200,56.2461258697027,44,94.4493736912417,40.589830680489,1,3162,5000
1,200,56.1640839131351,48,87.6846354053661,44.4830676815024,1,3162,5000
1,200,46.5994939911448,45,61.1230794858087,40.6286139576619,1,3162,5000
1,200,47.1240117014548,44,67.9241665775629,38.9317567103903,1,3162,5000
1,200,55.9971537001898,47,87.8377418633224,44.5998386375159,1,3162,5000
1,200,44.3332279148218,44,58.4254602458636,39.0976086751278,1,3162,5000
1,200,47.1246442125237,46,61.2607735061005,41.266466105721,1,3162,5000
1,200,61.9949399114484,46,108.902756329911,44.0877131083213,1,3162,5000
0.999,200,61.4957305502846,48,108.234790167057,44.7532911158236,1,3162,5000
1,200,53.4985768500949,49,74.2979645135596,44.8063452852231,1,3162,5000
1,200,54.663293274299,44,92.9209361615928,40.1866698744327,1,3162,5000
1,200,50.9981024667932,45,75.9704039929144,41.6469799996612,1,3162,5000
1,200,54.1640839131351,46,88.7599808201115,41.8988565316865,1,3162,5000
1,200,60.9943074003795,43,100.38565733443,44.4011538556193,1,3162,5000
0.9855,200,97.9841872232764,48,179.7337720576,62.5173742081376,1,3162,5000
1,200,48.7851495436884,47,66.5342958437982,41.6239279331931,1,3162,5000
1,200,51.5988614800759,48,73.4574725625221,43.5900231634076,1,3162,5000
1,200,57.2461258697027,45,99.3886694516606,41.9055891227548,1,3162,5000
1,200,48.9993674889311,47,63.7217594650764,43.2272939369296,1,3162,5000
1,200,49.5988614800759,46,75.2070836258069,41.2172038029101,1,3162,5000
0.9995,200,64.1202166350411,49,117.208223499041,45.355005598978,1,3162,5000
1,200,39.6664558296437,39,47.451785035654,35.579275547988,1,3162,5000
1,200,46.6426538357278,46,61.0226223230772,41.0273661560942,1,3162,5000
1,200,51.4985768500949,47,73.4304828547772,42.9379148598373,1,3162,5000
0.9995,200,73.9911448450348,46,124.206873056158,51.7272715381314,1,3162,5000
1,200,55.3979759645794,49,82.4900979714352,44.8343948299636,1,3162,5000
1,200,50.165348935273,46,69.6309783384097,42.2220335777098,1,3162,5000
1,200,50.9981024667932,45,75.7462360823093,41.2558818761107,1,3162,5000
0.9995,200,71.9920936116382,47,140.83099167884,45.9837826339317,1,3162,5000
1,200,50.5706153429114,48,68.7230752129791,42.5640513883954,1,3162,5000
1,200,50.8984503478811,46,78.4007233856222,41.4117923293287,1,3162,5000
1,200,68.4922517394054,44,113.705391381409,47.724050457943,1,3162,5000
1,200,50.1240117014548,47,69.8628484901508,42.2703121207643,1,3162,5000
1,200,57.1217979127135,47,96.6605970473319,42.3425493981647,1,3162,5000
0.998,200,77.2404332700822,47,147.614643752824,47.1448461563658,1,3162,5000
1,200,48.5988614800759,45,70.1715078650367,40.179097997864,1,3162,5000
1,200,60.9968374446553,51,93.0434194515853,48.1816626520913,1,3162,5000
1,200,46.1424957079606,45,63.6302396184101,39.6359322180306,1,3162,5000
1,200,62.4960468058191,50,108.16076272167,46.8039078829606,1,3162,5000
1,200,58.3306978705461,50,89.7057615441513,45.8446372557263,1,3162,5000
0.983,200,96.9841872232764,47,183.019881942499,60.5564094567307,1,3162,5000
1,200,59.4957305502846,46,105.925072034822,42.9437311113558,1,3162,5000
1,200,54.1640839131351,46,87.9383999143788,42.0772756259538,1,3162,5000
1,200,51.2480234029096,45,79.1072706356736,41.5185293327008,1,3162,5000
1,200,49.4992093611638,47,67.6183704957431,42.4997351383743,1,3162,5000
1,200,54.1640839131351,46,85.7899883977516,42.2025121169167,1,3162,5000
1,200,47.4992093611638,45,67.6796500116713,39.8122006125569,1,3162,5000
1,200,47.5994939911448,46,65.1904709977674,41.0718356403986,1,3162,5000
0.9995,200,61.4957305502846,48,107.852843174277,44.9714706252573,1,3162,5000
1,200,55.2461258697027,43,93.1316186675477,39.1467989332023,1,3162,5000
1,200,50.0826744676365,48,69.968815776445,42.6012082495633,1,3162,5000
1,200,54.9971537001898,46,86.7886389252206,43.8012891465995,1,3162,5000
1,200,49.5988614800759,46,74.2314731226406,41.3662375122675,1,3162,5000
1,200,54.1230629348514,48,85.3155664213091,43.3279003871535,1,3162,5000
1,200,51.9981024667932,46,74.0953763257319,43.0029980841127,1,3162,5000
0.9975,200,72.9920936116382,48,140.802190661049,48.4298313947622,1,3162,5000
1,200,51.4985768500949,47,77.0890134181137,42.7655894248605,1,3162,5000
1,200,51.5699828318424,47,77.2334729615009,41.5765047978914,1,3162,5000
1,200,49.2480234029096,43,74.4292210095642,39.563985399191,1,3162,5000
1,200,56.9971537001898,48,82.7627895098541,46.0585336139474,1,3162,5000
1,200,52.9981024667932,47,78.9060339595124,43.5826099662592,1,3162,5000
1,200,49.6658233185747,47,68.0376162750808,43.0442576413047,1,3162,5000
1,200,50.1240117014548,47,73.1094066604733,41.7840851340133,1,3162,5000
1,200,55.1640839131351,47,88.4810507012499,43.2794829773861,1,3162,5000
1,200,49.5988614800759,46,69.4897889660076,41.4970628433004,1,3162,5000
1,200,60.4957305502846,47,106.327184540461,44.4458119914412,1,3162,5000
1,200,63.9949399114484,48,110.222683836165,46.6415326660193,1,3162,5000
1,200,53.9981024667932,48,78.903633677826,44.6635166632782,1,3162,5000
1,200,49.9990512333966,47,70.5906336495005,42.0980656545605,1,3162,5000
1,200,55.9974699557242,48,80.6973743115966,45.0564350326592,1,3162,5000
1,200,55.3979759645794,49,84.5163168581541,45.02627890749,1,3162,5000
1,200,56.2461258697027,44,94.2038930593205,40.8861616656878,1,3162,5000
1,200,51.1230629348514,45,77.9936376994794,40.4048963965066,1,3162,5000
1,200,56.7838845215506,51,79.4334071634303,46.3176181058718,1,3162,5000
1,200,47.5620058507274,46,67.1849155504541,40.1921894277469,1,3162,5000
1,200,52.1230629348514,46,83.2698708861995,41.2825211075783,1,3162,5000
1,200,68.243595825427,48,122.990933519416,47.1383481304215,1,3162,5000
1,200,61.663293274299,51,100.530652046681,48.145958814549,1,3162,5000
1,200,53.2492884250474,51,75.8332510954598,45.3406831005199,1,3162,5000
0.945,200,121.977229601518,50,231.123851614974,77.3363226248833,1,3162,5000
1,200,44.5623221062619,44,61.5085341160344,38.5148592267238,1,3162,5000
1,200,48.2480234029096,42,73.9631633619846,38.0982440071459,1,3162,5000
1,200,64.0961733080329,52,111.500196242788,47.7671949777663,1,3162,5000
0.995,200,81.988614800759,46,149.15651628876,54.2679700100336,1,3162,5000
1,200,50.4985768500949,46,75.8783748868548,41.2883685617441,1,3162,5000
1,200,53.1230629348514,47,83.1155307667605,42.1281809881394,1,3162,5000
1,200,50.9981024667932,45,76.7014343989074,41.2110801927088,1,3162,5000
1,200,72.9920936116382,48,135.840238886062,47.96645646987,1,3162,5000
1,200,47.9993674889311,46,62.4423297443978,41.8478958418045,1,3162,5000
1,200,51.5706153429114,49,74.2773534462412,43.6860820989927,1,3162,5000
0.9975,200,68.1602888467215,48,131.337058366622,46.1118053621942,1,3162,5000
1,200,48.165348935273,44,69.8373228392029,39.5116850572084,1,3162,5000
1,200,55.1640839131351,47,86.8625353206206,43.3753436697667,1,3162,5000
1,200,46.5994939911448,45,61.04624847482,40.2185550318515,1,3162,5000
1,200,52.0820419565676,48,78.4366152249116,42.5713796145385,1,3162,5000
0.9995,200,58.2461258697027,46,101.086252028898,43.2282902958182,1,3162,5000
1,200,51.4985768500949,47,77.1472079647137,42.6568537585151,1,3162,5000
1,200,46.1240117014548,43,65.1503433975069,38.1576172747997,1,3162,5000
0.999,200,68.243595825427,48,123.464133913951,47.9861136735967,1,3162,5000
1,200,49.9990512333966,47,68.3479452846123,42.4983473809347,1,3162,5000
1,200,44.899715370019,44,55.8622221599751,39.7410567583306,1,3162,5000
1,200,51.4985768500949,47,73.0224912354576,42.2812673265392,1,3162,5000
0.999,200,69.9943074003795,52,122.463356264244,51.0849881428015,1,3162,5000
1,200,55.1640839131351,47,90.1375159008765,43.0514627699467,1,3162,5000
1,200,58.663293274299,48,97.922362546152,43.9369103007377,1,3162,5000
1,200,48.6658233185747,46,65.272717510705,42.2790426213944,1,3162,5000
1,200,49.9981024667932,44,74.7096414725209,40.2192872663223,1,3162,5000
1,200,49.9974699557242,42,74.9044717762643,40.1645128894838,1,3162,5000
0.988,200,97.9841872232764,48,178.155649486367,60.6893307007884,1,3162,5000
1,200,50.1240117014548,47,69.1854812383287,42.3596853285669,1,3162,5000
1,200,50.0826744676365,48,69.1327549976418,42.8897916832838,1,3162,5000
1,200,50.9981024667932,45,76.0267893732807,41.7033653800275,1,3162,5000
1,200,56.0608989563567,51,85.081891834144,45.093909544454,1,3162,5000
1,200,61.4960468058191,49,99.569724483107,46.7092327057509,1,3162,5000
1,200,58.663293274299,48,92.2517875301823,45.0145168154448,1,3162,5000
1,200,43.9993674889311,42,57.8425984581915,38.0149050152229,1,3162,5000
1,200,55.9974699557242,48,87.460391139075,44.4724088493849,1,3162,5000
1,200,69.4922517394054,45,118.792712104116,49.3131105860893,1,3162,5000
1,200,58.1217979127135,48,95.9457976270795,43.6042642395309,1,3162,5000
1,200,48.7851495436884,47,67.7805234187778,41.4548856367833,1,3162,5000
1,200,53.9981024667932,48,78.4503625800051,44.7097711821557,1,3162,5000
1,200,54.1640839131351,46,85.4659900162081,42.1034425778779,1,3162,5000
1,200,49.1240117014548,46,68.1993351540845,41.2069252869118,1,3162,5000
1,200,59.2461258697027,47,98.2553763668953,44.9370124621937,1,3162,5000
1,200,55.1640839131351,47,85.6472170971883,43.3025211542951,1,3162,5000
1,200,56.3979759645794,50,81.2180418606213,45.8773239605581,1,3162,5000
1,200,46.5994939911448,45,62.200905053594,40.3732116106254,1,3162,5000
0.9975,200,70.243595825427,50,136.215721836817,49.7405478962732,1,3162,5000
1,200,47.1240117014548,44,66.3391064551269,39.0134686731323,1,3162,5000
1,200,51.4985768500949,47,72.4625015144499,42.9689847529065,1,3162,5000
1,200,63.4957305502846,50,109.92748044779,47.1124372261999,1,3162,5000
1,200,52.4985768500949,48,75.8670529034956,43.376698697297,1,3162,5000
1,200,56.663293274299,46,95.5100050616886,42.5251853273433,1,3162,5000
1,200,45.2492884250474,43,59.7823455184269,39.0379590541638,1,3162,5000
1,200,52.9974699557242,45,76.1946379645944,43.7033349917924,1,3162,5000
1,200,46.6426538357278,46,62.6252589471765,40.7559120148552,1,3162,5000
1,200,48.0826744676365,46,66.9380793040559,40.5707880327086,1,3162,5000
1,200,60.4960468058191,48,106.167830080174,43.4367263483587,1,3162,5000
1,200,57.3979759645794,51,88.1138933119741,46.9596133204076,1,3162,5000
1,200,48.4985768500949,44,72.8810197479505,39.3906655417519,1,3162,5000
1,200,67.243595825427,47,114.804644815856,45.8242526589937,1,3162,5000
1,200,44.4995256166983,43,59.0241646857399,39.1548177534186,1,3162,5000
1,200,48.5994939911448,47,65.0582141354302,42.1888672031088,1,3162,5000
1,200,59.663293274299,49,92.9162864829242,46.2634296412628,1,3162,5000
1,200,58.2461258697027,46,97.4711616385174,44.1527977338157,1,3162,5000
1,200,52.1230629348514,46,79.7414679286455,41.2523787445848,1,3162,5000
1,200,51.4985768500949,47,76.2458286633303,42.7554744571317,1,3162,5000
1,200,50.8984503478811,46,75.8953714918539,41.9048591578881,1,3162,5000
1,200,57.663293274299,47,96.0442808877807,43.726549494148,1,3162,5000
1,200,56.663293274299,46,94.6110159138342,42.9600566053796,1,3162,5000
1,200,60.663293274299,50,99.5233813914422,47.0377710182607,1,3162,5000
1,200,57.0608989563567,52,86.3730492815569,45.785573000722,1,3162,5000
1,200,65.3954459203036,51,116.009966490273,47.5287836945743,1,3162,5000
1,200,47.5994939911448,46,63.0601898606217,41.1908429283004,1,3162,5000
1,200,69.243595825427,49,122.761154478749,48.9079365786861,1,3162,5000
1,200,46.6426538357278,46,60.7764586213204,40.9067954334646,1,3162,5000
1,200,64.6613957410921,48,117.83497737656,45.3575896472747,1,3162,5000
1,200,57.0974383301708,49,87.1125279976535,44.7493480482544,1,3162,5000
1,200,48.9993674889311,47,63.6838617153451,42.9751782419558,1,3162,5000
1,200,52.0820419565676,48,74.9763315497867,42.8861670969088,1,3162,5000
1,200,50.9981024667932,45,76.6643452494842,41.1743072988201,1,3162,5000
1,200,52.1230629348514,46,82.271092663907,40.9088614811113,1,3162,5000
1,200,44.9987349778621,41,62.0844640313294,38.0074821633134,1,3162,5000
1,200,55.9974699557242,48,81.7954013822061,45.2207914306986,1,3162,5000
1,200,56.2461258697027,44,95.8900567849362,41.4053951783581,1,3162,5000
1,200,68.243595825427,48,126.949237272457,46.2212960959869,1,3162,5000
1,200,66.9943074003795,49,120.573139367947,46.761258701702,1,3162,5000
1,200,57.7478652751423,51,85.2884676783678,46.8993468687536,1,3162,5000
1,200,48.3329116592874,47,63.7435228263079,41.5713329826285,1,3162,5000
1,200,47.0826744676365,45,66.8408103201899,39.5151725381954,1,3162,5000
1,200,52.0820419565676,48,76.6533589549631,42.78812334459,1,3162,5000
1,200,60.9968374446553,51,94.0760471193137,48.0047578509181,1,3162,5000
0.996,200,79.2404332700822,49,151.603850971011,50.1334208634843,1,3162,5000
1,200,61.4960468058191,49,101.804414383289,45.9044829053216,1,3162,5000
1,200,59.663293274299,49,97.448497333137,46.4639938543261,1,3162,5000
1,200,58.1217979127135,48,97.0183389442336,43.9338670909762,1,3162,5000
1,200,55.9971537001898,47,83.4390695764914,44.6997432007798,1,3162,5000
1,200,45.6658233185747,43,61.274641356184,39.2800177002701,1,3162,5000
1,200,61.4957305502846,48,108.262986169123,45.3444417352201,1,3162,5000
1,200,49.165348935273,45,74.5335382057393,40.2101142124861,1,3162,5000
1,200,76.9898798228969,45,140.21220728969,52.2384564990512,1,3162,5000
1,200,49.0826744676365,47,68.7515126866159,41.3842214152686,1,3162,5000
1,200,55.1640839131351,47,87.2312781616141,42.6438018807792,1,3162,5000
1,200,50.4992093611638,48,67.6906035478977,43.5469760969173,1,3162,5000
1,200,52.0615314674257,49,75.720465234518,42.8132598792576,1,3162,5000
1,200,50.4992093611638,48,69.6545112771995,43.2869037503177,1,3162,5000
1,200,50.9981024667932,45,77.082782066868,41.5927441162038,1,3162,5000
1,200,56.1640839131351,48,90.2209120002661,44.3841472943837,1,3162,5000
1,200,47.1240117014548,44,66.7608836410236,39.1686635271716,1,3162,5000
0.999,200,69.4922517394054,45,123.200058094071,48.7223541092512,1,3162,5000
1,200,55.1230629348514,49,82.2649616799261,44.6762203769533,1,3162,5000
0.999,200,63.9962049335863,52,94.0443333788642,49.4732022382359,1,3162,5000
1,200,59.2461258697027,47,98.8954862670427,44.4108246604645,1,3162,5000
0.9995,200,59.2461258697027,47,100.043799419288,45.058347173874,1,3162,5000
0.998,200,73.9920936116382,49,137.055600860133,50.7063361542511,1,3162,5000
1,200,51.9981024667932,46,79.3757003605564,42.3864530487285,1,3162,5000
1,200,48.1240117014548,45,68.1909145558806,40.1985046887079,1,3162,5000
1,200,64.4960468058191,52,109.022374445195,49.0400847551256,1,3162,5000
0.9995,200,69.4922517394054,45,117.106208668633,49.3763699589558,1,3162,5000
1,200,54.1640839131351,46,86.4041261491245,41.8166498682896,1,3162,5000
1,200,46.4992093611638,44,66.4836335160274,38.9910655210875,1,3162,5000
1,200,49.4985768500949,45,71.3889325146456,40.8973132863091,1,3162,5000
1,200,49.1240117014548,46,69.1802906845489,41.1878808173762,1,3162,5000
0.941,200,122.977229601518,51,230.273930061877,77.7202931232305,1,3162,5000
1,200,59.2461258697027,47,100.534035208151,44.1493419760198,1,3162,5000
1,200,55.1640839131351,47,90.6120536382877,42.62565262627,1,3162,5000
0.989,200,86.988614800759,51,170.825289025054,54.4429097292501,1,3162,5000
1,200,56.9971537001898,48,87.2298819118434,45.7407927277827,1,3162,5000
1,200,49.6658233185747,47,64.4534227381141,43.4587990822001,1,3162,5000
1,200,46.1246442125237,45,61.4524527451169,40.4578290892029,1,3162,5000
1,200,51.9974699557242,44,75.0588151464753,42.7341261310842,1,3162,5000
1,200,46.9987349778621,43,66.1504719622213,39.8248341802268,1,3162,5000
0.9665,200,109.480866540164,49,214.448179055193,69.0759199364916,1,3162,5000
1,200,51.2492884250474,49,71.3145420891793,43.22216384756,1,3162,5000
1,200,60.9968374446553,51,97.7393578185995,47.6548859653421,1,3162,5000
1,200,57.4960468058191,45,90.4354961623241,44.4494114058408,1,3162,5000
1,200,53.9971537001898,45,86.5447988567111,42.0569746947883,1,3162,5000
0.9865,200,96.9841872232764,47,176.594626819222,61.3782289697599,1,3162,5000
0.999,200,67.1202166350411,52,114.995549661526,49.5156318879645,1,3162,5000
1,200,49.9990512333966,47,69.4384461078208,42.2794222832372,1,3162,5000
1,200,49.5988614800759,46,71.1588473506069,40.8332095686124,1,3162,5000
1,200,67.4922517394054,43,115.215172310134,46.1357605454279,1,3162,5000
1,200,46.9987349778621,43,61.9317526516521,40.0624057193307,1,3162,5000
1,200,44.9993674889311,43,57.0039253571052,39.2585901262387,1,3162,5000
1,200,43.4995256166983,42,55.1616122575374,38.1663560905545,1,3162,5000
1,200,53.1230629348514,47,77.4332192306097,42.6923115772258,1,3162,5000
1,200,56.9971537001898,48,88.7493458251132,45.7616797909576,1,3162,5000
1,200,53.9981024667932,48,78.768785403458,44.6786209505801,1,3162,5000
1,200,49.9981024667932,44,75.7540885747982,40.2640506241341,1,3162,5000
0.9995,200,78.9898798228969,47,136.30901410302,53.9995053532838,1,3162,5000
1,200,50.0826744676365,48,70.1859802500501,42.7936968850912,1,3162,5000
1,200,56.9974699557242,49,87.4183036166051,45.4306375824495,1,3162,5000
1,200,63.1202166350411,48,119.185301541669,44.3734208754237,1,3162,5000
1,200,49.9990512333966,47,71.28259897104,41.8903156060811,1,3162,5000
1,200,46.3329116592874,45,61.8536009979933,39.984254065672,1,3162,5000
0.999,200,66.3954459203036,52,119.406870512634,48.0285023911919,1,3162,5000
1,200,53.9974699557242,46,85.4284286265223,42.4407625923667,1,3162,5000
1,200,57.663293274299,47,96.9307069134778,43.5460136813462,1,3162,5000
1,200,51.9971537001898,43,83.7092314820462,40.3053468098978,1,3162,5000
1,200,46.4992093611638,44,63.3639659152147,39.1200538342532,1,3162,5000
1,200,52.3316466371495,47,82.6279976805731,41.8905688380684,1,3162,5000
1,200,65.6613957410921,49,119.366514995798,47.5132970957343,1,3162,5000
1,200,50.4985768500949,46,72.2558781750424,41.3884287759279,1,3162,5000
1,200,48.9996837444655,48,66.3326362879695,42.5885660792408,1,3162,5000
1,200,50.165348935273,46,69.8231821790948,41.8307723119221,1,3162,5000
1,200,49.2480234029096,43,74.9373911966758,39.3473848715651,1,3162,5000
0.988,200,99.9841872232764,50,182.197136081274,66.8567265303568,1,3162,5000
1,200,48.4992093611638,46,68.4967678403575,41.1294765690102,1,3162,5000
1,200,54.1230629348514,48,78.7277590072897,43.8871992349937,1,3162,5000
1,200,54.5699828318424,50,79.8744032955492,45.1334956421653,1,3162,5000
0.996,200,85.988614800759,50,157.373044295949,60.2755980593895,1,3162,5000
1,200,50.9981024667932,45,77.2383484414289,41.3317755972375,1,3162,5000
0.9885,200,87.988614800759,52,171.216519710971,56.834140415167,1,3162,5000
0.985,200,97.9841872232764,48,182.126803969634,65.8101214901911,1,3162,5000
0.9995,200,67.9943074003795,50,131.312948740078,46.922346800377,1,3162,5000
1,200,49.1240117014548,46,70.0615248730357,40.9691466314165,1,3162,5000
1,200,52.2480234029096,46,78.1844527573843,42.3192171470111,1,3162,5000
1,200,43.1666139574109,43,52.5376924233269,39.0406968509043,1,3162,5000
0.9995,200,61.4957305502846,48,113.774513058553,45.0446743488753,1,3162,5000
1,200,52.1230629348514,46,82.3109109970646,41.4663731819386,1,3162,5000
1,200,53.4985768500949,49,78.9092065758248,44.4188523696262,1,3162,5000
1,200,49.2480234029096,43,74.2797373976876,39.4145017873144,1,3162,5000
1,200,54.9974699557242,47,86.082101877348,43.7195544390178,1,3162,5000
0.981,200,107.480866540164,47,195.731004107933,65.2700616664408,1,3162,5000
1,200,51.4985768500949,47,72.2804140151629,42.9128064882812,1,3162,5000
1,200,56.1640839131351,48,86.9792763928421,44.82531265681,1,3162,5000
1,200,53.3979759645794,47,84.5283591204668,42.0405349585439,1,3162,5000
0.9975,200,69.1602888467215,49,132.597457924791,48.122283984247,1,3162,5000
1,200,51.9990512333966,49,71.3195315287002,44.326805405993,1,3162,5000
1,200,50.9981024667932,45,76.0458544128942,41.722430419641,1,3162,5000
1,200,54.9974699557242,47,87.4687738163948,43.2308705905884,1,3162,5000
0.995,200,81.2404332700822,51,154.252356763884,54.1818001541432,1,3162,5000
1,200,48.9993674889311,47,63.2043503939703,42.7095686102891,1,3162,5000
1,200,47.9987349778621,44,65.4804247778681,40.5703731227975,1,3162,5000
1,200,58.4985768500949,54,80.3044009658405,48.7461361545396,1,3162,5000
1,200,52.5988614800759,49,72.380822848551,44.5133734494365,1,3162,5000
1,200,51.9981024667932,46,78.7394454040353,42.4160214107821,1,3162,5000
0.997,200,74.9920936116382,50,144.657122525834,51.1844786295656,1,3162,5000
1,200,49.1240117014548,46,69.3860452675731,41.2936670259538,1,3162,5000
1,200,59.4960468058191,47,105.880354341945,44.0653111203552,1,3162,5000
1,200,52.9971537001898,44,84.7392987871538,41.3520755107464,1,3162,5000
1,200,47.4998418722328,47,62.3962104676503,41.4012705562019,1,3162,5000
1,200,59.663293274299,49,97.9646979177961,46.4797200556836,1,3162,5000
1,200,51.5988614800759,48,70.0178531834736,43.5249689329992,1,3162,5000
1,200,49.1424957079606,48,65.3438580102382,42.4751435889858,1,3162,5000
1,200,48.4992093611638,46,68.6367175904278,41.3937542760697,1,3162,5000
1,200,48.5988614800759,45,70.2347437732799,40.2429664171762,1,3162,5000
1,200,41.1666139574109,41,48.6631536568929,37.3321395308123,1,3162,5000
0.973,200,108.480866540164,48,207.033618283084,68.1586709923396,1,3162,5000
1,200,56.9974699557242,49,84.1665595459885,46.1097178845927,1,3162,5000
0.9995,200,65.6613957410921,49,114.620998580019,47.2413654364389,1,3162,5000
1,200,52.1640839131351,44,83.7774794661996,39.6901613131319,1,3162,5000
1,200,48.6658233185747,46,66.3393835731918,42.3457086838813,1,3162,5000
1,200,55.1640839131351,47,86.0673631771799,43.5789065041881,1,3162,5000
1,200,49.9990512333966,47,69.4668542157051,42.2238909013471,1,3162,5000
1,200,68.4922517394054,44,114.213421016874,47.9818429017575,1,3162,5000
0.9995,200,66.1202166350411,51,116.206853425668,48.7263031410381,1,3162,5000
1,200,50.5988614800759,47,72.4222733495728,42.0966355675783,1,3162,5000
1,200,48.6658233185747,46,63.508489554657,42.5141821542775,1,3162,5000
1,200,43.4995256166983,42,57.9983319353458,38.0040245349663,1,3162,5000
1,200,49.4985768500949,45,74.0176844797283,40.4276781546176,1,3162,5000
1,200,64.9943074003795,47,104.092174013992,49.2326310032391,1,3162,5000
1,200,57.2461258697027,45,96.9797986705973,42.281235374311,1,3162,5000
1,200,70.4922517394054,46,118.74126227404,50.2616607560139,1,3162,5000
0.9995,200,68.243595825427,48,122.530883238728,48.5530211261407,1,3162,5000
0.998,200,75.4928842504744,53,135.242861281527,53.2672129576817,1,3162,5000
1,200,50.4985768500949,46,73.4992943193541,41.6081178487659,1,3162,5000
1,200,58.1217979127135,48,95.4405889744159,43.5278077328871,1,3162,5000
1,200,49.9981024667932,44,74.7348300897375,40.4114060964843,1,3162,5000
1,200,65.1202166350411,50,108.881917399123,47.9002602201222,1,3162,5000
1,200,55.3979759645794,49,86.3446922937956,44.3554449819676,1,3162,5000
1,200,43.3998734977862,43,54.7602137175838,38.5140878478811,1,3162,5000
0.954,200,121.977229601518,50,226.673048078999,80.6167229683092,1,3162,5000
1,200,43.1249604680582,43,52.585489506999,38.98852556013,1,3162,5000
1,200,59.4957305502846,46,105.804032065487,43.1713154304464,1,3162,5000
1,200,53.8984503478811,49,78.9155042692301,44.5914477649079,1,3162,5000
1,200,49.5988614800759,46,74.9436896099076,41.0784539995344,1,3162,5000
1,200,51.4988931056293,48,76.2437453807496,42.653739055639,1,3162,5000
0.9995,200,62.4957305502846,49,109.32981091433,45.8483118630965,1,3162,5000
1,200,52.165348935273,48,72.9037147933232,44.0362653942088,1,3162,5000
1,200,47.1240117014548,44,67.5072093153883,39.5154319592846,1,3162,5000
1,200,48.7851495436884,47,67.7319619723741,41.4063241903796,1,3162,5000
1,200,48.0826744676365,46,68.0041828788101,40.1107926194806,1,3162,5000
0.999,200,67.8946552814674,51,125.660007671122,48.4319083668841,1,3162,5000
0.9635,200,110.480866540164,50,217.363050344493,71.0318122040752,1,3162,5000
1,200,54.1640839131351,46,85.4291608461843,42.0666134078542,1,3162,5000
1,200,48.1240117014548,45,67.9878362048269,39.8954579632077,1,3162,5000
1,200,56.0974383301708,48,93.1858294247224,43.201009690377,1,3162,5000
1,200,57.4960468058191,45,89.6462916243424,45.1584674624196,1,3162,5000
1,200,51.2480234029096,45,77.0455577870395,41.5552035808409,1,3162,5000
1,200,51.2480234029096,45,76.2791719095662,41.413936299193,1,3162,5000
1,200,64.9943074003795,47,103.929147917357,49.9443281830116,1,3162,5000
1,200,50.9971537001898,42,79.0947845187268,39.1052209513644,1,3162,5000
1,200,54.1640839131351,46,86.3160544211457,41.9535069828155,1,3162,5000
1,200,59.2461258697027,47,98.2460554143701,44.7613938077919,1,3162,5000
1,200,57.0974383301708,49,95.8465609187879,44.2622471932977,1,3162,5000
1,200,53.0820419565676,49,79.6120281240702,43.6227808122422,1,3162,5000
1,200,66.243595825427,46,120.538742681508,44.2273363985648,1,3162,5000
0.999,200,76.9898798228969,45,133.781450576602,52.4719418268651,1,3162,5000
1,200,54.8984503478811,50,75.3436440756964,46.1013132724074,1,3162,5000
1,200,59.2461258697027,47,98.3100031052169,44.8256577541733,1,3162,5000
1,200,57.663293274299,47,95.8433688307296,43.6089444158023,1,3162,5000
1,200,52.1230629348514,46,83.3980632466203,41.4103972124647,1,3162,5000
1,200,50.5988614800759,47,73.4458474737064,42.3544179986906,1,3162,5000
0.9895,200,96.9841872232764,47,178.151668006454,62.6853492208756,1,3162,5000
1,200,59.3306978705461,51,92.9637081667215,46.3697237987808,1,3162,5000
1,200,55.1640839131351,47,86.1385725253375,43.7760250870073,1,3162,5000
1,200,55.4960468058191,43,82.4792466271724,42.9904736986461,1,3162,5000
1,200,55.3316466371495,50,79.3296479434491,44.9392621116971,1,3162,5000
1,200,61.1217979127135,51,99.4681100519973,47.483290317652,1,3162,5000
0.999,200,70.9920936116382,46,133.359043612956,45.0511161408918,1,3162,5000
1,200,59.4957305502846,46,106.307709544046,42.4926663224564,1,3162,5000
1,200,50.9981024667932,45,76.6523920259681,41.3289680327149,1,3162,5000
1,200,60.9943074003795,43,106.540713239153,44.559372315687,1,3162,5000
1,200,56.1640839131351,48,90.9220792150462,44.0609549266212,1,3162,5000
1,200,47.5988614800759,44,73.2949717925477,39.3047757141163,1,3162,5000
1,200,51.4985768500949,47,76.279834516716,42.6898281916053,1,3162,5000
1,200,49.9990512333966,47,71.3141182659847,42.2217400243655,1,3162,5000
1,200,59.663293274299,49,96.4760536119303,45.8247780479412,1,3162,5000
1,200,49.5988614800759,46,72.4206210217375,41.5541203892265,1,3162,5000
0.9935,200,92.9857685009488,48,164.208337899367,61.404679877018,1,3162,5000
1,200,48.1424957079606,47,62.6003226632544,41.7059836373214,1,3162,5000
1,200,44.4998418722328,44,55.2216884793568,39.8506021415959,1,3162,5000
1,200,61.4957305502846,48,107.073309265563,45.0916520865621,1,3162,5000
1,200,46.9987349778621,43,67.0145813925974,39.6472901212501,1,3162,5000
0.9995,200,65.6613957410921,49,116.829161324036,47.5152249968173,1,3162,5000
0.9995,200,78.9898798228969,47,132.710726418538,55.7322317948819,1,3162,5000
0.9995,200,60.4957305502846,47,106.173392924316,44.4397591482247,1,3162,5000
1,200,49.9981024667932,44,68.4032994664129,42.4108895992402,1,3162,5000
1,200,55.9971537001898,47,87.0827754235223,44.8448721977158,1,3162,5000
1,200,59.2461258697027,47,102.23364022579,43.5366582071762,1,3162,5000
1,200,48.3329116592874,47,63.7537591550644,41.9260657120958,1,3162,5000
1,200,49.5988614800759,46,68.8538927995249,41.0280968897632,1,3162,5000
1,200,52.9990512333966,50,69.5221291357542,45.6784068081134,1,3162,5000
1,200,53.0615314674257,50,72.9343387500337,44.2748405421483,1,3162,5000
1,200,48.1424957079606,47,65.3303218982913,41.5035772219262,1,3162,5000
1,200,54.1230629348514,48,83.9987536789549,43.6765947078396,1,3162,5000
1,200,45.5623221062619,45,60.507744352517,39.6127728155151,1,3162,5000
1,200,54.1640839131351,46,86.2817974418441,41.6943211610092,1,3162,5000
1,200,54.3979759645794,48,79.1968155350805,43.8560976350173,1,3162,5000
1,200,44.0624802340291,44,57.7761824296206,38.7818750292411,1,3162,5000
0.973,200,92.2366382036686,50,200.359932947081,55.0286948066637,1,3162,5000
1,200,52.4988931056293,49,76.4979197477693,43.9079134226586,1,3162,5000
1,200,58.9968374446553,49,96.1536591778166,45.293483655995,1,3162,5000
0.9915,200,97.9841872232764,48,177.487829447438,62.0208781507899,1,3162,5000
0.999,200,69.4922517394054,45,120.807242599558,49.0774038898803,1,3162,5000
1,200,49.1240117014548,46,69.2169559650563,41.3911600552945,1,3162,5000
0.9995,200,66.1202166350411,51,113.131142675353,48.3975088992619,1,3162,5000
1,200,60.4960468058191,48,105.194978055317,44.3799348337274,1,3162,5000
1,200,50.1240117014548,47,69.8619032709145,42.6195724676255,1,3162,5000
1,200,55.1230629348514,49,80.0768850902429,44.8380330978331,1,3162,5000
1,200,56.1230629348514,50,82.4912235532597,45.8934441189053,1,3162,5000
1,200,63.9949399114484,48,110.441053372953,46.9595543217197,1,3162,5000
0.9985,200,69.9943074003795,52,116.28897879649,50.8804670046762,1,3162,5000
1,200,51.165348935273,47,71.754972078213,42.8875226790985,1,3162,5000
1,200,55.9971537001898,47,84.5595627623227,44.5699991949602,1,3162,5000
1,200,52.8984503478811,48,74.0414407680794,44.0480821343033,1,3162,5000
1,200,58.663293274299,48,97.7392205581471,44.7544008238017,1,3162,5000
1,200,53.0615314674257,50,78.6148721764211,44.0997672097032,1,3162,5000
1,200,45.6658233185747,43,63.1245493635357,39.1308744742252,1,3162,5000
1,200,62.4957305502846,49,110.000125249083,46.0191005811509,1,3162,5000
1,200,49.1424957079606,48,63.666817266186,42.7971540783302,1,3162,5000
1,200,60.2461258697027,48,96.6497938276349,46.3314299229332,1,3162,5000
1,200,48.165348935273,44,71.7350285609495,39.4103395455584,1,3162,5000
1,200,53.1230629348514,47,85.4586170294507,42.371298876383,1,3162,5000
1,200,49.5988614800759,46,71.2369449033287,41.3694955042142,1,3162,5000
0.941,200,120.977229601518,49,222.925136688089,75.0408184446628,1,3162,5000
1,200,62.4960468058191,50,109.056412810232,47.3227790341405,1,3162,5000
0.9995,200,56.1217979127135,46,98.2556460488366,41.3976843157563,1,3162,5000
1,200,55.3979759645794,49,80.2234431462252,45.0544158578905,1,3162,5000
1,200,52.2480234029096,46,77.4656512155831,42.7613953196763,1,3162,5000
0.9995,200,63.9949399114484,48,109.677725206821,47.3215028791803,1,3162,5000
1,200,48.9993674889311,47,64.4555618659744,42.9607800822932,1,3162,5000
1,200,55.9974699557242,48,85.1453950385046,44.8226035563203,1,3162,5000
1,200,57.663293274299,47,95.9020317883874,44.1671329901584,1,3162,5000
1,200,58.1217979127135,48,97.2332904104636,43.8485971783321,1,3162,5000
1,200,57.663293274299,47,92.3711615504718,44.259167559327,1,3162,5000
1,200,51.5988614800759,48,76.0710096617634,43.4797383145149,1,3162,5000
1,200,61.9943074003795,44,101.206733823812,46.1222619705543,1,3162,5000
1,200,61.9949399114484,46,109.121787613294,44.3906838814782,1,3162,5000
1,200,55.9971537001898,47,88.7149139859988,44.7272479518433,1,3162,5000
1,200,48.6658233185747,46,66.298116298549,42.0538879620531,1,3162,5000
1,200,58.663293274299,48,97.1722785604788,45.330587045163,1,3162,5000
1,200,48.165348935273,44,67.565100083425,39.7393041736632,1,3162,5000
1,200,58.2461258697027,46,97.3437257978607,44.2592539446033,1,3162,5000
1,200,50.4992093611638,48,71.3686465525009,43.2762683108817,1,3162,5000
1,200,50.9981024667932,45,75.5259457902247,41.5357497117933,1,3162,5000
1,200,50.4985768500949,46,74.2455568382416,41.7555188875774,1,3162,5000
1,200,56.9974699557242,49,89.5119373271747,45.6242396674656,1,3162,5000
1,200,50.4985768500949,46,72.4839704608717,41.6168373172917,1,3162,5000
1,200,46.1246442125237,45,60.5205930524808,40.5259693965669,1,3162,5000
1,200,60.663293274299,50,93.3907142217016,47.6532853791969,1,3162,5000
1,200,63.4957305502846,50,110.318626541366,47.5035833197767,1,3162,5000
1,200,54.1640839131351,46,88.6083053251066,42.271382491457,1,3162,5000
1,200,58.2461258697027,46,96.5256307379045,43.2072668332028,1,3162,5000
1,200,61.4960468058191,49,107.038737923902,45.5572388726683,1,3162,5000
0.997,200,85.4871916508539,45,156.219381130181,54.4157231078318,1,3162,5000
1,200,51.5988614800759,48,69.9669546295555,43.6230741741475,1,3162,5000
1,200,43.6664558296437,43,53.6533681169242,39.2822817791633,1,3162,5000
1,200,48.2480234029096,42,74.5905393564953,37.6003432780639,1,3162,5000
1,200,44.0833069787055,44,54.7104129197288,39.3809800713206,1,3162,5000
0.9985,200,69.9943074003795,52,120.801509165292,50.6094291074629,1,3162,5000
0.997,200,79.2404332700822,49,156.950152918681,49.4825691109643,1,3162,5000
1,200,44.6426538357278,44,58.7221873247103,38.8525241368546,1,3162,5000
1,200,56.3979759645794,50,82.7764859670078,45.8692806117474,1,3162,5000
1,200,52.5706153429114,50,74.1812277851765,44.3325786481023,1,3162,5000
1,200,59.4957305502846,46,106.057923101682,42.7010682629727,1,3162,5000
1,200,50.8984503478811,46,75.9137223137418,41.9235262353104,1,3162,5000
1,200,46.9987349778621,43,65.2139011518855,39.888263369891,1,3162,5000
1,200,49.6658233185747,47,66.4380645202077,42.9454965252678,1,3162,5000
1,200,59.9968374446553,50,94.148477767273,46.5776628821792,1,3162,5000
1,200,48.6658233185747,46,67.5812271876851,42.0886591927452,1,3162,5000
1,200,66.9933586337761,46,113.622700711669,48.7413281626495,1,3162,5000
1,200,56.3979759645794,50,80.0035253498235,46.0487160067314,1,3162,5000
1,200,58.0974383301708,50,85.7882226941612,45.6993232634211,1,3162,5000
0.9985,200,67.1202166350411,52,110.522226134045,49.5399364439752,1,3162,5000
0.9895,200,97.9841872232764,48,177.953504691312,61.6130951403949,1,3162,5000
1,200,58.2461258697027,46,97.3032501313339,43.6519745673449,1,3162,5000
1,200,54.1230629348514,48,81.1216265006764,43.6328535721502,1,3162,5000
1,200,58.9952561669829,44,90.0623644799855,44.5748565735972,1,3162,5000
1,200,59.4957305502846,46,106.934712426549,42.4532133753159,1,3162,5000
1,200,43.6664558296437,43,52.8741716618099,39.503085324049,1,3162,5000
1,200,60.4960468058191,48,104.550753163283,44.2352355583912,1,3162,5000
1,200,53.1230629348514,47,83.3983852102563,42.9105610483335,1,3162,5000
1,200,48.165348935273,44,69.6662141612828,39.6747530607135,1,3162,5000
1,200,55.2480234029096,49,81.3307774013145,45.424204557123,1,3162,5000
1,200,51.5988614800759,48,73.34859751396,43.4811481148455,1,3162,5000
0.9995,200,73.9911448450348,46,128.511677255485,52.5325501207607,1,3162,5000
1,200,50.0826744676365,48,68.9904863804617,42.5982030155028,1,3162,5000
1,200,57.663293274299,47,99.2629834068724,43.1800928312874,1,3162,5000
1,200,58.663293274299,48,96.96454449435,45.5798512622184,1,3162,5000
1,200,53.5988614800759,50,74.512947246315,45.7701420597243,1,3162,5000
1,200,53.1640839131351,45,84.155137417328,40.4177085748233,1,3162,5000
1,200,43.6664558296437,43,53.6505688652074,39.2794825274465,1,3162,5000
1,200,52.1230629348514,46,80.9364345863704,41.1971082106588,1,3162,5000
1,200,57.663293274299,47,95.8549450300152,43.9954020192625,1,3162,5000
1,200,47.9987349778621,44,62.8513099775484,40.9569709516154,1,3162,5000
1,200,51.8984503478811,47,77.7551912922741,42.6650268393961,1,3162,5000
1,200,59.663293274299,49,97.4818548974115,45.4970351630661,1,3162,5000
1,200,51.5988614800759,48,72.2256030705395,43.358153671425,1,3162,5000
1,200,51.9990512333966,49,69.0835399261061,44.4234092071518,1,3162,5000
1,200,56.9974699557242,49,88.3369203518252,45.1829566157931,1,3162,5000
1,200,47.9987349778621,44,65.6734911797963,40.8050930140784,1,3162,5000
1,200,49.0826744676365,47,69.852621628647,41.0268257188852,1,3162,5000
1,200,59.2461258697027,47,98.9716888884439,44.8872170351865,1,3162,5000
1,200,52.9981024667932,47,78.9035373637089,43.4131831575103,1,3162,5000
1,200,55.1640839131351,47,86.6906779534439,43.2028537915211,1,3162,5000
1,200,53.8984503478811,49,77.8498101486452,44.7596456957673,1,3162,5000
0.9775,200,102.982605945604,48,196.226470446422,66.1654015027158,1,3162,5000
1,200,56.1640839131351,48,86.2179719019878,45.2303058678322,1,3162,5000
0.9995,200,66.3954459203036,52,109.627544804931,49.2293527324029,1,3162,5000
1,200,69.4922517394054,45,119.212480459455,49.1330686947494,1,3162,5000
1,200,57.0974383301708,49,95.2299506721029,44.3697751502813,1,3162,5000
1,200,45.2499209361164,45,59.1172058266317,40.1225821707177,1,3162,5000
0.997,200,70.1602888467215,50,137.194968514856,46.347759469948,1,3162,5000
1,200,50.1230629348514,44,82.8713302276914,39.3835060657686,1,3162,5000
1,200,52.2480234029096,46,77.1729291131417,42.3076935027685,1,3162,5000
1,200,46.3329116592874,45,61.6231403882476,39.8781214129155,1,3162,5000
1,200,52.8984503478811,48,76.7333406274586,43.6431761745807,1,3162,5000
1,200,47.899715370019,47,61.2216060749214,42.4765870995893,1,3162,5000
1,200,49.0826744676365,47,68.9985315910414,41.6309240641597,1,3162,5000
1,200,47.1240117014548,44,68.8714430720272,38.5038355451455,1,3162,5000
1,200,56.9971537001898,48,88.6157200284191,45.4141523045553,1,3162,5000
1,200,51.2480234029096,45,76.8047538572822,41.8145577788508,1,3162,5000
1,200,50.9981024667932,45,77.3510845681104,40.8607303619118,1,3162,5000
1,200,55.3316466371495,50,84.6621838902003,45.257666706983,1,3162,5000
1,200,45.5994939911448,44,62.041399372352,39.2146546959868,1,3162,5000
1,200,44.7497628083491,44,59.0387052912563,39.169358358935,1,3162,5000
1,200,56.1640839131351,48,86.9153271545422,44.9276611203866,1,3162,5000
1,200,54.9974699557242,47,84.758516127338,43.2706919654152,1,3162,5000
0.989,200,96.9841872232764,47,178.595097911145,63.128779125566,1,3162,5000
1,200,59.1217979127135,49,96.1848227738012,44.8664588690995,1,3162,5000
1,200,61.0801444233607,51,97.7885585322623,46.5538178618006,1,3162,5000
1,200,51.0820419565676,47,75.7198742847228,41.4788085035717,1,3162,5000
0.995,200,86.4871916508539,46,158.12455866879,56.3209006464414,1,3162,5000
0.977,200,89.4881404174573,52,197.013804611661,53.556973492116,1,3162,5000
1,200,56.9974699557242,49,88.3361422841493,45.7474009811765,1,3162,5000
1,200,47.899715370019,47,60.2102965873581,42.3816543777861,1,3162,5000
0.999,200,64.3954459203036,50,118.462564528898,46.0559502702918,1,3162,5000
1,200,49.1424957079606,48,67.9442393446357,42.5519559796768,1,3162,5000
1,200,49.165348935273,45,70.3394274736015,40.3470176064288,1,3162,5000
1,200,48.9974699557242,41,69.5183524223668,40.1510611510195,1,3162,5000
1,200,50.4985768500949,46,75.1049411717958,41.6145869655972,1,3162,5000
0.998,200,72.1602888467215,52,131.40397442175,51.7756853641913,1,3162,5000
1,200,54.1640839131351,46,86.1086330234782,41.3712041809735,1,3162,5000
1,200,58.7478652751423,52,84.4425298518556,48.0965688868244,1,3162,5000
1,200,43.4998418722328,43,54.3477785767936,38.9517001454211,1,3162,5000
1,200,45.5994939911448,44,60.077985963086,39.2496600090484,1,3162,5000
0.995,200,88.4871916508539,48,159.754140124011,59.0331565692989,1,3162,5000
1,200,61.9949399114484,46,108.146179361691,43.9146012465739,1,3162,5000
1,200,50.4985768500949,46,76.0453433257219,41.5549891195233,1,3162,5000
1,200,55.1640839131351,47,85.9738435666785,43.4860194047556,1,3162,5000
1,200,53.3979759645794,47,83.3340044771179,42.4286966550643,1,3162,5000
1,200,58.1405981747538,51,88.700299486524,45.6015574807611,1,3162,5000
1,200,46.899715370019,46,60.2816824319109,41.4533564778734,1,3162,5000
1,200,46.3332279148218,46,60.3271624717001,41.3325388157862,1,3162,5000
1,200,51.9981024667932,46,77.5346801292694,42.2112561360162,1,3162,5000
0.9995,200,65.1202166350411,50,119.329863110141,45.517982443896,1,3162,5000
0.988,200,98.9841872232764,49,181.783171480967,66.8173270786899,1,3162,5000
1,200,46.9987349778621,43,61.3386823485174,40.3443749481379,1,3162,5000
1,200,56.3979759645794,50,86.2689005224662,45.4475321901871,1,3162,5000
0.9995,200,69.4922517394054,45,115.178954270485,49.1976133470189,1,3162,5000
1,200,53.2480234029096,47,78.2052611880073,43.7152232373432,1,3162,5000
0.9995,200,64.6613957410921,48,118.650753019362,46.2730174089887,1,3162,5000
1,200,51.8984503478811,47,74.5992824859921,42.6927096418007,1,3162,5000
1,200,62.4960468058191,50,107.666792573985,46.309937735275,1,3162,5000
1,200,54.9981024667932,49,76.2939314564801,46.2015532148609,1,3162,5000
0.9905,200,85.988614800759,50,168.475079549122,54.0087607635438,1,3162,5000
1,200,52.0820419565676,48,75.9588271254152,42.5684412936631,1,3162,5000
0.9995,200,73.9924098671727,50,145.870076261117,48.3996461535906,1,3162,5000
1,200,56.0974383301708,48,93.8500897887083,43.3651119265957,1,3162,5000
1,200,55.9974699557242,48,88.2783894247977,44.2910396461766,1,3162,5000
1,200,53.1230629348514,47,84.0374560971431,42.0497900629876,1,3162,5000
1,200,43.4998418722328,43,54.3523768956821,38.856330089863,1,3162,5000
1,200,55.3979759645794,49,85.6845033425854,44.1966791806626,1,3162,5000
1,200,61.9968374446553,52,100.366543156199,48.5473886126616,1,3162,5000
1,200,55.9974699557242,48,87.6596536766902,44.29710623836,1,3162,5000
1,200,50.165348935273,46,71.7656865082502,41.8991858757392,1,3162,5000
1,200,61.4957305502846,48,108.159262057274,45.3442188356839,1,3162,5000
1,200,50.9971537001898,42,79.2525641311005,39.2633168192725,1,3162,5000
0.9965,200,79.2404332700822,49,157.132328297748,49.7643966089437,1,3162,5000
0.9995,200,67.9933586337761,47,114.461687383444,51.6234746790069,1,3162,5000
1,200,51.9981024667932,46,76.7070262064829,42.7168301280515,1,3162,5000
1,200,51.4985768500949,47,77.0848447662533,42.2615789007673,1,3162,5000
1,200,53.5699828318424,49,83.1790893075966,43.8556653143434,1,3162,5000
1,200,55.1640839131351,47,87.3708029976193,43.2819035668793,1,3162,5000
1,200,50.8984503478811,46,79.3610704028117,41.0389114316963,1,3162,5000
1,200,48.7851495436884,47,67.7766028550847,41.4509650730902,1,3162,5000
1,200,55.1230629348514,49,82.9019904994076,44.4125850598125,1,3162,5000
1,200,48.2492884250474,46,69.5606957054706,39.9681593360841,1,3162,5000
1,200,48.5988614800759,45,72.1210937698772,40.2536443707627,1,3162,5000
1,200,47.3329116592874,46,62.6695859222249,41.1748041385436,1,3162,5000
1,200,48.4992093611638,46,67.430758489108,41.0634672177608,1,3162,5000
1,200,51.4985768500949,47,71.56283842772,43.0702704327801,1,3162,5000
0.997,200,71.9924098671727,48,144.760536233823,45.3903907562769,1,3162,5000
1,200,70.4922517394054,46,125.098897616977,50.6211936321572,1,3162,5000
1,200,60.2461258697027,48,97.7384215918988,46.3537283597673,1,3162,5000
0.9925,200,89.4871916508539,49,162.995933437811,61.2730523498916,1,3162,5000
1,200,63.4957305502846,50,108.751342727426,47.4358251225348,1,3162,5000
1,200,56.1640839131351,48,86.2208925216148,44.8583450832846,1,3162,5000
1,200,53.8984503478811,49,76.2022345301158,45.3357338976047,1,3162,5000
1,200,62.9949399114484,47,109.139936995839,45.3248937742497,1,3162,5000
0.9945,200,90.4871916508539,50,163.052955217589,64.0829994933637,1,3162,5000
1,200,43.9993674889311,42,58.7894822611706,38.0450957969075,1,3162,5000
1,200,58.663293274299,48,97.4975478950496,45.0119375218681,1,3162,5000
1,200,55.9974699557242,48,88.370099823404,44.2158198318375,1,3162,5000
1,200,49.4992093611638,47,69.5827981638668,42.1738534031668,1,3162,5000
1,200,49.165348935273,45,68.3355344490753,40.3431245819027,1,3162,5000
1,200,55.1640839131351,47,87.5101569052262,43.1476094668961,1,3162,5000
1,200,55.1230629348514,49,85.1416630126916,44.6538388507688,1,3162,5000
1,200,49.1240117014548,46,69.7795304899514,41.1869941205649,1,3162,5000
0.9985,200,69.243595825427,49,123.751029852671,49.8564747187898,1,3162,5000
1,200,56.3979759645794,50,85.0357917961181,45.8815118045516,1,3162,5000
1,200,78.9898798228969,47,142.612400902207,54.1384919838007,1,3162,5000
1,200,48.1240117014548,45,67.4042964813121,40.4118866141394,1,3162,5000
1,200,50.4985768500949,46,75.4317947748185,41.9417568241544,1,3162,5000
1,200,56.663293274299,46,95.4118302790801,42.5522872683274,1,3162,5000
1,200,53.1230629348514,47,83.2685686549722,42.447200322693,1,3162,5000
1,200,58.0974383301708,50,92.331383760709,45.237241265001,1,3162,5000
0.9995,200,57.0974383301708,49,89.4859063863196,44.8487621737959,1,3162,5000
0.9965,200,87.4871916508539,47,153.580776111789,57.6076578322189,1,3162,5000
1,200,53.9981024667932,48,79.1999405237857,44.6253305722782,1,3162,5000
1,200,58.0974383301708,50,92.3454564262936,45.2328299240798,1,3162,5000
0.9965,200,81.2404332700822,51,152.139894096595,53.6694639890679,1,3162,5000
1,200,50.4992093611638,48,69.7009012703872,43.3752634883927,1,3162,5000
1,200,56.1640839131351,48,85.6487450177118,44.6610789835562,1,3162,5000
1,200,50.9990512333966,48,71.2699223920527,43.2771962693456,1,3162,5000
1,200,60.4957305502846,47,107.678919271351,43.6975783478848,1,3162,5000
1,200,58.663293274299,48,97.8872325031426,44.6528080882153,1,3162,5000
0.9885,200,96.9841872232764,47,177.463997747621,61.9976789620418,1,3162,5000
1,200,58.2461258697027,46,96.9874641792918,44.0026444449464,1,3162,5000
1,200,65.9933586337761,45,110.899133070634,48.7915666569719,1,3162,5000
1,200,49.1240117014548,46,69.2251722627582,41.1327940211389,1,3162,5000
1,200,54.9974699557242,47,91.7200722382831,43.2338293540327,1,3162,5000
1,200,60.2461258697027,48,98.3293757576642,46.0110118529625,1,3162,5000
1,200,49.4992093611638,47,67.8092538662239,42.5669230629349,1,3162,5000
1,200,45.5994939911448,44,62.7143071282993,38.9708694306396,1,3162,5000
1,200,48.4985768500949,44,73.1146619755115,39.6246240248474,1,3162,5000
1,200,56.1640839131351,48,94.2856819527925,44.0512575378652,1,3162,5000
1,200,45.899715370019,45,60.0313877617151,40.2860525308486,1,3162,5000
1,200,52.1230629348514,46,84.2275344051509,41.0735706691189,1,3162,5000
1,200,55.9974699557242,48,89.2570899982305,44.6696137173956,1,3162,5000
1,200,50.2480234029096,44,75.9994354102035,40.259476523423,1,3162,5000
1,200,52.4985768500949,48,73.2972428436718,43.7050227298198,1,3162,5000
1,200,53.0820419565676,49,80.0761665238811,43.5021890834425,1,3162,5000
1,200,47.5994939911448,46,62.0810408942878,41.0867334939083,1,3162,5000
1,200,66.243595825427,46,119.850748683241,44.5393424002979,1,3162,5000
1,200,49.0826744676365,47,68.9213778930479,41.5537703661662,1,3162,5000
1,200,51.8984503478811,47,76.7877261790245,42.6975617261466,1,3162,5000
1,200,58.663293274299,48,96.9835976528067,44.8991257995492,1,3162,5000
1,200,55.1640839131351,47,86.691503848714,43.2036796867912,1,3162,5000
1,200,70.4922517394054,46,124.631755051147,50.2540194407736,1,3162,5000
1,200,48.5994939911448,47,62.1161825922235,42.2462031488333,1,3162,5000
1,200,50.5988614800759,47,71.4719787220578,42.5512910921672,1,3162,5000
1,200,48.165348935273,44,73.4843455014533,39.4941494230219,1,3162,5000
1,200,61.9949399114484,46,107.918531112893,45.4370320616598,1,3162,5000
0.9935,200,90.9857685009488,46,172.969177448251,57.5028586626721,1,3162,5000
1,200,48.5988614800759,45,71.2168046509643,40.2243947837917,1,3162,5000
1,200,54.1640839131351,46,89.8289661508062,41.3430395220902,1,3162,5000
1,200,58.3306978705461,50,92.1161266908376,45.8788559761001,1,3162,5000
1,200,42.1249604680582,42,50.5189363458556,38.5220989012003,1,3162,5000
1,200,55.3316466371495,50,80.2803464140507,45.1901819611728,1,3162,5000
0.997,200,79.2404332700822,49,156.238104872124,50.2703629366397,1,3162,5000
1,200,50.9981024667932,45,76.6102624585228,41.7036896143314,1,3162,5000
1,200,54.1230629348514,48,79.2105902883058,43.6205839631951,1,3162,5000
1,200,50.2480234029096,44,72.6973975249239,40.8312131479474,1,3162,5000
1,200,54.7478652751423,48,89.5867034387142,42.9495592261905,1,3162,5000
1,200,52.9981024667932,47,77.8363322176227,43.5122757133006,1,3162,5000
1,200,56.0974383301708,48,86.0505814709396,43.3951945850025,1,3162,5000
1,200,53.1230629348514,47,83.327709958909,42.2403918058413,1,3162,5000
1,200,47.9987349778621,44,63.9738214666915,41.1044745343702,1,3162,5000
1,200,46.9993674889311,45,62.5892577319458,40.8448712676827,1,3162,5000
1,200,45.7497628083491,45,61.1043878161928,40.2100487902598,1,3162,5000
1,200,56.663293274299,46,95.4382887942005,42.1205574005678,1,3162,5000
1,200,50.9987349778621,47,69.2615327549263,44.169154513307,1,3162,5000
1,200,59.1217979127135,49,97.4715305253761,45.1299971378275,1,3162,5000
1,200,52.4988931056293,49,76.4304343641415,43.839163016893,1,3162,5000
1,200,59.2461258697027,47,98.249408611155,44.7647470045769,1,3162,5000
1,200,58.2461258697027,46,96.9020646919834,43.5173714598519,1,3162,5000
1,200,47.4992093611638,45,67.3451784690848,40.0195406870902,1,3162,5000
1,200,47.5988614800759,44,69.359838901627,39.4933382691159,1,3162,5000
1,200,59.2461258697027,47,99.0233972049976,44.4390834795074,1,3162,5000
1,200,61.9943074003795,44,99.9407121444321,46.0811691336795,1,3162,5000
1,200,57.663293274299,47,96.1546540938463,43.232947104599,1,3162,5000
1,200,46.5994939911448,45,61.2492815540508,40.3793021106606,1,3162,5000
1,200,48.4985768500949,44,72.0222582787102,39.5309553059082,1,3162,5000
1,200,54.0820419565676,50,78.2493751145742,45.1592106616962,1,3162,5000
1,200,49.9990512333966,47,72.4552639378959,41.5464773049632,1,3162,5000
1,200,53.1230629348514,47,84.1174956683973,42.1298296342417,1,3162,5000
1,200,62.9949399114484,47,108.584326761117,46.1021951988143,1,3162,5000
1,200,63.9949399114484,48,108.623935425985,47.4759805451078,1,3162,5000
1,200,49.5620058507274,48,69.208898641128,42.2161725184209,1,3162,5000
1,200,56.0974383301708,48,95.0390330497986,43.3877574858096,1,3162,5000
1,200,47.6658233185747,45,62.3691595474346,41.3745358915206,1,3162,5000
1,200,60.1217979127135,50,100.672035597307,46.2870261096411,1,3162,5000
1,200,49.5706153429114,47,69.287949400167,41.630032469954,1,3162,5000
1,200,50.9981024667932,45,77.6562938438727,40.791374489034,1,3162,5000
1,200,55.1640839131351,47,86.1157540970465,43.5282778162116,1,3162,5000
1,200,50.5988614800759,47,70.4349685090976,42.5675191099831,1,3162,5000
0.9975,200,73.9920936116382,49,137.151750328994,50.6772088995186,1,3162,5000
1,200,60.2461258697027,48,99.105295112597,45.8708706976698,1,3162,5000
1,200,52.1230629348514,46,83.1938728728364,41.2062068386808,1,3162,5000
1,200,60.2461258697027,48,95.0800261620508,46.7607134907458,1,3162,5000
1,200,63.0801444233607,53,92.4669034029235,49.7294745604188,1,3162,5000
1,200,61.4957305502846,48,107.476943644148,45.995760848449,1,3162,5000
1,200,54.1640839131351,46,86.239134163661,41.2517843850399,1,3162,5000
1,200,50.1230629348514,44,75.940160885528,39.0761902972928,1,3162,5000
0.9995,200,60.4957305502846,47,106.716978919301,44.8356063702815,1,3162,5000
1,200,50.5988614800759,47,71.394852443074,42.5036759724858,1,3162,5000
1,200,69.243595825427,49,128.373394312828,48.8966390946119,1,3162,5000
0.9995,200,67.9943074003795,50,132.106763662051,45.7988361899867,1,3162,5000
1,200,45.3332279148218,45,57.5831513774685,40.5875789549512,1,3162,5000
1,200,63.9943074003795,46,110.835503411481,48.9541308624615,1,3162,5000
1,200,45.9993674889311,44,61.5424783345507,39.7980918702875,1,3162,5000
1,200,56.663293274299,46,95.1941236271435,41.7094620205654,1,3162,5000
1,200,55.1640839131351,47,86.5548054143387,43.0672975079503,1,3162,5000
1,200,53.1230629348514,47,82.7299039814912,42.340783171877,1,3162,5000
1,200,44.5994939911448,43,60.1244901439339,38.2551432116126,1,3162,5000
1,200,52.9971537001898,44,84.1419641337673,41.4026377580557,1,3162,5000
1,200,53.8984503478811,49,78.1071726535739,44.8670556390261,1,3162,5000
1,200,52.8984503478811,48,77.4282067502987,43.5629711399255,1,3162,5000
1,200,56.1230629348514,50,80.4860008373698,46.1387748502008,1,3162,5000
1,200,52.2480234029096,46,78.1670121026726,42.3017764922994,1,3162,5000
1,200,50.4985768500949,46,75.1444291469606,41.6543911962965,1,3162,5000
1,200,60.1217979127135,50,96.7440126836908,46.2593510771127,1,3162,5000
1,200,49.2480234029096,43,74.9988682896411,39.1336326792679,1,3162,5000
0.9395,200,124.975332068311,47,235.734149840743,71.9494671504623,1,3162,5000
1,200,62.4957305502846,49,108.110009986114,46.6278784238113,1,3162,5000
1,200,62.9943074003795,45,105.16300162561,46.5136235948277,1,3162,5000
1,200,42.9993674889311,41,56.855912112587,37.1099443706515,1,3162,5000
1,200,60.9949399114484,45,107.747551619115,43.1664004489699,1,3162,5000
1,200,59.2461258697027,47,99.4730101660467,43.989929837141,1,3162,5000
1,200,47.6658233185747,45,64.443730160142,41.2001343347151,1,3162,5000
0.999,200,63.1202166350411,48,117.43791231056,43.4600501979735,1,3162,5000
0.9975,200,74.9924098671727,51,143.547435033241,50.1468296297894,1,3162,5000
1,200,54.1230629348514,48,82.2392961726092,43.7502069885485,1,3162,5000
1,200,48.4985768500949,44,74.117105641365,39.6267514351664,1,3162,5000
1,200,53.8984503478811,49,77.100450262394,44.6104123117298,1,3162,5000
1,200,47.1246442125237,46,61.6326183472448,41.6379946913308,1,3162,5000
1,200,55.3979759645794,49,85.7433688406639,44.3808214023337,1,3162,5000
1,200,58.0974383301708,50,91.5605324509211,45.6568059065399,1,3162,5000
1,200,50.5988614800759,47,71.3602566442213,42.6174514576305,1,3162,5000
0.999,200,66.243595825427,46,119.265617009402,43.2871223857464,1,3162,5000
0.999,200,73.9920936116382,49,136.57704475088,51.1034520880082,1,3162,5000
1,200,55.1640839131351,47,85.6632282877712,43.2593436156228,1,3162,5000
0.9995,200,67.243595825427,47,121.507894496652,46.1301588862785,1,3162,5000
1,200,49.0826744676365,47,70.3235904876108,41.4570898550997,1,3162,5000
1,200,68.4922517394054,44,118.987291532635,47.507690014608,1,3162,5000
1,200,75.9898798228969,44,139.026262876495,50.5517214470197,1,3162,5000
1,200,51.9971537001898,43,80.9990389212674,40.0097916094395,1,3162,5000
1,200,51.9981024667932,46,76.1589008158012,42.6688628651371,1,3162,5000
1,200,48.4992093611638,46,67.7259174171774,41.4829541028194,1,3162,5000
1,200,46.3998734977862,46,58.0511578105705,41.6800714728096,1,3162,5000
1,200,53.9971537001898,45,85.4216252979014,42.183722072095,1,3162,5000
1,200,58.2461258697027,46,95.7734709583609,43.1225116499064,1,3162,5000
1,200,63.4960468058191,51,108.951193090846,47.2200893590309,1,3162,5000
1,200,53.0615314674257,50,72.3355982073177,44.6767325105013,1,3162,5000
1,200,48.4985768500949,44,74.037153481917,39.1722341270783,1,3162,5000
0.9985,200,72.243595825427,52,126.511504571744,53.6169494378621,1,3162,5000
1,200,52.4985768500949,48,77.2166855013837,43.7266475507195,1,3162,5000
1,200,49.1240117014548,46,72.4113665684329,41.321202115555,1,3162,5000
0.9995,200,61.4957305502846,48,107.028981980665,45.1104375467623,1,3162,5000
1,200,46.5994939911448,45,62.0383975330186,40.1440585070856,1,3162,5000
0.9995,200,67.9943074003795,50,122.840096404501,47.9455412706199,1,3162,5000
1,200,49.9981024667932,44,71.4086691410838,40.58413825346,1,3162,5000
1,200,54.4988931056293,51,73.5405473304616,45.9483272166096,1,3162,5000
0.988,200,98.9841872232764,49,186.405195265234,63.6084948646439,1,3162,5000
1,200,55.3979759645794,49,85.9355286049651,44.6976253791587,1,3162,5000
1,200,52.2480234029096,46,77.3326321337956,42.2588128211243,1,3162,5000
1,200,51.1240117014548,48,72.0724862140539,43.3299972829976,1,3162,5000
1,200,43.899715370019,43,55.4999534548407,38.6713112452687,1,3162,5000
1,200,52.8984503478811,48,77.8289519520308,43.4771264548068,1,3162,5000
1,200,47.7851495436884,46,65.5024256908335,40.7583554821049,1,3162,5000
0.9995,200,61.4957305502846,48,108.359699187542,45.1281210724246,1,3162,5000
1,200,49.1424957079606,48,65.8222308935822,42.703279280679,1,3162,5000
1,200,49.1240117014548,46,68.3992384722348,41.4068286050621,1,3162,5000
1,200,51.9981024667932,46,77.6447463371773,42.1547083865132,1,3162,5000
1,200,45.7497628083491,45,60.0519422654187,40.1825953330974,1,3162,5000
0.999,200,61.4957305502846,48,108.523178547778,44.5418376243117,1,3162,5000
0.9885,200,99.9841872232764,50,182.456927064885,67.5545116632406,1,3162,5000
1,200,52.1640839131351,44,84.1574970423519,40.1688822415929,1,3162,5000
1,200,44.899715370019,44,56.8090421453797,39.4379558076187,1,3162,5000
1,200,66.6613957410921,50,112.291390222111,48.1418540635613,1,3162,5000
0.997,200,72.9920936116382,48,136.747653717509,49.3570517778079,1,3162,5000
1,200,49.165348935273,45,70.7707422339814,40.9032928348669,1,3162,5000
1,200,59.2461258697027,47,93.2176264671399,45.7307510718205,1,3162,5000
1,200,54.1640839131351,46,85.740553228479,42.0031243859742,1,3162,5000
1,200,54.4960468058191,42,86.7441173873089,41.2566094809205,1,3162,5000
1,200,49.6658233185747,47,68.4886494382386,43.0797046775386,1,3162,5000
1,200,45.4995256166983,44,58.96298415177,39.9686767513905,1,3162,5000
1,200,43.9993674889311,42,58.6458271094997,37.8181336665311,1,3162,5000
1,200,51.1230629348514,45,81.4552962914646,40.8678200106297,1,3162,5000
0.9965,200,74.9920936116382,50,140.050851353553,52.0761517963103,1,3162,5000
1,200,56.1640839131351,48,88.4506866005399,43.9628624386171,1,3162,5000
1,200,52.0826744676365,50,69.9390902638389,44.9034456296411,1,3162,5000
1,200,51.1230629348514,45,81.6703345094999,39.8489661772207,1,3162,5000
1,200,61.4960468058191,49,106.524488274384,46.0429892231506,1,3162,5000
1,200,51.0820419565676,47,76.108755623607,41.5347781831684,1,3162,5000
1,200,56.1640839131351,48,88.3994510662643,43.9116269043415,1,3162,5000
1,200,48.6658233185747,46,63.4093790630679,42.0815274923321,1,3162,5000
1,200,41.9996837444655,41,49.2539420619861,38.5063930423782,1,3162,5000
0.891,200,133.473276407337,49,258.769063859899,78.9894412581699,1,3162,5000
1,200,56.2461258697027,44,96.3420855919249,41.607186793696,1,3162,5000
1,200,59.2461258697027,47,97.3838071276091,45.2993352743517,1,3162,5000
1,200,48.4992093611638,46,67.6056718364407,41.1127875859663,1,3162,5000
1,200,52.9971537001898,44,84.3879633556155,41.1500601298091,1,3162,5000
1,200,46.9993674889311,45,61.8047166668549,40.9353697345336,1,3162,5000
1,200,49.9990512333966,47,71.512853636468,42.0202856415281,1,3162,5000
1,200,40.3998734977862,40,50.9393765479579,35.4433297421388,1,3162,5000
0.9955,200,80.2404332700822,50,152.301580579808,54.4146155787539,1,3162,5000
1,200,47.4992093611638,45,66.6130056631874,40.5206274215682,1,3162,5000
0.9085,200,134.473276407337,50,249.96526956624,79.1834331757703,1,3162,5000
1,200,56.9974699557242,49,88.6039774099653,45.6159951202752,1,3162,5000
1,200,46.9993674889311,45,60.6778267868438,41.0827603731815,1,3162,5000
1,200,55.1640839131351,47,85.9528196816019,44.0651220218928,1,3162,5000
1,200,50.5988614800759,47,69.0741922454645,42.7303117900565,1,3162,5000
0.9995,200,66.6613957410921,50,116.736667138383,48.4227308111641,1,3162,5000
1,200,50.9981024667932,45,78.2771365797529,40.7867823735543,1,3162,5000
0.996,200,80.2404332700822,50,153.761106415501,54.7902019246722,1,3162,5000
1,200,50.5988614800759,47,72.4515455890511,42.5840961899366,1,3162,5000
1,200,54.9971537001898,46,86.6541208593428,43.5668027062752,1,3162,5000
1,200,52.8984503478811,48,76.0412515142302,43.9510870613523,1,3162,5000
1,200,46.6658233185747,44,63.449256133569,40.455264988724,1,3162,5000
0.9565,200,113.979127134725,48,219.38293833039,73.0927211682567,1,3162,5000
1,200,47.3332279148218,47,61.4062107618495,42.4115871059356,1,3162,5000
1,200,63.9949399114484,48,110.544267671405,47.3963127905284,1,3162,5000
1,200,52.5988614800759,49,74.3703933252512,44.479216854663,1,3162,5000
1,200,53.3979759645794,47,81.6336944192564,42.9779912777847,1,3162,5000
1,200,56.7838845215506,51,86.4492331362925,46.4593533133957,1,3162,5000
0.999,200,64.6613957410921,48,116.540220989861,44.562358877274,1,3162,5000
1,200,53.3979759645794,47,83.800298138094,42.4377506997639,1,3162,5000
1,200,57.663293274299,47,95.779303480662,43.7944837463166,1,3162,5000
1,200,52.9971537001898,44,85.3685237219888,40.8810158156004,1,3162,5000
1,200,58.0974383301708,50,95.1665547383824,45.6787305764596,1,3162,5000
1,200,59.1217979127135,49,99.6885631180845,44.6037750092926,1,3162,5000
1,200,50.165348935273,46,75.4131859690043,41.3230215161264,1,3162,5000
1,200,53.0820419565676,49,76.8296300284231,43.7394655755451,1,3162,5000
1,200,46.3329116592874,45,62.6488058597005,39.8220611833353,1,3162,5000
1,200,51.3316466371495,46,83.2625736325085,40.274907598353,1,3162,5000
1,200,51.4985768500949,47,75.1454030673336,42.488434903724,1,3162,5000
1,200,58.4960468058191,46,92.0821463276081,46.094796548987,1,3162,5000
1,200,51.9981024667932,46,77.9810343686538,42.4906801624552,1,3162,5000
1,200,58.2461258697027,46,97.3537289827804,42.8690673762023,1,3162,5000
1,200,54.1230629348514,48,77.4142850934602,43.8165056591059,1,3162,5000
1,200,44.5994939911448,43,59.7887131658308,38.2106244034442,1,3162,5000
1,200,50.9981024667932,45,75.9122120652912,41.588788072038,1,3162,5000
0.999,200,69.1602888467215,49,131.681745241201,47.4577572589116,1,3162,5000
1,200,50.2480234029096,44,76.3252303223171,40.3350342438857,1,3162,5000
1,200,63.9933586337761,43,102.550917138415,46.8160183401855,1,3162,5000
0.9925,200,92.9857685009488,48,170.113904470027,61.3124602364198,1,3162,5000
1,200,46.9993674889311,45,61.895658867391,41.1512724031279,1,3162,5000
0.9995,200,65.243595825427,45,119.644028566534,43.6655339428782,1,3162,5000
1,200,53.0820419565676,49,78.508001951834,43.4178374989561,1,3162,5000
1,200,59.1217979127135,49,96.8262971865807,44.5079332818791,1,3162,5000
0.9995,200,64.6613957410921,48,117.797691536368,45.9444736363049,1,3162,5000
1,200,47.5994939911448,46,63.1174865302124,41.2907418538473,1,3162,5000
1,200,51.1240117014548,48,70.3192767773287,43.493480867567,1,3162,5000
1,200,53.0820419565676,49,75.0046202285203,43.5120522335804,1,3162,5000
1,200,61.4960468058191,49,107.734606906572,45.2531078553391,1,3162,5000
0.9905,200,85.988614800759,50,164.739590747737,54.2732719621585,1,3162,5000
1,200,62.4957305502846,49,109.434853982544,46.9533549313103,1,3162,5000
1,200,51.1230629348514,45,83.3112827068148,40.3236166726592,1,3162,5000
1,200,49.4985768500949,45,74.3060243754894,40.7160180503788,1,3162,5000
1,200,51.2480234029096,45,76.4668240523001,41.4756792072653,1,3162,5000
1,200,47.165348935273,43,66.3404708438124,38.5146749340507,1,3162,5000
1,200,51.4985768500949,47,75.833752939796,42.5096964354738,1,3162,5000
1,200,59.2461258697027,47,97.1192151154144,44.6345535088363,1,3162,5000
1,200,50.2480234029096,44,74.9644091930903,40.0991735827171,1,3162,5000
1,200,51.9981024667932,46,78.0378204540777,42.7143964608245,1,3162,5000
1,200,58.2461258697027,46,96.6979943502894,43.613522497032,1,3162,5000
1,200,53.8984503478811,49,78.8184427464563,44.9285312980059,1,3162,5000
1,200,62.4960468058191,50,107.189616010784,47.2073263207148,1,3162,5000
1,200,58.9952561669829,44,90.711892292495,44.8911564712848,1,3162,5000
1,200,58.4960468058191,46,89.5843322922799,47.0965081303571,1,3162,5000
1,200,57.2461258697027,45,95.6025201423715,41.8676213441425,1,3162,5000
0.896,200,134.473276407337,50,258.928375497381,80.2333248964953,1,3162,5000
1,200,54.1640839131351,46,85.7451001814305,42.1576239005956,1,3162,5000
1,200,52.8984503478811,48,77.8046313252105,43.7144668723326,1,3162,5000
1,200,52.9981024667932,47,79.6590713913298,43.6691915684329,1,3162,5000
0.9995,200,64.1202166350411,49,114.143862159144,45.2881142148049,1,3162,5000
1,200,67.243595825427,47,121.453250581088,46.1418442981449,1,3162,5000
1,200,53.1640839131351,45,84.2883783409511,40.3007123067955,1,3162,5000
0.9985,200,68.1602888467215,48,130.044432599482,45.7365051274184,1,3162,5000
0.975,200,88.1135752688172,52,200.070001354816,50.9022729731409,1,3162,5000
1,200,49.9987349778621,46,69.1909945547888,42.7701487971309,1,3162,5000
1,200,50.9981024667932,45,75.4660668148972,42.4758707364658,1,3162,5000
1,200,51.9981024667932,46,76.9551273986163,42.631703405363,1,3162,5000
1,200,53.4988931056293,50,75.3879168514628,44.5204674523483,1,3162,5000
1,200,50.4985768500949,46,71.9252949874753,41.5996572054808,1,3162,5000
1,200,51.9993674889311,50,70.0362033690285,44.443666999642,1,3162,5000
1,200,58.0974383301708,50,96.368590388008,45.8836125258954,1,3162,5000
1,200,44.7497628083491,44,57.2571517741371,39.3868560752123,1,3162,5000
1,200,55.3979759645794,49,84.5010516968073,44.6364485975031,1,3162,5000
1,200,55.3316466371495,50,79.8927513886293,45.6526343740816,1,3162,5000
1,200,49.5620058507274,48,67.0698872423636,42.2431425659984,1,3162,5000
1,200,56.0974383301708,48,93.7944754189502,42.9342998971285,1,3162,5000
1,200,48.4985768500949,44,73.3334011197266,39.4684817648879,1,3162,5000
1,200,55.9971537001898,47,86.9342232239491,44.3454819209763,1,3162,5000
0.9985,200,71.4922517394054,47,127.984866884971,51.9073526534718,1,3162,5000
1,200,45.899715370019,45,60.1507772207853,40.3230837778167,1,3162,5000
1,200,45.9993674889311,44,60.6174744584438,39.8730879941807,1,3162,5000
1,200,51.165348935273,47,70.2636696969155,43.0197576159541,1,3162,5000
1,200,55.9968374446553,46,80.9500082959662,45.626584302713,1,3162,5000
1,200,55.9971537001898,47,87.6025229353659,44.3646197095595,1,3162,5000
0.9995,200,64.6613957410921,48,116.227774058889,46.247381902026,1,3162,5000
1,200,55.9974699557242,48,84.6415666263504,44.6529518255914,1,3162,5000
1,200,53.1230629348514,47,80.7492874759357,42.260198291875,1,3162,5000
1,200,57.663293274299,47,101.585123747245,43.6018852905723,1,3162,5000
1,200,66.243595825427,46,125.498588128293,45.1890793785562,1,3162,5000
1,200,50.4985768500949,46,75.2833087653268,41.6933024402161,1,3162,5000
1,200,50.0820419565676,46,74.7546074920331,40.6644430391552,1,3162,5000
1,200,62.9949399114484,47,108.872576067864,44.8912351443983,1,3162,5000
1,200,55.9971537001898,47,87.0837170141142,45.0960509799586,1,3162,5000
1,200,45.6658233185747,43,60.3573087540034,39.4456758212604,1,3162,5000
1,200,58.1217979127135,48,95.0485366401171,43.8494989605291,1,3162,5000
1,200,66.243595825427,46,120.282004936787,44.3035103131306,1,3162,5000
0.9995,200,64.6613957410921,48,118.188330711079,45.876924428136,1,3162,5000
0.9995,200,71.9920936116382,47,135.341693369207,46.5326590027723,1,3162,5000
1,200,55.9971537001898,47,86.6084975326107,44.3705943068043,1,3162,5000
1,200,46.8886077728583,46,66.2742534962295,39.8534077385716,1,3162,5000
1,200,58.663293274299,48,96.9018162298701,44.3175025043799,1,3162,5000
1,200,51.4985768500949,47,77.1835700483105,42.3430102760145,1,3162,5000
0.9995,200,67.243595825427,47,121.893442311822,46.249124369591,1,3162,5000
1,200,52.0820419565676,48,76.888955925493,42.7725343568655,1,3162,5000
1,200,43.2499209361164,43,51.6865108876615,39.6896734430062,1,3162,5000
1,200,46.9987349778621,43,63.0009605452396,40.0076019114635,1,3162,5000
1,200,47.4992093611638,45,66.5799904134727,40.212382886591,1,3162,5000
1,200,55.1640839131351,47,86.9217565502146,43.5592091118844,1,3162,5000
1,200,50.165348935273,46,70.6843317077234,41.5919534661042,1,3162,5000
1,200,48.2480234029096,42,73.5448780930921,38.5546820146607,1,3162,5000
1,200,52.1230629348514,46,82.7989344221246,41.3098452380639,1,3162,5000
1,200,45.5994939911448,44,60.0555349988831,39.5601207041329,1,3162,5000
1,200,49.9990512333966,47,70.2101374252658,42.2177275580931,1,3162,5000
1,200,52.2480234029096,46,77.4535497772093,42.5883141668361,1,3162,5000
1,200,50.2480234029096,44,75.7428932101066,40.2528552594425,1,3162,5000
0.9995,200,68.243595825427,48,122.053279588654,47.5752593483003,1,3162,5000
1,200,51.4985768500949,47,72.293533615442,42.800965620502,1,3162,5000
1,200,48.4985768500949,44,65.5395586210694,41.212655816937,1,3162,5000
1,200,49.4985768500949,45,75.1310878141221,40.5410814890114,1,3162,5000
1,200,53.9971537001898,45,85.5679277272334,42.3300245014269,1,3162,5000
1,200,60.4957305502846,47,106.720996843782,43.7393396647817,1,3162,5000
0.999,200,62.4960468058191,50,108.517366201391,47.1191741288626,1,3162,5000
1,200,48.1240117014548,45,68.2600519091104,40.1676736674912,1,3162,5000
1,200,45.7497628083491,45,58.1819176598596,40.3116219609349,1,3162,5000
1,200,46.6658233185747,44,63.0552523526212,39.961609088864,1,3162,5000
1,200,51.2480234029096,45,77.7129178828072,41.2225636766086,1,3162,5000
1,200,52.0820419565676,48,76.2380945049346,42.4971868515507,1,3162,5000
1,200,59.663293274299,49,97.0889804548432,46.2294374440905,1,3162,5000
0.998,200,74.9924098671727,51,135.955394085565,51.4811689116246,1,3162,5000
1,200,53.9974699557242,46,85.6975923254382,42.3350448871081,1,3162,5000
1,200,48.4992093611638,46,68.6497393180985,41.2821317912168,1,3162,5000
1,200,58.4960468058191,46,90.0091462920921,46.021796513471,1,3162,5000
1,200,58.3306978705461,50,95.0439847855646,44.7256208808629,1,3162,5000
1,200,53.2480234029096,47,78.5830355336938,43.5928394552624,1,3162,5000
1,200,44.6658233185747,42,60.2477306262738,38.2527907148254,1,3162,5000
1,200,50.0820419565676,46,74.7424701816838,40.3149124650487,1,3162,5000
1,200,52.2480234029096,46,78.3581732711107,42.2843539584394,1,3162,5000
1,200,56.1640839131351,48,87.625021395785,44.2624739574548,1,3162,5000
1,200,51.4985768500949,47,74.2511629503504,42.8595120964604,1,3162,5000
1,200,53.1640839131351,45,83.8602862596069,41.0395504383967,1,3162,5000
1,200,51.4985768500949,47,76.9687479528016,42.5783621210495,1,3162,5000
1,200,52.1230629348514,46,82.1038801222415,41.116214088086,1,3162,5000
1,200,49.9987349778621,46,68.8798821748906,42.8029003068745,1,3162,5000
0.998,200,78.2404332700822,48,156.254278491486,50.7860621727006,1,3162,5000
1,200,47.7851495436884,46,68.6125577257023,40.4535339011187,1,3162,5000
0.9985,200,69.1602888467215,49,134.503842329979,47.2798543476893,1,3162,5000
1,200,57.663293274299,47,97.9591401242934,43.3078645603044,1,3162,5000
1,200,45.4998418722328,45,59.5652471622341,39.2373955914982,1,3162,5000
1,200,45.1246442125237,44,59.4378689586094,39.5268685369354,1,3162,5000
1,200,51.9971537001898,43,82.8051639706824,40.317656064294,1,3162,5000
1,200,47.7497628083491,47,61.6539648363378,41.9922528397112,1,3162,5000
1,200,54.3979759645794,48,86.6904030967315,43.2032114458776,1,3162,5000
0.9995,200,62.4957305502846,49,109.932991558017,45.9513343790159,1,3162,5000
1,200,62.663293274299,52,100.490904678143,50.0062430715651,1,3162,5000
1,200,51.5988614800759,48,76.2426980398432,43.4194321743572,1,3162,5000
1,200,59.1217979127135,49,95.9256672213403,45.1068289333369,1,3162,5000
1,200,51.9981024667932,46,76.8136523406361,42.9484167302629,1,3162,5000
1,200,61.4957305502846,48,103.093166923185,45.7100549687258,1,3162,5000
1,200,58.2461258697027,46,96.5730438964564,42.2546799917548,1,3162,5000
1,200,52.8984503478811,48,77.8304897563669,43.5064332520447,1,3162,5000
1,200,54.9971537001898,46,83.8136295905369,43.6568195546946,1,3162,5000
1,200,51.4985768500949,47,76.1541655320058,42.6638113258072,1,3162,5000
1,200,59.2461258697027,47,99.0925711475182,45.1077514131728,1,3162,5000
1,200,54.7478652751423,48,79.9600133535391,43.7211613611293,1,3162,5000
1,200,46.6658233185747,44,65.6421100425565,40.1495420476165,1,3162,5000
0.9925,200,81.2404332700822,51,164.897924586483,51.4316058009046,1,3162,5000
0.9995,200,62.0961733080329,50,106.74836328429,45.6586483660644,1,3162,5000
1,200,52.5988614800759,49,72.9314852008411,44.5641939294938,1,3162,5000
1,200,61.9943074003795,44,101.355563533854,44.8709019272763,1,3162,5000
1,200,48.1240117014548,45,67.5390355411296,40.213397759135,1,3162,5000
1,200,50.5699828318424,46,76.5014508936729,40.8444827300634,1,3162,5000
1,200,57.0974383301708,49,87.601938250197,44.3368985425577,1,3162,5000
1,200,61.4960468058191,49,106.709764197172,45.8514862085576,1,3162,5000
1,200,47.1246442125237,46,61.4066151615664,41.4119915056524,1,3162,5000
1,200,52.9968374446553,43,73.4613877880184,42.9688197930785,1,3162,5000
1,200,52.4985768500949,48,78.1296804719652,43.4887411930278,1,3162,5000
1,200,51.4988931056293,48,73.1623834185466,42.2958827860356,1,3162,5000
1,200,47.9993674889311,46,63.6840792102773,41.8573345339121,1,3162,5000
1,200,54.9987349778621,51,79.1870501483731,45.8398241612041,1,3162,5000
1,200,46.9993674889311,45,62.5788869752919,40.7511935323233,1,3162,5000
1,200,55.9974699557242,48,84.5900106551789,44.7260400669436,1,3162,5000
1,200,48.165348935273,44,70.734933595328,39.4102445799369,1,3162,5000
1,200,78.9898798228969,47,140.581647838732,55.1071064092572,1,3162,5000
1,200,69.243595825427,49,122.47493496983,48.1635286868869,1,3162,5000
1,200,51.9981024667932,46,76.6683516404815,42.1783136898173,1,3162,5000
1,200,50.9981024667932,45,75.8990891364028,41.5756651431496,1,3162,5000
1,200,51.9981024667932,46,77.625598045947,42.3015415416248,1,3162,5000
1,200,45.2856239269901,45,59.2415468661524,39.9136952954166,1,3162,5000
1,200,52.9981024667932,47,77.7838434812028,43.4604194879496,1,3162,5000
1,200,51.9971537001898,43,79.1943594877602,40.3307051550593,1,3162,5000
1,200,46.4985768500949,42,71.3656335757959,37.4757221273456,1,3162,5000
1,200,45.899715370019,45,59.3090397646155,40.4387440656908,1,3162,5000
0.98,200,102.982605945604,48,195.915469253656,64.9534199177924,1,3162,5000
1,200,50.4985768500949,46,75.0718380329596,41.2485721674736,1,3162,5000
1,200,67.243595825427,47,121.961834250754,46.1499535845089,1,3162,5000
1,200,56.663293274299,46,94.9595199144039,42.9743839245241,1,3162,5000
1,200,58.1217979127135,48,96.7447620843185,43.8432493286786,1,3162,5000
0.994,200,79.1577588024457,51,149.390327231698,51.5443832089275,1,3162,5000
0.9975,200,73.9920936116382,49,138.406462331832,49.9322371578918,1,3162,5000
1,200,50.2480234029096,44,74.4866469121161,40.6214113017429,1,3162,5000
1,200,54.9971537001898,46,84.1508791087036,43.411552732992,1,3162,5000
1,200,60.9949399114484,45,107.438906017985,43.4566163279156,1,3162,5000
1,200,64.4960468058191,52,104.074416270226,49.3417312607387,1,3162,5000
1,200,63.9933586337761,43,103.072473224075,46.7547418304419,1,3162,5000
1,200,50.165348935273,46,70.5152735958945,42.0227056009545,1,3162,5000
1,200,48.9993674889311,47,64.6066597493299,42.7783337952923,1,3162,5000
1,200,52.1230629348514,46,83.9352030069375,41.0475053472285,1,3162,5000
0.987,200,101.982605945604,47,187.467049491544,63.7530235585901,1,3162,5000
1,200,55.3316466371495,50,79.7167141304074,45.3694881432383,1,3162,5000
1,200,44.3332279148218,44,58.3749660665969,39.3803424106829,1,3162,5000
1,200,52.0820419565676,48,76.8466711662174,42.4562853344653,1,3162,5000
1,200,50.4985768500949,46,75.9776876872605,41.4873334810619,1,3162,5000
1,200,62.4957305502846,49,108.25471139187,46.6883240842583,1,3162,5000
1,200,52.9981024667932,47,77.9799872013142,43.4899492506501,1,3162,5000
1,200,54.9974699557242,47,86.7935012520644,43.3777155829581,1,3162,5000
0.996,200,74.9924098671727,51,149.097045743728,50.6266156362007,1,3162,5000
0.985,200,98.9841872232764,49,180.459347100332,64.493502698055,1,3162,5000
1,200,53.8984503478811,49,76.2225521743196,45.1298576771658,1,3162,5000
1,200,52.8984503478811,48,77.7970787445933,43.9318431342201,1,3162,5000
1,200,48.1240117014548,45,68.9254076452893,40.0996117355275,1,3162,5000
1,200,63.9943074003795,46,102.86645989381,48.006916883057,1,3162,5000
1,200,62.9949399114484,47,115.666597380726,45.3532935645764,1,3162,5000
1,200,52.9974699557242,45,86.0188213555628,41.0311553214072,1,3162,5000
1,200,46.9993674889311,45,61.6888831230611,40.8611896800925,1,3162,5000
1,200,50.9981024667932,45,77.0115375005647,41.5214995499006,1,3162,5000
1,200,63.9943074003795,46,98.1018480429806,48.8648935837776,1,3162,5000
1,200,59.2461258697027,47,98.8943657081397,45.0526741928239,1,3162,5000
0.999,200,72.9920936116382,48,149.635483387423,47.8318253650744,1,3162,5000
1,200,50.4985768500949,46,72.2880621596174,41.5452569730267,1,3162,5000
1,200,49.165348935273,45,69.3106566933852,40.8898109357273,1,3162,5000
0.9995,200,63.0961733080329,51,107.828129389611,47.1324123931354,1,3162,5000
1,200,54.3979759645794,48,85.5420122808145,43.1173008639897,1,3162,5000
1,200,51.2492884250474,49,70.1132261509985,43.0208479093792,1,3162,5000
0.9995,200,66.243595825427,46,119.59060274314,44.6127406305533,1,3162,5000
1,200,61.4957305502846,48,107.890199121763,45.0088265727438,1,3162,5000
1,200,53.3979759645794,47,84.7026212065337,42.2147970446109,1,3162,5000
1,200,51.5988614800759,48,71.3830151749377,43.5155657758232,1,3162,5000
1,200,62.4960468058191,50,108.241823006324,46.9034521741199,1,3162,5000
1,200,48.5620058507274,47,66.2042566349402,41.4601864262115,1,3162,5000
1,200,56.9974699557242,49,87.7065472056422,45.7188811714866,1,3162,5000
1,200,65.243595825427,45,117.965033277518,44.6536269945747,1,3162,5000
1,200,62.4960468058191,50,109.301360030822,46.4199874818028,1,3162,5000
1,200,51.1230629348514,45,76.2348983318776,40.3276929766172,1,3162,5000
1,200,45.899715370019,45,59.2345167299805,40.3642210310558,1,3162,5000
1,200,50.165348935273,46,71.7840374691531,41.7916276019804,1,3162,5000
1,200,50.5988614800759,47,70.487588935058,42.4951790678853,1,3162,5000
1,200,56.9974699557242,49,88.0007430765052,45.1367724882699,1,3162,5000
1,200,50.5988614800759,47,71.2579065487571,42.3657813115654,1,3162,5000
1,200,53.9981024667932,48,78.3784190481724,45.0549950549192,1,3162,5000
1,200,59.663293274299,49,97.0000889721883,46.1399134503667,1,3162,5000
1,200,52.0820419565676,48,77.4831726705019,42.5765998263104,1,3162,5000
1,200,58.9952561669829,44,90.0252097965799,44.5377018901916,1,3162,5000
1,200,53.2480234029096,47,77.1845722139023,43.5945658887916,1,3162,5000
1,200,48.6658233185747,46,64.1662852837013,42.1719778833218,1,3162,5000
0.9995,200,58.1217979127135,48,95.8435442671154,43.8587245327701,1,3162,5000
1,200,52.5988614800759,49,72.4507207147717,44.5835875711917,1,3162,5000
1,200,67.243595825427,47,123.306089463357,46.6617715211264,1,3162,5000
0.998,200,75.9924098671727,52,149.489048750018,52.0186186424908,1,3162,5000
1,200,50.9974699557242,43,76.9170427100276,41.5936187167744,1,3162,5000
1,200,48.1240117014548,45,68.1645233210533,40.1717971983462,1,3162,5000
1,200,55.1640839131351,47,89.2170758528603,42.8545284145301,1,3162,5000
1,200,48.9990512333966,46,71.492963504582,41.000395509642,1,3162,5000
1,200,46.9993674889311,45,60.7220485867645,41.2272668030832,1,3162,5000
1,200,48.1240117014548,45,73.1898861482272,39.6998481975631,1,3162,5000
1,200,45.2492884250474,43,60.6678070625697,38.9234205983065,1,3162,5000
1,200,46.7497628083491,46,61.1417592316183,41.272412299297,1,3162,5000
1,200,55.7478652751423,49,86.8939527881542,44.1565239456495,1,3162,5000
1,200,56.663293274299,46,94.5822188985271,42.5973991641818,1,3162,5000
1,200,55.9974699557242,48,90.9114713285493,44.1743587415791,1,3162,5000
0.981,200,104.982605945604,50,189.620317319038,66.2571294632504,1,3162,5000
1,200,46.9993674889311,45,61.7986264065841,40.9709329636156,1,3162,5000
1,200,52.2492884250474,50,71.0098094925023,44.617209872009,1,3162,5000
1,200,51.4985768500949,47,76.2270912967293,42.4864998988798,1,3162,5000
1,200,48.9987349778621,45,64.8061263189094,42.0617398546462,1,3162,5000
1,200,54.1640839131351,46,84.7875438763453,41.7998778421897,1,3162,5000
1,200,59.1217979127135,49,97.0144772252718,44.6297839931403,1,3162,5000
1,200,56.3979759645794,50,84.636848370859,45.7728777826237,1,3162,5000
1,200,50.4992093611638,48,69.5705654290032,43.577839306296,1,3162,5000
1,200,48.1240117014548,45,70.6899259303184,40.2982750764284,1,3162,5000
0.9985,200,72.9920936116382,48,135.55893852783,50.1683365881299,1,3162,5000
1,200,56.663293274299,46,94.8273258451051,42.9677828343524,1,3162,5000
1,200,45.9993674889311,44,61.5475322252154,39.8025132498833,1,3162,5000
1,200,61.9968374446553,52,97.7400731172214,48.8798975953998,1,3162,5000
1,200,60.9952561669829,46,93.1849887465112,47.3642529253009,1,3162,5000
1,200,59.3306978705461,51,93.8529436029474,46.6156728882099,1,3162,5000
1,200,44.4995256166983,43,57.1124990485979,39.117242881615,1,3162,5000
1,200,56.0974383301708,48,95.9949938439354,43.1354508331827,1,3162,5000
0.9995,200,61.9949399114484,46,109.440457916334,45.0842355886934,1,3162,5000
1,200,54.5699828318424,50,78.1117491392965,45.1569397962044,1,3162,5000
1,200,55.1640839131351,47,87.4665178241283,43.1039703857981,1,3162,5000
1,200,50.9981024667932,45,76.0117284571624,41.5216905064983,1,3162,5000
1,200,49.4992093611638,47,68.5625620500176,42.1949545231358,1,3162,5000
1,200,58.2461258697027,46,96.2614710196041,43.5265722213751,1,3162,5000
1,200,46.6658233185747,44,65.6843486154665,40.09181224608,1,3162,5000
1,200,63.9949399114484,48,111.589396771558,46.7080242225385,1,3162,5000
1,200,48.6658233185747,46,67.8373636795265,42.3447956845866,1,3162,5000
1,200,56.9974699557242,49,86.2850474545484,45.6293443130768,1,3162,5000
0.9855,200,102.982605945604,48,182.164596562792,65.1987521605147,1,3162,5000
1,200,51.9981024667932,46,77.7269211028094,42.4034971095562,1,3162,5000
0.997,200,78.2404332700822,48,155.608133275541,48.1399169567558,1,3162,5000
0.9945,200,88.4871916508539,48,161.411598350577,58.5666030944098,1,3162,5000
1,200,51.9990512333966,49,70.3019144855103,44.5581605323161,1,3162,5000
1,200,48.0826744676365,46,67.9384873710192,40.4462356316138,1,3162,5000
1,200,61.2461258697027,49,101.10624180004,46.6215801934618,1,3162,5000
1,200,55.0608989563567,50,82.9102410716671,44.0641219788687,1,3162,5000
0.995,200,80.9898798228969,49,144.924834281692,57.9014155593644,1,3162,5000
0.997,200,72.9924098671727,49,145.182055547301,46.7116254397743,1,3162,5000
0.993,200,95.9841872232764,46,168.220046067137,60.3772645997109,1,3162,5000
1,200,43.3998734977862,43,55.4096187391758,38.4143625721929,1,3162,5000
0.9995,200,72.9920936116382,48,136.910327037495,48.5197250977945,1,3162,5000
1,200,45.4995256166983,44,59.7470346815608,39.8520631445589,1,3162,5000
1,200,50.4985768500949,46,76.0964601636936,41.6064222130295,1,3162,5000
1,200,46.6658233185747,44,61.4567066831571,39.9622411550104,1,3162,5000
0.9995,200,69.9920936116382,45,132.203834770131,44.3963816813688,1,3162,5000
1,200,69.4922517394054,45,114.823810005723,49.5922318906057,1,3162,5000
1,200,60.9968374446553,51,99.3988169370383,47.5386414152167,1,3162,5000
1,200,49.1240117014548,46,68.9436376516019,40.9509115288947,1,3162,5000
1,200,56.2461258697027,44,95.4889211989097,41.7540224006807,1,3162,5000
1,200,61.9943074003795,44,101.527133769879,45.542630291068,1,3162,5000
0.999,200,66.1202166350411,51,120.482496664,47.6706159977554,1,3162,5000
1,200,57.663293274299,47,97.0887162670803,43.2291732563276,1,3162,5000
1,200,68.4922517394054,44,114.082204159419,47.8506260443021,1,3162,5000
1,200,57.1217979127135,47,100.398314670272,42.3154240946872,1,3162,5000
1,200,53.9981024667932,48,77.8678546897433,44.6277376751955,1,3162,5000
1,200,53.7478652751423,47,87.3712390654649,41.8849961812144,1,3162,5000
1,200,50.2480234029096,44,76.0626746766538,40.1977553218151,1,3162,5000
1,200,44.2856239269901,44,57.1052714064524,39.109698983935,1,3162,5000
1,200,53.1230629348514,47,84.1682804226529,42.4308515801482,1,3162,5000
1,200,51.9981024667932,46,76.8776265805874,42.3875886299233,1,3162,5000
1,200,52.1230629348514,46,83.2482018507441,41.094238114712,1,3162,5000
1,200,50.1240117014548,47,70.0889960636853,42.0965861965127,1,3162,5000
1,200,58.2461258697027,46,97.3558626974715,43.8712010908934,1,3162,5000
1,200,56.4960468058191,44,88.4776248657796,43.6568890445694,1,3162,5000
1,200,59.2461258697027,47,103.017384799749,44.7006021727194,1,3162,5000
1,200,50.9981024667932,45,75.9310530333549,41.4410150826908,1,3162,5000
0.9965,200,78.2404332700822,48,157.823051093748,50.1027000501052,1,3162,5000
1,200,62.9949399114484,47,110.459189694368,45.5778171453483,1,3162,5000
1,200,54.0820419565676,50,77.8717613598444,44.6316443452967,1,3162,5000
1,200,52.1640839131351,44,84.5948836004877,39.7741477792775,1,3162,5000
1,200,59.4957305502846,46,105.572335846247,42.0908367950137,1,3162,5000
1,200,54.1230629348514,48,81.8708073106026,43.3817181265419,1,3162,5000
1,200,52.9981024667932,47,77.8647601988331,43.2747538737224,1,3162,5000
1,200,47.3329116592874,46,65.3709036755807,40.5025055098628,1,3162,5000
1,200,45.9993674889311,44,60.842631498612,40.0149380556434,1,3162,5000
1,200,50.2492884250474,48,69.1725900963131,42.0802118546938,1,3162,5000
0.997,200,78.2404332700822,48,155.580346628459,49.2124149396542,1,3162,5000
1,200,47.6658233185747,45,65.5295116209163,41.0369436259764,1,3162,5000
1,200,49.9981024667932,44,75.8126065970967,40.3225686464326,1,3162,5000
1,200,50.5988614800759,47,74.224711813867,42.3594762034938,1,3162,5000
1,200,63.9943074003795,46,104.148872845039,48.2893298342859,1,3162,5000
0.998,200,83.988614800759,48,151.196399634832,57.307853356105,1,3162,5000
1,200,59.9968374446553,50,99.0168676668448,46.1566921450231,1,3162,5000
1,200,50.1240117014548,47,69.6290104095675,42.3854145841405,1,3162,5000
1,200,50.4985768500949,46,75.266415383376,41.5255077299921,1,3162,5000
1,200,47.1424957079606,46,65.935284766178,40.5430014012191,1,3162,5000
1,200,62.9949399114484,47,109.183491038768,45.826636200058,1,3162,5000
1,200,52.9971537001898,44,81.9022223178832,41.3134810149104,1,3162,5000
1,200,52.9981024667932,47,77.9428119229592,43.6020940228959,1,3162,5000
1,200,54.9971537001898,46,87.0141022699178,42.7761990441114,1,3162,5000
1,200,60.9943074003795,43,100.223731576233,45.2385955863528,1,3162,5000
1,200,48.388449645091,47,66.9267164816081,40.7200886691928,1,3162,5000
1,200,46.9993674889311,45,62.6020850624165,41.1076195342698,1,3162,5000
1,200,54.9971537001898,46,80.7424541815382,44.1537128785654,1,3162,5000
1,200,45.3329116592874,44,63.8701152791269,38.5444774971324,1,3162,5000
1,200,60.4957305502846,47,112.01198853392,43.5320707603585,1,3162,5000
0.997,200,73.5938013915244,54,126.536867602452,53.6413637019667,1,3162,5000
1,200,48.5620058507274,47,68.0549347625699,40.9625565209507,1,3162,5000
1,200,52.0820419565676,48,76.2087051771841,42.8679872771208,1,3162,5000
1,200,50.165348935273,46,72.8495437288849,41.9574184916933,1,3162,5000
1,200,51.165348935273,47,73.7495878589249,42.7581267583557,1,3162,5000
1,200,49.9981024667932,44,76.893616429224,40.5701924359708,1,3162,5000
1,200,50.1240117014548,47,70.4745040196626,42.4827266635589,1,3162,5000
0.9995,200,63.6613957410921,47,118.141679466294,42.6630267148705,1,3162,5000
1,200,59.2461258697027,47,96.496545041468,45.0118834348899,1,3162,5000
1,200,49.4985768500949,45,75.8089964042875,40.3189584536234,1,3162,5000
1,200,51.2480234029096,45,79.9025538858815,41.1632275101699,1,3162,5000
1,200,48.3329116592874,47,63.8438887085907,41.725253351222,1,3162,5000
1,200,53.4988931056293,50,76.465065886159,44.9747116799604,1,3162,5000
1,200,51.9981024667932,46,76.7995573562355,42.9096459077852,1,3162,5000
1,200,52.2480234029096,46,77.5511282238612,42.6858926134881,1,3162,5000
0.9995,200,63.0801444233607,53,101.628868382867,48.6437323929876,1,3162,5000
0.999,200,70.1602888467215,50,134.216675907078,48.867411201196,1,3162,5000
0.9995,200,76.9898798228969,45,139.911118030142,51.1036649413798,1,3162,5000
0.9995,200,61.0974383301708,53,90.1015998288579,49.1764140287314,1,3162,5000
1,200,47.4992093611638,45,67.1330725436546,39.7657812723073,1,3162,5000
1,200,54.9971537001898,46,87.0092209106089,43.522029259755,1,3162,5000
0.999,200,67.1202166350411,52,118.701971185795,49.2214209011651,1,3162,5000
1,200,52.1230629348514,46,79.828355862761,41.4823948977298,1,3162,5000
1,200,66.0961733080329,54,102.88836573257,51.0692111890321,1,3162,5000
1,200,66.243595825427,46,120.172935221266,43.8615289383226,1,3162,5000
1,200,56.1640839131351,48,87.5203634340833,44.1164787619349,1,3162,5000
1,200,55.9971537001898,47,88.5718363990982,44.209288960768,1,3162,5000
1,200,62.9949399114484,47,107.992567762392,44.636345434751,1,3162,5000
1,200,46.1246442125237,45,61.2869963408482,40.2926889404687,1,3162,5000
1,200,48.9990512333966,46,69.1271279979017,41.134718130729,1,3162,5000
1,200,45.6658233185747,43,60.4857033218753,39.4910796659614,1,3162,5000
1,200,55.3979759645794,49,87.2781437089649,44.3894972826525,1,3162,5000
1,200,55.3979759645794,49,83.1627947082417,44.5051940335632,1,3162,5000
1,200,50.4985768500949,46,73.0998253542558,41.8568620398978,1,3162,5000
1,200,48.3329116592874,47,64.6925811864351,41.7982421605022,1,3162,5000
1,200,50.9981024667932,45,77.3322281713088,41.0088041780556,1,3162,5000
1,200,58.2461258697027,46,97.3865108763353,43.40169114199,1,3162,5000
1,200,59.2480234029096,53,84.6753309644544,48.1614910198745,1,3162,5000
0.9975,200,86.4871916508539,46,159.2203353905,56.2494308996717,1,3162,5000
1,200,65.6613957410921,49,116.360999892228,47.8804496075984,1,3162,5000
1,200,70.243595825427,50,124.074872184701,50.2216542846379,1,3162,5000
1,200,46.2492884250474,44,59.2470094006016,40.4183671910296,1,3162,5000
1,200,51.4985768500949,47,76.2670248125969,42.4017892022237,1,3162,5000
1,200,59.663293274299,49,97.4682709818144,47.0464058647999,1,3162,5000
1,200,53.4985768500949,49,75.8736009497877,44.8808748270806,1,3162,5000
1,200,54.3979759645794,48,85.6381519797345,42.8174161585243,1,3162,5000
1,200,48.2480234029096,42,74.2703107007633,38.2801146223319,1,3162,5000
1,200,47.1240117014548,44,67.6696811199525,38.8438852101907,1,3162,5000
1,200,53.1230629348514,47,85.9469537114218,41.7090504856154,1,3162,5000
1,200,59.7478652751423,53,88.4861303866292,48.997357458103,1,3162,5000
1,200,55.1640839131351,47,86.4576568038864,43.4699907697308,1,3162,5000
1,200,57.1640839131351,49,87.9564056641743,45.3689293833394,1,3162,5000
1,200,49.5988614800759,46,74.9771692634446,40.9869731850133,1,3162,5000
1,200,51.4985768500949,47,75.1937065048869,42.7020872765504,1,3162,5000
1,200,56.1640839131351,48,87.5644898709125,44.0760331979207,1,3162,5000
1,200,56.3979759645794,50,84.1275862915319,45.4245954177631,1,3162,5000
1,200,51.9981024667932,46,77.6702653539238,42.5801009010459,1,3162,5000
1,200,50.0826744676365,48,69.668261214553,42.425930411264,1,3162,5000
0.9985,200,81.988614800759,46,144.478699305367,54.6712462166049,1,3162,5000
1,200,51.1240117014548,48,73.5054686158966,43.0129006209567,1,3162,5000
1,200,50.165348935273,46,70.9309700034449,41.9385601362722,1,3162,5000
1,200,50.9981024667932,45,73.3989052712393,41.9066535318339,1,3162,5000
1,200,50.8984503478811,46,74.145000607882,42.2550891594317,1,3162,5000
1,200,53.1230629348514,47,81.8587570216629,42.7698575909229,1,3162,5000
1,200,56.4960468058191,44,87.5686293817706,43.9811531009357,1,3162,5000
1,200,61.9949399114484,46,107.130628404108,44.2492558550884,1,3162,5000
1,200,53.8984503478811,49,76.9266468104625,44.8364823575846,1,3162,5000
1,200,46.1240117014548,43,66.2827979730468,38.1237741484631,1,3162,5000
1,200,54.1640839131351,46,86.4897078403449,41.90223155951,1,3162,5000
1,200,42.0833069787055,42,53.4052095949984,37.3256976827066,1,3162,5000
1,200,58.663293274299,48,97.2518649265082,45.5169661282793,1,3162,5000
1,200,55.1230629348514,49,85.4960047976689,44.3420410616369,1,3162,5000
0.9985,200,72.9920936116382,48,136.470367043663,48.9945605920504,1,3162,5000
1,200,46.9987349778621,43,61.7872035940183,39.7922636825698,1,3162,5000
1,200,56.1640839131351,48,87.3127892157775,44.0739372233677,1,3162,5000
1,200,51.2480234029096,45,77.5932950067706,41.6030989283393,1,3162,5000
0.997,200,74.9920936116382,50,137.514029392563,52.5393298353212,1,3162,5000
1,200,52.5988614800759,49,75.3005296639448,44.5577244773541,1,3162,5000
1,200,51.9981024667932,46,78.4445266599964,41.8545203348857,1,3162,5000
1,200,44.1246442125237,43,57.5116457406843,38.5163895737013,1,3162,5000
1,200,60.1217979127135,50,93.1525211479802,46.8155983143306,1,3162,5000
1,200,50.1240117014548,47,70.6886999192733,42.1964481798678,1,3162,5000
1,200,57.663293274299,47,95.8926726913973,44.5079794592658,1,3162,5000
1,200,51.9981024667932,46,77.1131176867049,42.8730006721571,1,3162,5000
1,200,51.5988614800759,48,73.3319176435021,43.4231310105693,1,3162,5000
0.9985,200,80.988614800759,45,142.766519625758,54.291978196283,1,3162,5000
0.999,200,72.9920936116382,48,140.445841111651,47.6399693005607,1,3162,5000
1,200,43.0999683744466,43,53.7980509569554,38.5519250872526,1,3162,5000
1,200,62.4957305502846,49,107.524972071405,46.709928849815,1,3162,5000
1,200,58.1217979127135,48,96.4663038721451,44.4808516267309,1,3162,5000
0.9985,200,65.1202166350411,50,119.2078796221,46.3546617220365,1,3162,5000
0.986,200,91.2366382036686,49,182.318582914765,54.7570395877571,1,3162,5000
1,200,48.899715370019,48,62.2689306786693,43.6738642650071,1,3162,5000
1,200,56.663293274299,46,95.1213668198372,42.1365470854919,1,3162,5000
1,200,50.9981024667932,45,76.5264852981336,41.0364473474695,1,3162,5000
1,200,63.9962049335863,52,103.247623454203,49.2621712087891,1,3162,5000
1,200,48.5988614800759,45,73.1185085191648,40.2532729087917,1,3162,5000
1,200,55.1640839131351,47,86.6958514792162,42.7059716563193,1,3162,5000
1,200,51.1230629348514,45,82.0962708572065,40.1086048230509,1,3162,5000
1,200,57.3306978705461,49,94.495224516404,44.0105629098259,1,3162,5000
1,200,71.4922517394054,47,120.416595627485,51.1032918113348,1,3162,5000
1,200,46.1246442125237,45,61.3875356847309,40.3929120288169,1,3162,5000
1,200,53.1230629348514,47,85.2736577075364,42.1863395544687,1,3162,5000
1,200,50.1240117014548,47,70.0744964465804,42.0820865794078,1,3162,5000
1,200,61.4957305502846,48,108.101540877314,43.8680652289903,1,3162,5000
1,200,66.1202166350411,51,110.66456235396,48.6829051749594,1,3162,5000
1,200,44.3998734977862,44,55.2626800427698,39.7666332369507,1,3162,5000
0.987,200,100.982605945604,46,193.445709168775,61.9847667272823,1,3162,5000
1,200,44.9993674889311,43,59.673572540925,39.1791070127782,1,3162,5000
1,200,51.8984503478811,47,77.0819961514685,42.9918316985906,1,3162,5000
1,200,49.0826744676365,47,68.1066458693456,41.6140778744057,1,3162,5000
1,200,49.165348935273,45,69.4629903176235,41.0707069526646,1,3162,5000
1,200,53.9981024667932,48,77.1928157749704,44.5348988447574,1,3162,5000
1,200,50.5988614800759,47,70.0967355604876,42.6877907997877,1,3162,5000
1,200,50.2480234029096,44,73.5162663956846,40.6491332521046,1,3162,5000
0.998,200,74.9920936116382,50,138.691230766895,51.8821964004598,1,3162,5000
0.999,200,73.9920936116382,49,137.511465439388,50.203537967324,1,3162,5000
1,200,51.8984503478811,47,77.0314771791826,42.4574997387441,1,3162,5000
1,200,49.9990512333966,47,70.5211450594171,41.8156241413725,1,3162,5000
1,200,47.1246442125237,46,61.6250524128289,41.5304603824684,1,3162,5000
1,200,46.9987349778621,43,61.84322530951,39.9738783771887,1,3162,5000
1,200,51.4988931056293,48,75.0812292600202,42.6908434282682,1,3162,5000
1,200,51.2480234029096,45,73.5836692436159,41.7174848666393,1,3162,5000
1,200,48.1424957079606,47,64.5168373722742,41.6471741844184,1,3162,5000
1,200,48.4985768500949,44,73.8473779018328,39.1067865039833,1,3162,5000
1,200,56.2461258697027,44,94.8044015591586,41.3197399525805,1,3162,5000
1,200,49.0826744676365,47,68.7383752835319,41.3707677566501,1,3162,5000
1,200,53.9971537001898,45,84.5220697047591,42.3681059687271,1,3162,5000
1,200,46.5994939911448,45,62.9685257264151,40.1408322834465,1,3162,5000
1,200,61.4957305502846,48,113.139093713854,44.8026204148566,1,3162,5000
1,200,56.9971537001898,48,86.9788064266074,45.4897172425467,1,3162,5000
1,200,61.4957305502846,48,109.313911270274,44.1659563893972,1,3162,5000
1,200,46.6658233185747,44,60.3272238578406,40.2319993164111,1,3162,5000
1,200,58.2461258697027,46,96.1153323718657,43.5310186463755,1,3162,5000
0.997,200,74.9924098671727,51,149.096852152263,51.2509081294928,1,3162,5000
1,200,49.1240117014548,46,68.2012064019071,41.2087965347344,1,3162,5000
1,200,61.4957305502846,48,106.57990011207,44.2236777844292,1,3162,5000
0.999,200,78.9898798228969,47,143.063025424404,55.5884839949286,1,3162,5000
1,200,54.9971537001898,46,82.1495256642621,43.6604364802014,1,3162,5000
1,200,46.1424957079606,45,64.8142168516197,39.4885790696252,1,3162,5000
1,200,46.3332279148218,46,60.2679948280155,41.2727386610326,1,3162,5000
1,200,55.9974699557242,48,86.1443721179189,44.9872458265422,1,3162,5000
1,200,45.2492884250474,43,63.5430434834104,38.7162988070452,1,3162,5000
1,200,58.663293274299,48,97.4565965361548,44.4717768018094,1,3162,5000
1,200,49.1240117014548,46,68.0711044861538,41.227382158513,1,3162,5000
1,200,52.9971537001898,44,81.3424354848122,41.3535044285187,1,3162,5000
1,200,54.3316466371495,49,83.6309964009579,43.6436466223367,1,3162,5000
1,200,53.1230629348514,47,84.2761923334758,42.3884946737668,1,3162,5000
1,200,54.3979759645794,48,84.9251942896196,43.5626468512894,1,3162,5000
1,200,59.1217979127135,49,98.1125736497817,45.1277539154363,1,3162,5000
1,200,58.0974383301708,50,87.2746548475705,45.7868306856476,1,3162,5000
1,200,51.4985768500949,47,76.3579094660176,42.7012575579425,1,3162,5000
1,200,62.9949399114484,47,109.697969629868,45.8829264082784,1,3162,5000
1,200,48.4992093611638,46,68.4362330490485,41.0686255221668,1,3162,5000
1,200,50.9981024667932,45,76.6301095368898,41.2893916368266,1,3162,5000
1,200,55.1640839131351,47,89.000367685273,42.6810550139679,1,3162,5000
1,200,57.1640839131351,49,88.7759050252913,45.1884287444564,1,3162,5000
1,200,40.0833069787055,40,50.6444037707825,35.3149709223743,1,3162,5000
0.9965,200,75.9920936116382,51,142.423985563907,52.6149511974727,1,3162,5000
1,200,47.165348935273,43,67.6292655855622,38.6368557183895,1,3162,5000
1,200,49.5988614800759,46,74.968024179233,41.1027885688599,1,3162,5000
1,200,52.9993674889311,51,71.8253963445133,45.4148703061409,1,3162,5000
1,200,61.1217979127135,51,95.7923474116438,47.9321718898222,1,3162,5000
0.9995,200,81.988614800759,46,143.17166678451,54.6971253550345,1,3162,5000
0.9695,200,107.480866540164,47,212.307895551715,65.8516969432397,1,3162,5000
1,200,61.0801444233607,51,105.918551213032,46.5203591405037,1,3162,5000
1,200,56.663293274299,46,97.1097018975332,42.1248821631879,1,3162,5000
1,200,45.899715370019,45,57.9786384926282,40.6075521548673,1,3162,5000
1,200,65.6613957410921,49,119.774312262546,46.9624315963009,1,3162,5000
1,200,63.9943074003795,46,102.245133795292,48.3855907845396,1,3162,5000
1,200,47.9990512333966,45,71.3957907807433,40.0711017653522,1,3162,5000
1,200,55.9971537001898,47,87.5648389685803,44.700868380345,1,3162,5000
1,200,58.0974383301708,50,92.3743816929146,45.1371109781771,1,3162,5000
1,200,57.663293274299,47,96.7628260000954,43.9026504782737,1,3162,5000
0.9995,200,69.243595825427,49,122.8280077471,49.6359276892702,1,3162,5000
1,200,46.6658233185747,44,62.3049709940966,40.3103473381826,1,3162,5000
1,200,49.9981024667932,44,75.5399966062455,40.0499586555814,1,3162,5000
1,200,61.9943074003795,44,103.3273892523,45.2444986767153,1,3162,5000
1,200,48.4992093611638,46,67.4532238727122,41.0323781150543,1,3162,5000
1,200,50.1230629348514,44,74.8913542678182,39.1507628699688,1,3162,5000
1,200,51.4992093611638,49,69.5012337194286,44.4242518514126,1,3162,5000
0.9855,200,97.9841872232764,48,184.033026299471,61.5701863247719,1,3162,5000
0.9975,200,77.9898798228969,46,134.523765308933,54.2947172380915,1,3162,5000
1,200,59.1217979127135,49,91.9896519968411,45.7523812821036,1,3162,5000
0.9995,200,69.243595825427,49,128.252100101716,48.6907728826566,1,3162,5000
1,200,44.899715370019,44,59.3386003606819,39.4692534283606,1,3162,5000
0.9995,200,63.9949399114484,48,109.771881619843,46.2897500575409,1,3162,5000
0.9995,200,65.1202166350411,50,118.904879223064,46.0516613230011,1,3162,5000
0.9995,200,70.4922517394054,46,119.683032203096,50.3697283869462,1,3162,5000
1,200,66.6613957410921,50,110.136564104247,49.4408471077707,1,3162,5000
1,200,48.1424957079606,47,65.6853188511516,41.5666834937828,1,3162,5000
1,200,52.3316466371495,47,78.3924500576037,42.0464890925725,1,3162,5000
1,200,55.663293274299,45,94.7116306521892,41.8520876414365,1,3162,5000
1,200,59.663293274299,49,100.646541838129,45.7869988273759,1,3162,5000
1,200,56.9974699557242,49,85.7263196534275,45.8802005606291,1,3162,5000
1,200,48.4992093611638,46,67.3500042483974,41.106092167436,1,3162,5000
1,200,48.0826744676365,46,66.8403676998765,40.7214160869732,1,3162,5000
1,200,53.1230629348514,47,85.0072542198779,42.0186394191189,1,3162,5000
1,200,50.9974699557242,43,76.6575996086338,41.1675616579696,1,3162,5000
1,200,53.4985768500949,49,75.3348294377913,44.8422614428514,1,3162,5000
1,200,56.0974383301708,48,94.1929331120486,43.2914203564087,1,3162,5000
1,200,53.8984503478811,49,79.316277701027,45.1591514096503,1,3162,5000
1,200,62.4960468058191,50,107.923116737131,45.775161856254,1,3162,5000
0.996,200,87.4871916508539,47,158.460942477228,56.6572844548796,1,3162,5000
1,200,57.3979759645794,51,83.9353110927186,46.6964591003087,1,3162,5000
1,200,48.165348935273,44,68.6978753058392,39.8066988352509,1,3162,5000
1,200,44.3998734977862,44,55.7644033215616,39.8691155290252,1,3162,5000
1,200,52.4988931056293,49,78.0191375621844,43.1539019518112,1,3162,5000
1,200,49.9990512333966,47,69.4174388509884,41.9965930933305,1,3162,5000
1,200,54.0615314674257,51,75.1664728254595,44.9250907887739,1,3162,5000
1,200,45.1246442125237,44,59.3877483837083,39.3931247277943,1,3162,5000
1,200,68.9933586337761,48,113.215675053148,52.0677201722714,1,3162,5000
0.9815,200,91.2366382036686,49,190.49873300147,51.4136207307557,1,3162,5000
1,200,56.4960468058191,44,88.4535907015225,43.8661144206876,1,3162,5000
1,200,47.1424957079606,46,64.4848874853167,40.366252127948,1,3162,5000
1,200,45.6658233185747,43,64.5964546526899,38.7706587429282,1,3162,5000
1,200,51.0615314674257,48,77.3219443106519,41.4320328622016,1,3162,5000
1,200,51.1230629348514,45,81.3860724154895,40.3984063813339,1,3162,5000
1,200,55.1640839131351,47,89.2167046300118,42.9794339152743,1,3162,5000
1,200,56.1217979127135,46,94.4071080187406,41.088744114039,1,3162,5000
1,200,53.9971537001898,45,84.6544372738522,42.1669293674638,1,3162,5000
1,200,47.0826744676365,45,65.0750022650234,39.6827189000645,1,3162,5000
1,200,51.9981024667932,46,74.9882513423291,42.8980868894511,1,3162,5000
1,200,49.9987349778621,46,69.9979542855762,42.630663014229,1,3162,5000
1,200,58.1217979127135,48,96.1161980030437,43.797834098342,1,3162,5000
1,200,48.5988614800759,45,71.2018219968901,40.2103608963209,1,3162,5000
1,200,49.9990512333966,47,71.7137241396155,41.9715514640937,1,3162,5000
0.997,200,90.9857685009488,46,161.32620463352,57.5225466111714,1,3162,5000
1,200,69.243595825427,49,122.749106144393,47.43769986145,1,3162,5000
1,200,49.3329116592874,48,66.9380678296188,42.8610859616028,1,3162,5000
1,200,45.1246442125237,44,59.2764181340547,39.3814465970528,1,3162,5000
1,200,48.0826744676365,46,67.1133523891725,40.6925066315146,1,3162,5000
1,200,63.0961733080329,51,108.040600723791,47.3448837273151,1,3162,5000
1,200,60.4957305502846,47,107.357536794323,44.5424935727337,1,3162,5000
1,200,48.6658233185747,46,64.3301057522113,42.3357983518318,1,3162,5000
1,200,47.6658233185747,45,64.163269881743,41.169278736898,1,3162,5000
1,200,62.0801444233607,52,98.8033775792567,47.9616860639409,1,3162,5000
1,200,50.1240117014548,47,70.3578472255964,42.5320513158347,1,3162,5000
1,200,62.4957305502846,49,108.965920954431,46.1508777328408,1,3162,5000
1,200,52.0820419565676,48,77.7662596008968,42.2762216502327,1,3162,5000
1,200,57.1640839131351,49,94.9436052396822,44.8591333864248,1,3162,5000
1,200,60.4957305502846,47,106.217227859797,44.4021846382069,1,3162,5000
1,200,49.9974699557242,42,75.7490204173067,40.159014092196,1,3162,5000
1,200,54.1640839131351,46,85.5977060025802,42.3598027767738,1,3162,5000
1,200,59.3306978705461,51,93.2483666588573,46.6775517737634,1,3162,5000
0.9995,200,78.9898798228969,47,142.602005791273,53.7945527025102,1,3162,5000
1,200,60.4957305502846,47,108.565283926532,43.6839113775125,1,3162,5000
1,200,50.9981024667932,45,74.0115812578123,42.020120157243,1,3162,5000
1,200,50.0615314674257,47,73.9902156627436,41.2859597668368,1,3162,5000
1,200,61.9949399114484,46,107.602849160636,44.7214766116169,1,3162,5000
1,200,61.9949399114484,46,107.555623920088,45.0741248688543,1,3162,5000
1,200,53.4988931056293,50,72.4803215287704,44.8877851593839,1,3162,5000
1,200,49.9996837444655,49,64.4614389449239,43.7997269482972,1,3162,5000
0.995,200,87.4871916508539,47,159.913153983126,58.0681587269585,1,3162,5000
0.9995,200,68.243595825427,48,128.725519781972,46.7495552025918,1,3162,5000
1,200,51.4985768500949,47,76.8891812319596,42.2991749068489,1,3162,5000
1,200,57.663293274299,47,97.3860785657355,43.9007844480885,1,3162,5000
0.998,200,71.9920936116382,47,134.186692603731,45.8787651316665,1,3162,5000
0.999,200,70.243595825427,50,123.471295013028,50.9926422616053,1,3162,5000
1,200,51.2492884250474,49,70.5037299418321,43.4113517002129,1,3162,5000
1,200,54.9971537001898,46,85.7440431062255,43.8563454465164,1,3162,5000
1,200,45.4998418722328,45,55.9883708306665,40.9931146636836,1,3162,5000
1,200,44.4995256166983,43,58.8264294511398,38.9320904252068,1,3162,5000
1,200,48.6658233185747,46,66.3367935747731,41.8432768132298,1,3162,5000
1,200,53.8984503478811,49,79.130771067513,44.8906540529653,1,3162,5000
1,200,51.1240117014548,48,70.4478242197775,43.4554143526048,1,3162,5000
1,200,51.165348935273,47,71.8738299837543,42.8814201165816,1,3162,5000
1,200,49.3329116592874,48,63.815233499918,43.2207995973247,1,3162,5000
1,200,51.4985768500949,47,76.937559223304,42.280907315229,1,3162,5000
1,200,47.6658233185747,45,66.6311580270549,41.1389062876495,1,3162,5000
1,200,48.165348935273,44,68.8199596365697,39.927834399378,1,3162,5000
1,200,67.243595825427,47,125.379568658135,45.1893861335125,1,3162,5000
0.9845,200,86.988614800759,51,177.516917383638,57.4533183956557,1,3162,5000
1,200,53.3979759645794,47,86.6956763931159,42.043135806989,1,3162,5000
0.999,200,72.4922517394054,48,123.010744479276,53.6968081520568,1,3162,5000
1,200,51.0820419565676,47,75.2393745421511,41.8986566420878,1,3162,5000
1,200,57.663293274299,47,93.471810703838,44.2345399891005,1,3162,5000
1,200,52.2480234029096,46,78.1179492979002,42.3773579000507,1,3162,5000
1,200,45.2492884250474,43,59.8808491371683,39.1358301618362,1,3162,5000
0.998,200,71.9920936116382,47,135.785084019024,47.893375184953,1,3162,5000
1,200,51.1240117014548,48,70.448910057177,43.6231141474152,1,3162,5000
0.997,200,78.2404332700822,48,149.737531222547,49.9338732001985,1,3162,5000
1,200,52.8984503478811,48,77.9174598211348,43.3220231249509,1,3162,5000
1,200,54.4960468058191,42,86.1675379728773,41.680030066489,1,3162,5000
1,200,64.6613957410921,48,120.236555969283,45.8588203589101,1,3162,5000
1,200,49.0826744676365,47,68.0486837461426,41.7230459641481,1,3162,5000
1,200,49.165348935273,45,70.9356773465345,40.9442162459652,1,3162,5000
0.9995,200,69.243595825427,49,123.585819024747,49.6912638908655,1,3162,5000
1,200,49.9990512333966,47,69.1404904672801,42.0481122256609,1,3162,5000
0.9805,200,106.480866540164,46,192.909954489699,63.198458601021,1,3162,5000
1,200,49.5988614800759,46,75.1166503307192,41.1267705078223,1,3162,5000
1,200,47.1240117014548,44,69.4314072087665,39.1067181933754,1,3162,5000
1,200,61.9949399114484,46,108.697736800379,44.8595240959421,1,3162,5000
1,200,50.4985768500949,46,72.390155358492,41.79793524464,1,3162,5000
1,200,51.1230629348514,45,82.8265825203244,39.4640350819943,1,3162,5000
0.9985,200,90.9857685009488,46,161.809748243841,58.8397925196154,1,3162,5000
1,200,46.6658233185747,44,63.3775493927768,40.3838745034663,1,3162,5000
1,200,50.9974699557242,43,71.5929474491544,42.1016444763524,1,3162,5000
1,200,43.3998734977862,43,54.018477769338,38.6473914315771,1,3162,5000
1,200,58.663293274299,48,97.0194568388263,45.1599138280736,1,3162,5000
1,200,51.4985768500949,47,77.8016496385023,42.3112954323037,1,3162,5000
1,200,46.7851495436884,45,65.7217505429681,39.7293406757954,1,3162,5000
0.98,200,108.480866540164,48,198.210458712275,68.2490418874808,1,3162,5000
1,200,56.9974699557242,49,87.0807453344151,45.718197896085,1,3162,5000
1,200,55.1230629348514,49,80.1179809875205,44.377389589671,1,3162,5000
0.9975,200,73.9920936116382,49,135.226618985968,51.8773542800857,1,3162,5000
1,200,47.9993674889311,46,64.6168850620714,41.473257611091,1,3162,5000
1,200,57.663293274299,47,96.1814840897425,43.1969806109316,1,3162,5000
0.901,200,133.473276407337,49,250.465512696907,79.5170623490256,1,3162,5000
1,200,54.1640839131351,46,85.6886524354814,42.1011761546464,1,3162,5000
1,200,51.2480234029096,45,76.2066094406356,41.2164133622042,1,3162,5000
1,200,61.4957305502846,48,108.418829357547,45.437172178546,1,3162,5000
1,200,69.4922517394054,45,124.228582262018,49.1510680305187,1,3162,5000
1,200,54.0820419565676,50,79.0328969297914,44.7918311486402,1,3162,5000
1,200,52.9974699557242,45,79.6762614375634,43.3528374443102,1,3162,5000
1,200,47.4995256166983,46,61.0066055865536,42.0113494195707,1,3162,5000
0.9995,200,59.9968374446553,50,96.6819766799507,46.821801158129,1,3162,5000
0.999,200,77.9898798228969,46,135.257722896148,53.9482141464112,1,3162,5000
1,200,55.7838845215506,50,84.4277574614776,45.4385101496497,1,3162,5000
1,200,61.9943074003795,44,99.6531996049943,46.6680636151145,1,3162,5000
1,200,42.9993674889311,41,54.2014163105341,38.705369504715,1,3162,5000
1,200,53.9974699557242,46,82.9421564698415,42.8548383167738,1,3162,5000
1,200,49.7851495436884,48,65.6134243662967,42.4947890089279,1,3162,5000
1,200,45.7497628083491,45,60.0998992207188,40.2055601947858,1,3162,5000
1,200,55.7478652751423,49,85.2111419591403,44.8220211495261,1,3162,5000
1,200,55.4960468058191,43,86.9901675727011,43.1694317514909,1,3162,5000
1,200,45.7497628083491,45,59.9734571625604,40.1041102302391,1,3162,5000
1,200,60.1217979127135,50,98.4105826158584,46.5504070940368,1,3162,5000
1,200,53.1230629348514,47,84.1819058887847,41.8193584504546,1,3162,5000
1,200,45.1246442125237,44,60.4670412933722,39.4727338929927,1,3162,5000
1,200,57.3316466371495,52,81.8347110608624,47.4683685561186,1,3162,5000
1,200,52.1230629348514,46,83.6799094370902,40.5925912840226,1,3162,5000
1,200,52.0820419565676,48,76.0634282379741,42.9732637850961,1,3162,5000
1,200,45.0714059817475,45,58.0890939043314,40.2197469720101,1,3162,5000
1,200,48.1424957079606,47,65.1487111545649,41.280312988847,1,3162,5000
1,200,51.5988614800759,48,73.4437024345401,43.5772018020291,1,3162,5000
1,200,45.6658233185747,43,60.3344885459964,39.3392323790134,1,3162,5000
0.998,200,67.9943074003795,50,128.04656477188,47.8563822472574,1,3162,5000
1,200,53.1230629348514,47,82.8726759195255,42.5505169484102,1,3162,5000
1,200,45.6664558296437,45,56.5480283169809,41.1519498856084,1,3162,5000
1,200,52.5988614800759,49,73.5181682301624,44.2767861934768,1,3162,5000
1,200,51.388449645091,50,68.100938747364,44.1905708367589,1,3162,5000
1,200,64.4960468058191,52,109.439081347141,48.9566335293045,1,3162,5000
1,200,50.5988614800759,47,71.4204420693819,42.5529926702674,1,3162,5000
1,200,45.9993674889311,44,60.6969992139732,40.0359197284156,1,3162,5000
1,200,54.1230629348514,48,85.4819019002485,43.6605335679694,1,3162,5000
1,200,60.1217979127135,50,93.7557066662761,46.0896838055189,1,3162,5000
0.999,200,69.1602888467215,49,133.254179016123,46.8635770764224,1,3162,5000
1,200,59.1217979127135,49,98.2641323919055,44.9457684872039,1,3162,5000
1,200,51.8984503478811,47,76.9498088347615,42.4594546285629,1,3162,5000
1,200,53.1640839131351,45,84.4400721846669,40.852595903832,1,3162,5000
1,200,56.7838845215506,51,89.7420392925796,45.505401088911,1,3162,5000
1,200,49.7851495436884,48,69.537316839917,42.4449385982977,1,3162,5000
1,200,54.1640839131351,46,86.361511986273,41.7740357054381,1,3162,5000
0.9375,200,120.977229601518,49,236.917103558251,74.1324208679708,1,3162,5000
1,200,52.9981024667932,47,77.9524629314315,43.9622668530002,1,3162,5000
1,200,54.9974699557242,47,87.0608310324545,42.9068672964225,1,3162,5000
1,200,60.9949399114484,45,106.955318697721,43.3741675275759,1,3162,5000
1,200,50.4985768500949,46,72.1479052647933,42.1551791420861,1,3162,5000
1,200,46.7851495436884,45,66.3897169131138,39.3969907904067,1,3162,5000
1,200,59.2461258697027,47,97.4220930832279,45.4372733488826,1,3162,5000
1,200,47.3329116592874,46,62.0720234373902,40.9283959864098,1,3162,5000
1,200,50.9990512333966,48,69.6386509076659,43.6459247849588,1,3162,5000
1,200,62.9943074003795,45,101.581131941621,47.721588930868,1,3162,5000
0.9995,200,75.9898798228969,44,138.847547819719,50.872848262477,1,3162,5000
1,200,63.0961733080329,51,106.395309194613,47.6623079295913,1,3162,5000
0.9995,200,60.4960468058191,48,100.911850151011,44.5268406633454,1,3162,5000
1,200,50.1240117014548,47,70.2751583210973,42.2824321983901,1,3162,5000
0.999,200,71.9920936116382,47,134.366588094616,48.392521048443,1,3162,5000
1,200,47.5994939911448,46,67.3409513215277,41.1819274969441,1,3162,5000
1,200,49.4985768500949,45,73.2932381796898,40.8028839734912,1,3162,5000
0.999,200,79.9898798228969,48,136.951553070314,57.3232640127556,1,3162,5000
1,200,46.2492884250474,44,60.9340519366887,40.1063584937201,1,3162,5000
1,200,70.243595825427,50,134.991778713869,49.3036518502204,1,3162,5000
0.9955,200,73.9924098671727,50,147.745287524287,50.0255689917124,1,3162,5000
0.985,200,99.9841872232764,50,183.540067047919,66.5742226456418,1,3162,5000
1,200,51.9990512333966,49,70.93206396789,44.2728820155392,1,3162,5000
1,200,50.4985768500949,46,75.0837629151168,41.37950701921,1,3162,5000
1,200,51.9981024667932,46,76.7690541853973,42.6788897325194,1,3162,5000
0.9915,200,87.4871916508539,47,169.67536333585,59.207147017064,1,3162,5000
1,200,50.9990512333966,48,70.2730546734171,43.3802969251565,1,3162,5000
0.9985,200,67.243595825427,47,133.03019184547,45.6395899057697,1,3162,5000
0.9955,200,73.9924098671727,50,147.774851584344,49.404706106798,1,3162,5000
1,200,53.9974699557242,46,93.031832567198,41.5471709606199,1,3162,5000
1,200,50.4985768500949,46,75.0467103198448,41.5566723691806,1,3162,5000
1,200,57.9974699557242,50,86.9210748468094,46.2653717053378,1,3162,5000
1,200,44.2492884250474,42,58.9032551400937,38.0755616971251,1,3162,5000
0.991,200,80.1577588024457,52,164.462307950723,49.9969379317481,1,3162,5000
1,200,63.9962049335863,52,103.272966532135,49.3708212654266,1,3162,5000
1,200,60.2461258697027,48,99.1927834316412,46.2079636972959,1,3162,5000
1,200,60.9949399114484,45,107.570991706952,43.3375160586277,1,3162,5000
0.994,200,80.2404332700822,50,159.152408503244,52.1837178011564,1,3162,5000
1,200,57.663293274299,47,96.4299848656667,42.8456711401765,1,3162,5000
1,200,48.5994939911448,47,63.3300222140648,42.2110706011616,1,3162,5000
1,200,57.0974383301708,49,92.3035165300618,44.3997899856806,1,3162,5000
1,200,62.4960468058191,50,108.494365103857,46.1375102651475,1,3162,5000
1,200,52.5706153429114,50,71.8243155833574,44.9978871625267,1,3162,5000
1,200,51.8984503478811,47,78.4458201988685,42.5818496106332,1,3162,5000
1,200,46.9987349778621,43,66.1434191971816,39.817781415187,1,3162,5000
1,200,49.165348935273,45,71.6792237004345,40.7505590894288,1,3162,5000
1,200,53.2480234029096,47,77.7113996742693,43.9714407874888,1,3162,5000
1,200,49.4992093611638,47,69.5467044108434,42.1790968839617,1,3162,5000
1,200,55.9974699557242,48,87.6570368261059,44.069560545271,1,3162,5000
1,200,55.1640839131351,47,87.7133752953972,42.4773696027975,1,3162,5000
1,200,50.0826744676365,48,71.314559759421,42.4471103603066,1,3162,5000
0.9995,200,62.0961733080329,50,112.664197414376,45.0788808952953,1,3162,5000
1,200,50.4985768500949,46,75.2102357711678,41.505979875261,1,3162,5000
0.9995,200,69.9943074003795,52,119.098372626563,52.117664214166,1,3162,5000
1,200,69.4922517394054,45,121.295674678379,48.565835968702,1,3162,5000
1,200,54.1640839131351,46,83.8255106271272,42.3376864652044,1,3162,5000
1,200,72.4922517394054,48,121.276450659148,52.796532885587,1,3162,5000
1,200,67.9933586337761,47,115.13802225937,50.781799931729,1,3162,5000
1,200,60.4957305502846,47,100.051774308431,44.5683777239904,1,3162,5000
1,200,45.0499841872233,45,58.9005701467639,39.8059781164034,1,3162,5000
1,200,57.663293274299,47,92.0618910529803,43.4910761678865,1,3162,5000
1,200,54.7213613043784,52,73.627281484097,45.7773673248849,1,3162,5000
1,200,52.1640839131351,44,82.7600942388783,40.2722700769555,1,3162,5000
1,200,50.4985768500949,46,76.1293370256481,41.4711038399007,1,3162,5000
1,200,62.9943074003795,45,100.858078980051,46.9985359692981,1,3162,5000
1,200,58.9952561669829,44,90.1028533069411,44.7406221241454,1,3162,5000
1,200,54.1230629348514,48,86.1569440514753,43.3124062363492,1,3162,5000
1,200,49.9993674889311,48,65.515040116812,43.9206062142187,1,3162,5000
1,200,78.9898798228969,47,141.384900020613,54.0356353147307,1,3162,5000
1,200,51.9981024667932,46,76.6906622082166,42.4505451936689,1,3162,5000
1,200,45.5994939911448,44,60.1318334506114,39.3868144752794,1,3162,5000
1,200,49.4985768500949,45,73.3998668038362,40.9095125976376,1,3162,5000
1,200,48.5994939911448,47,65.8614010667663,42.2012703478121,1,3162,5000
0.9995,200,66.1202166350411,51,116.896849986181,48.416299701551,1,3162,5000
1,200,51.8984503478811,47,76.624129337504,42.6329844924692,1,3162,5000
1,200,57.663293274299,47,95.2952084947982,44.0607840798709,1,3162,5000
1,200,62.9949399114484,47,109.070934151143,45.5894350999091,1,3162,5000
1,200,48.6658233185747,46,64.5103128873417,42.2664008063803,1,3162,5000
1,200,52.2480234029096,46,77.4327162105747,42.842709885464,1,3162,5000
1,200,47.4992093611638,45,66.4850582704273,40.0927749054685,1,3162,5000
1,200,48.4992093611638,46,68.2900388417329,41.1297499950114,1,3162,5000
1,200,54.9974699557242,47,86.4681892987975,43.1056418604673,1,3162,5000
1,200,61.9943074003795,44,108.936478567193,45.4552957714941,1,3162,5000
1,200,46.6426538357278,46,60.9263104076308,41.0319713816978,1,3162,5000
1,200,51.8984503478811,47,77.6624908917465,42.1724529410823,1,3162,5000
1,200,68.4922517394054,44,114.294744289799,47.3134033663331,1,3162,5000
1,200,58.663293274299,48,96.0958063181741,45.2362633074214,1,3162,5000
1,200,65.3954459203036,51,114.622102258806,47.6413938464083,1,3162,5000
1,200,59.663293274299,49,99.2735158412021,45.8888226090705,1,3162,5000
0.906,200,135.473276407337,51,245.594289857076,82.0434992182402,1,3162,5000
1,200,45.3329116592874,44,61.5650204922291,38.5713456029186,1,3162,5000
1,200,54.9971537001898,46,83.9465704424377,43.9576393861442,1,3162,5000
1,200,46.5994939911448,45,62.0078131422058,40.4133792396125,1,3162,5000
1,200,51.2480234029096,45,77.2852627979014,41.2950667194701,1,3162,5000
1,200,50.5988614800759,47,73.0943878763065,42.226938477192,1,3162,5000
1,200,54.1230629348514,48,79.3984162206802,44.074359716358,1,3162,5000
1,200,49.0826744676365,47,68.1898691535595,41.6969849030851,1,3162,5000
1,200,57.663293274299,47,96.9140594359608,43.9292397016154,1,3162,5000
1,200,53.1240117014548,50,71.4936778747655,45.5012680075929,1,3162,5000
1,200,48.9981024667932,43,64.5262764283267,41.7818899640636,1,3162,5000
1,200,48.1240117014548,45,68.1968633530115,40.3710674432497,1,3162,5000
0.9885,200,91.9857685009488,47,176.2554948157,59.9564224986007,1,3162,5000
1,200,58.9952561669829,44,92.6173041201696,44.2979914488645,1,3162,5000
1,200,44.6658233185747,42,60.3042136190677,38.3095899631537,1,3162,5000
1,200,49.1240117014548,46,68.9537565635887,41.1279606538269,1,3162,5000
1,200,46.899715370019,46,62.2855064831757,41.4578130402071,1,3162,5000
1,200,49.4985768500949,45,74.2148520949105,40.6248457697999,1,3162,5000
1,200,51.4988931056293,48,77.0151641696598,42.4251578445491,1,3162,5000
1,200,61.4957305502846,48,108.320954002977,44.8394549517436,1,3162,5000
1,200,51.9981024667932,46,79.5279882089053,42.039215280379,1,3162,5000
1,200,54.1230629348514,48,84.7845787646958,43.2958058361696,1,3162,5000
1,200,51.2480234029096,45,77.3482838656027,41.5250180001167,1,3162,5000
1,200,50.9981024667932,45,76.6252410224843,41.6347286885184,1,3162,5000
0.9995,200,67.243595825427,47,126.758708323639,45.2825856164912,1,3162,5000
1,200,53.9981024667932,48,79.759738093638,44.6695736407601,1,3162,5000
0.9975,200,87.4871916508539,47,151.872974770338,58.02576572543,1,3162,5000
1,200,51.8984503478811,47,77.8322505455722,42.6917856499365,1,3162,5000
0.9995,200,65.243595825427,45,118.373666530501,43.5617858642561,1,3162,5000
1,200,56.663293274299,46,94.8538125363317,42.8683602909174,1,3162,5000
1,200,56.9974699557242,49,86.1362936732264,45.369830815682,1,3162,5000
0.9995,200,58.2461258697027,46,96.6615227093436,43.276829477212,1,3162,5000
1,200,50.5988614800759,47,70.4820466295426,42.6133322082902,1,3162,5000
1,200,49.2480234029096,43,75.1786156174701,39.4386567306896,1,3162,5000
0.997,200,70.1602888467215,50,133.255771070054,47.2810715128121,1,3162,5000
1,200,48.5994939911448,47,65.9520028408093,42.1252581644441,1,3162,5000
1,200,54.9971537001898,46,85.6412223907036,43.4033191648971,1,3162,5000
1,200,63.9949399114484,48,111.271527093966,47.8727025103696,1,3162,5000
1,200,49.5620058507274,48,68.0854670498441,42.3413968411155,1,3162,5000
1,200,51.8984503478811,47,75.8867783143141,42.6466612997663,1,3162,5000
1,200,50.8984503478811,46,76.3277236145309,41.0042996212777,1,3162,5000
1,200,68.243595825427,48,122.698106817503,46.886226151258,1,3162,5000
1,200,50.2480234029096,44,74.9922441738389,40.2522852870584,1,3162,5000
1,200,52.1640839131351,44,84.1026270315025,39.2818912102924,1,3162,5000
0.997,200,79.9898798228969,48,138.669290013541,57.3597812638048,1,3162,5000
0.9975,200,73.9920936116382,49,137.705075391743,50.2308502178022,1,3162,5000
1,200,47.1240117014548,44,67.9023327423622,38.9099228751895,1,3162,5000
1,200,62.9949399114484,47,112.619342215157,45.5399304504508,1,3162,5000
1,200,48.4992093611638,46,68.5943892598217,41.2270979884745,1,3162,5000
1,200,49.9990512333966,47,70.0798312586908,42.0871051359836,1,3162,5000
1,200,55.9971537001898,47,86.4530874980861,44.797700612149,1,3162,5000
1,200,44.3998734977862,44,57.6102511744752,39.6149950074922,1,3162,5000
1,200,54.1640839131351,46,85.6986450720611,42.1111687912262,1,3162,5000
1,200,51.5706153429114,49,70.8667746334168,43.8740485107097,1,3162,5000
1,200,58.2461258697027,46,97.6698670764184,43.1852054698403,1,3162,5000
1,200,53.5988614800759,50,72.951025913744,45.5834183868623,1,3162,5000
1,200,53.0820419565676,49,78.0334442702757,43.6927263702125,1,3162,5000
1,200,48.1240117014548,45,69.5100743721951,39.8512086753788,1,3162,5000
1,200,53.3316466371495,48,86.3678572884592,42.3801912543036,1,3162,5000
1,200,69.1602888467215,49,132.248084562899,46.3743021467071,1,3162,5000
1,200,55.1640839131351,47,86.3697395269818,42.8819153650589,1,3162,5000
1,200,53.9971537001898,45,85.835898070402,42.5979948445955,1,3162,5000
1,200,47.4992093611638,45,66.5043873753803,39.6785914656185,1,3162,5000
1,200,50.5988614800759,47,70.7726338568378,42.1800974874513,1,3162,5000
0.9995,200,62.4957305502846,49,102.680621677252,47.1959600706738,1,3162,5000
1,200,54.1640839131351,46,89.3723981859859,42.260404194841,1,3162,5000
1,200,59.2461258697027,47,97.8908531553392,44.9060334209939,1,3162,5000
1,200,49.5706153429114,47,71.2011712377457,41.3756915835184,1,3162,5000
1,200,60.9943074003795,43,100.046055750203,45.3111569519743,1,3162,5000
1,200,53.9971537001898,45,85.3684827195843,42.1305794937778,1,3162,5000
1,200,62.4960468058191,50,107.385293318745,47.0284384800356,1,3162,5000
0.999,200,63.4957305502846,50,109.799810125194,47.3186273294952,1,3162,5000
0.996,200,79.2404332700822,49,157.952147865463,50.4823502690055,1,3162,5000
0.9995,200,65.1202166350411,50,120.244144309845,46.7661240694905,1,3162,5000
1,200,51.5988614800759,48,72.4835278520556,43.4917504959519,1,3162,5000
1,200,51.4985768500949,47,72.4603628905191,42.8014971937028,1,3162,5000
1,200,57.663293274299,47,96.7159196378372,43.2312580312591,1,3162,5000
1,200,49.9993674889311,48,64.6960720667613,44.101638164168,1,3162,5000
1,200,49.7851495436884,48,66.6991634355893,42.7887955249842,1,3162,5000
1,200,46.5994939911448,45,61.0268726248205,40.198546670783,1,3162,5000
0.998,200,71.1602888467215,51,132.832670872717,48.8579713154747,1,3162,5000
1,200,48.9996837444655,48,66.1093811385119,42.1993294834413,1,3162,5000
1,200,50.1240117014548,47,70.1967705713701,42.4542816403138,1,3162,5000
1,200,49.9990512333966,47,68.4077496545348,42.3153714129155,1,3162,5000
1,200,63.9949399114484,48,110.052191917381,47.0711672494491,1,3162,5000
1,200,51.2480234029096,45,77.3631347554393,41.473223306989,1,3162,5000
1,200,48.7851495436884,47,66.7546852783676,41.7622754111949,1,3162,5000
1,200,50.9981024667932,45,76.0951916348842,41.6051536842201,1,3162,5000
1,200,49.6658233185747,47,67.5198359183458,43.2759238373844,1,3162,5000
1,200,53.3979759645794,47,84.8075980887561,42.2201218079212,1,3162,5000
1,200,49.165348935273,45,71.7652243651044,40.5238423284188,1,3162,5000
1,200,53.8984503478811,49,79.493545536098,44.4033810832201,1,3162,5000
1,200,54.9974699557242,47,86.0726040965445,43.0839892957855,1,3162,5000
1,200,57.663293274299,47,96.6674706042991,44.0165112958445,1,3162,5000
1,200,45.9987349778621,42,62.7838152475641,38.9570705711989,1,3162,5000
1,200,48.3329116592874,47,63.6826486027341,41.8133016704128,1,3162,5000
1,200,52.0820419565676,48,75.8093497309375,42.8188373969717,1,3162,5000
1,200,61.4960468058191,49,107.011269066581,46.2782678015586,1,3162,5000
1,200,62.9949399114484,47,119.77575509573,45.9225371956668,1,3162,5000
1,200,50.165348935273,46,70.2069054046753,41.6143690352888,1,3162,5000
1,200,44.6658233185747,42,61.2339214036286,38.2392977477147,1,3162,5000
1,200,44.899715370019,44,59.1419444086774,39.2725974763561,1,3162,5000
1,200,45.6658233185747,43,61.1589270735445,39.1636709065615,1,3162,5000
1,200,50.9990512333966,48,69.4951294604124,43.5027195932397,1,3162,5000
1,200,49.5994939911448,48,64.4366923783357,43.4423849779562,1,3162,5000
1,200,50.2480234029096,44,75.5655881456884,40.5757083227915,1,3162,5000
1,200,44.4985768500949,40,60.1510513664875,37.6565858383407,1,3162,5000
1,200,54.9971537001898,46,85.765376504025,43.7777104698694,1,3162,5000
1,200,59.2461258697027,47,98.4022578435451,44.6673590453162,1,3162,5000
1,200,59.9949399114484,44,106.104902571208,42.1226128811381,1,3162,5000
1,200,56.9974699557242,49,88.59429702519,45.440333289158,1,3162,5000
1,200,50.5988614800759,47,74.4441897500264,42.5789541396532,1,3162,5000
1,200,51.8984503478811,47,74.8888073010134,42.9800206680807,1,3162,5000
1,200,47.4992093611638,45,67.2757519449088,39.9084606735615,1,3162,5000
1,200,56.0974383301708,48,93.1673129940751,43.3256214787593,1,3162,5000
1,200,46.6658233185747,44,63.1305441502452,39.8036413461128,1,3162,5000
1,200,63.4960468058191,51,108.749724006576,48.8504250396774,1,3162,5000
1,200,59.2461258697027,47,98.5328035533255,44.0481419467473,1,3162,5000
1,200,50.7851495436884,49,67.6482631650351,43.8045408373943,1,3162,5000
1,200,50.4992093611638,48,68.523408103084,43.4044564901808,1,3162,5000
1,200,50.5988614800759,47,69.5809737585402,42.5453291243424,1,3162,5000
1,200,56.9974699557242,49,88.3129240276711,45.4252263679621,1,3162,5000
1,200,49.6658233185747,47,68.604519778709,42.7787238689472,1,3162,5000
1,200,70.4922517394054,46,125.348029666683,50.8700094263288,1,3162,5000
1,200,53.9971537001898,45,86.4577771050132,42.4701110708576,1,3162,5000
1,200,59.663293274299,49,94.7144193123576,46.377496478708,1,3162,5000
0.994,200,79.2404332700822,49,157.110101694226,50.713923868257,1,3162,5000
0.9975,200,73.9920936116382,49,136.64268973572,50.2520877960189,1,3162,5000
1,200,60.4960468058191,48,106.774401938352,44.2929028871181,1,3162,5000
0.989,200,96.9841872232764,47,177.679306946609,61.4629090971469,1,3162,5000
1,200,50.4985768500949,46,76.9155518285405,41.1749604306911,1,3162,5000
1,200,50.8984503478811,46,76.7835623841337,41.7933663057024,1,3162,5000
1,200,51.9981024667932,46,77.6040780981434,42.613882019712,1,3162,5000
1,200,61.4957305502846,48,107.690676042733,44.2931164812744,1,3162,5000
1,200,50.0826744676365,48,70.0289248963755,42.6613173694938,1,3162,5000
1,200,52.1230629348514,46,77.2151662473257,41.8247804155737,1,3162,5000
1,200,61.9949399114484,46,108.458857300828,43.9773582495946,1,3162,5000
1,200,58.9974699557242,51,88.9130563540409,47.7587763624744,1,3162,5000
0.9805,200,95.2366382036686,53,187.968602275471,60.0911249404511,1,3162,5000
1,200,64.4957305502846,51,109.532696566166,49.1758417274563,1,3162,5000
1,200,52.5988614800759,49,77.8545364620355,43.9646250135852,1,3162,5000
1,200,54.9971537001898,46,86.8420689863445,43.6041657605381,1,3162,5000
1,200,52.8984503478811,48,77.8175302581561,43.4703042709871,1,3162,5000
1,200,49.165348935273,45,74.8679153386758,40.8777192602444,1,3162,5000
0.9935,200,87.4871916508539,47,159.365367393301,56.5617093709527,1,3162,5000
1,200,53.8984503478811,49,79.0420631808279,44.8730358924932,1,3162,5000
1,200,51.4985768500949,47,77.2767232581787,42.686716933068,1,3162,5000
1,200,46.5994939911448,45,63.087324262792,40.2605795864269,1,3162,5000
1,200,68.4922517394054,44,113.477739921237,47.2461618061203,1,3162,5000
0.9995,200,69.4922517394054,45,122.287521723492,48.976115440549,1,3162,5000
0.996,200,78.2404332700822,48,151.045979318771,49.3249957640583,1,3162,5000
0.999,200,71.1602888467215,51,135.254018096842,49.3796031695804,1,3162,5000
1,200,54.9971537001898,46,86.2477343613521,42.8855031785564,1,3162,5000
0.9895,200,96.9841872232764,47,176.219402862677,61.003005013215,1,3162,5000
0.9735,200,108.480866540164,48,207.343959009204,69.5100326967436,1,3162,5000
1,200,54.1230629348514,48,83.758852407558,43.4128914425268,1,3162,5000
1,200,49.4992093611638,47,68.7371141700848,42.3162684124269,1,3162,5000
1,200,47.9996837444655,47,63.2771159573193,41.5684324839299,1,3162,5000
1,200,61.4960468058191,49,106.868215727067,45.511360888357,1,3162,5000
1,200,53.1230629348514,47,80.9602009987777,42.5710801891635,1,3162,5000
1,200,50.4985768500949,46,76.4577903353187,41.7171989374693,1,3162,5000
1,200,58.2461258697027,46,96.3414572854545,44.3566375511092,1,3162,5000
1,200,54.1230629348514,48,84.4933104010165,43.5056443668609,1,3162,5000
1,200,45.6658233185747,43,60.2343345678594,39.2390784008765,1,3162,5000
1,200,53.0820419565676,49,77.6941615329106,43.3534436328474,1,3162,5000
1,200,51.7213613043784,49,73.5893631245961,43.2399233486858,1,3162,5000
1,200,58.0974383301708,50,89.5618509725281,45.9247067600044,1,3162,5000
0.9995,200,69.4922517394054,45,121.855201564618,49.1253628549404,1,3162,5000
1,200,56.2461258697027,44,94.8392475360933,41.5208836313916,1,3162,5000
1,200,45.7497628083491,45,59.0372136902252,40.1419258976888,1,3162,5000
1,200,52.4985768500949,48,77.3576592558879,43.8673050496893,1,3162,5000
0.95,200,108.232210626186,52,237.587197349877,58.2051804302056,1,3162,5000
0.9995,200,73.9920936116382,49,136.933072099767,51.4572656481544,1,3162,5000
1,200,58.663293274299,48,96.626955018523,44.6415027731087,1,3162,5000
0.9685,200,111.480866540164,51,203.672574943369,74.8361185866327,1,3162,5000
1,200,47.165348935273,43,66.1872094083711,38.8199181370239,1,3162,5000
0.9995,200,66.6613957410921,50,118.537084674596,48.4570403988208,1,3162,5000
1,200,44.5994939911448,43,60.1168257816857,38.2474788493644,1,3162,5000
1,200,54.1230629348514,48,84.1220707836988,43.3013349624886,1,3162,5000
1,200,52.4985768500949,48,77.4335302014224,43.6926225480384,1,3162,5000
1,200,57.9968374446553,48,96.170084517335,44.5184926978114,1,3162,5000
1,200,60.1217979127135,50,99.8413993120187,45.8584771108802,1,3162,5000
0.9875,200,96.9841872232764,47,177.172519216289,61.3069594439927,1,3162,5000
1,200,56.1640839131351,48,87.7557880774772,44.7678057877872,1,3162,5000
1,200,58.9968374446553,49,99.6443741627699,44.661135706097,1,3162,5000
1,200,50.165348935273,46,72.7811608605853,41.7890672489471,1,3162,5000
1,200,51.5988614800759,48,71.4227230452624,43.4303131780897,1,3162,5000
1,200,69.4922517394054,45,114.325045175879,49.0934670607625,1,3162,5000
1,200,51.165348935273,47,69.4818671954078,42.9896154560024,1,3162,5000
1,200,51.4985768500949,47,75.223893661866,42.6338873367553,1,3162,5000
1,200,49.4985768500949,45,72.2882017565673,40.629336059751,1,3162,5000
1,200,51.4985768500949,47,77.9135538446924,42.4231996384938,1,3162,5000
0.9995,200,74.9911448450348,47,129.415482844863,53.1040765619196,1,3162,5000
1,200,50.165348935273,46,70.4081269173192,42.0158435523603,1,3162,5000
1,200,58.663293274299,48,96.8496848035765,45.4649915714449,1,3162,5000
1,200,50.8984503478811,46,77.1344334751777,41.6437630134446,1,3162,5000
1,200,55.7838845215506,50,80.3940817192635,45.4865601084687,1,3162,5000
1,200,53.9981024667932,48,78.143458611155,45.1529462771892,1,3162,5000
1,200,51.165348935273,47,70.9180578466512,42.9253317239441,1,3162,5000
1,200,52.9981024667932,47,78.1314560792096,43.5574786387711,1,3162,5000
1,200,62.9949399114484,47,109.40507838497,45.9235793337362,1,3162,5000
1,200,64.1202166350411,49,113.442811992297,45.9622617076669,1,3162,5000
1,200,51.4985768500949,47,76.1913248511905,42.7009706449919,1,3162,5000
1,200,54.1230629348514,48,81.8632173117589,43.3744443832327,1,3162,5000
1,200,54.3316466371495,49,80.0934027877748,44.102890453809,1,3162,5000
1,200,59.2461258697027,47,98.5533360968984,44.0686744903203,1,3162,5000
1,200,48.5620058507274,47,67.3359263161598,41.3435164489871,1,3162,5000
1,200,49.165348935273,45,73.5886775130706,40.6987660646203,1,3162,5000
1,200,52.9981024667932,47,78.8734474816812,43.550023488428,1,3162,5000
1,200,52.9981024667932,47,79.6698322132845,42.8045966029113,1,3162,5000
1,200,69.243595825427,49,124.047329858884,48.4030119166529,1,3162,5000
1,200,51.9981024667932,46,73.2109577925615,42.885320010567,1,3162,5000
1,200,68.4922517394054,44,123.538332420616,48.0606284357964,1,3162,5000
1,200,49.4992093611638,47,67.6652486481987,42.2729652832398,1,3162,5000
0.999,200,75.9898798228969,44,137.621770088376,50.3977821060862,1,3162,5000
1,200,57.663293274299,47,90.8891005709856,44.0279762825605,1,3162,5000
0.9975,200,78.9898798228969,47,140.835636000678,54.3610945712034,1,3162,5000
1,200,46.0826744676365,44,64.894329279772,38.5686914977774,1,3162,5000
1,200,53.3316466371495,48,82.6765022422455,42.8551339099663,1,3162,5000
1,200,47.9993674889311,46,61.954586664872,42.1268932219035,1,3162,5000
1,200,52.1230629348514,46,83.9329377495218,41.1936113738103,1,3162,5000
1,200,55.3979759645794,49,85.3738860495514,44.3849549932579,1,3162,5000
1,200,57.9974699557242,50,87.9854214464578,46.396680143485,1,3162,5000
1,200,48.5988614800759,45,68.7656737447981,39.9398778350363,1,3162,5000
1,200,51.9981024667932,46,76.8066292322224,42.8161168982565,1,3162,5000
1,200,45.0714059817475,45,56.5388286246712,40.209395776263,1,3162,5000
1,200,63.9943074003795,46,103.220906759115,48.7356126414679,1,3162,5000
1,200,53.9971537001898,45,85.6216401059393,42.2594089231436,1,3162,5000
1,200,58.5601083175206,51,87.9638344782047,46.2036855505985,1,3162,5000
1,200,60.9949399114484,45,107.329166841235,43.3478259177685,1,3162,5000
0.9995,200,66.6613957410921,50,120.091557986479,48.7131898650365,1,3162,5000
0.9965,200,87.4871916508539,47,159.275489692611,57.4718316702622,1,3162,5000
1,200,63.9949399114484,48,109.494289906988,47.5126327279869,1,3162,5000
0.999,200,69.243595825427,49,124.431068160971,47.9279809045633,1,3162,5000
0.991,200,95.9841872232764,46,177.750235464387,61.4098259134702,1,3162,5000
1,200,44.3332279148218,44,55.920250671792,39.4238876104384,1,3162,5000
0.9855,200,96.9841872232764,47,176.949831320593,59.6507590034939,1,3162,5000
0.9955,200,79.2404332700822,49,149.440181448664,53.216825977443,1,3162,5000
0.9995,200,68.243595825427,48,123.930935410831,46.953073298244,1,3162,5000
1,200,54.1230629348514,48,85.1040188956065,43.1163528614509,1,3162,5000
0.9995,200,68.243595825427,48,122.670260613228,48.0259426709976,1,3162,5000
1,200,56.1217979127135,46,95.0875712498306,41.7025617621645,1,3162,5000
1,200,54.9971537001898,46,82.5353278743487,43.9465865713759,1,3162,5000
1,200,68.4922517394054,44,122.848953245698,47.3712492608782,1,3162,5000
1,200,58.2461258697027,46,96.3096500418223,42.7253363163321,1,3162,5000
1,200,48.1240117014548,45,67.286215279472,40.2934891567649,1,3162,5000
1,200,47.5994939911448,46,64.1797394092987,41.4353529450355,1,3162,5000
1,200,46.2221519432146,46,59.9895994084641,40.4948176247829,1,3162,5000
1,200,45.6658233185747,43,65.5405329171185,39.0479649221785,1,3162,5000
1,200,58.3306978705461,50,88.5374077968569,45.7160394645778,1,3162,5000
1,200,48.4992093611638,46,67.6110487729097,41.1184807779698,1,3162,5000
1,200,61.9943074003795,44,101.079429520383,45.5950841693398,1,3162,5000
1,200,58.7478652751423,52,86.2848155274394,47.8585228329422,1,3162,5000
1,200,49.165348935273,45,68.6635192233479,41.170951228408,1,3162,5000
0.9805,200,98.9841872232764,49,195.232231288779,64.2708144639845,1,3162,5000
1,200,50.5988614800759,47,74.4616406757384,42.3045143843616,1,3162,5000
1,200,55.1640839131351,47,90.9955880745936,43.0082382959725,1,3162,5000
1,200,55.663293274299,45,94.45646265681,41.5969196460573,1,3162,5000
0.999,200,71.9920936116382,47,135.16662011928,47.1916043065031,1,3162,5000
1,200,54.1230629348514,48,83.7212933162781,43.7076114994654,1,3162,5000
1,200,55.9974699557242,48,87.1855238584795,44.5967825555067,1,3162,5000
1,200,54.9971537001898,46,85.2522100512786,43.3882394630433,1,3162,5000
1,200,62.0801444233607,52,94.4437590139188,48.2897952778867,1,3162,5000
1,200,50.9981024667932,45,76.7954233085349,41.5553062939871,1,3162,5000
1,200,50.4985768500949,46,72.3040521601069,41.9777818670434,1,3162,5000
1,200,52.0820419565676,48,77.4802298288096,42.3900653759316,1,3162,5000
1,200,63.4957305502846,50,101.307055644209,48.4052266330343,1,3162,5000
1,200,63.6613957410921,47,117.687609469281,44.3098738589074,1,3162,5000
1,200,53.3979759645794,47,83.9971131854399,41.9082137546999,1,3162,5000
1,200,53.0820419565676,49,76.9862477687042,43.8082947326511,1,3162,5000
1,200,53.4985768500949,49,74.3232796753024,44.6644139784861,1,3162,5000
1,200,52.5988614800759,49,74.4814538565149,44.1567648411238,1,3162,5000
1,200,50.4992093611638,48,70.5095047591438,43.1172213941849,1,3162,5000
1,200,49.9990512333966,47,70.7848407333364,42.1256587809855,1,3162,5000
1,200,57.0974383301708,49,90.5078254985018,44.6040989541206,1,3162,5000
1,200,48.9993674889311,47,63.6249094757751,42.7305704498421,1,3162,5000
0.9935,200,76.9924098671727,53,152.450147232396,54.480191508171,1,3162,5000
1,200,59.9968374446553,50,99.6578713426964,45.7579398647289,1,3162,5000
0.9995,200,69.4922517394054,45,124.668671528554,48.8160861395593,1,3162,5000
1,200,48.6658233185747,46,65.3787606265625,42.2351331755821,1,3162,5000
1,200,48.165348935273,44,68.4922835786196,39.9997155836797,1,3162,5000
0.999,200,75.9898798228969,44,137.884916060071,51.4110071416649,1,3162,5000
1,200,56.7478652751423,50,86.4752327817829,45.8198458958457,1,3162,5000
1,200,46.3329116592874,45,65.8371797935303,39.5115420115358,1,3162,5000
1,200,54.9974699557242,47,89.9682675036144,43.3157269174874,1,3162,5000
1,200,52.0820419565676,48,82.7187032905236,42.2308791286008,1,3162,5000
1,200,46.1424957079606,45,62.2374734903704,39.368759069118,1,3162,5000
0.9715,200,108.480866540164,48,200.029401076461,70.317905187783,1,3162,5000
0.9945,200,86.4871916508539,46,155.636697185702,53.7917019295353,1,3162,5000
1,200,52.4985768500949,48,78.0048048836694,43.4147985585587,1,3162,5000
1,200,43.899715370019,43,55.9353127028365,38.6058798544283,1,3162,5000
1,200,48.165348935273,44,68.4509113483028,39.625115438541,1,3162,5000
1,200,43.7497628083491,43,57.9828725810844,38.1135256487631,1,3162,5000
1,200,51.5706153429114,49,71.6796310657401,43.2587853080822,1,3162,5000
1,200,50.0826744676365,48,67.870614278926,42.7516626660227,1,3162,5000
1,200,61.9943074003795,44,101.610588599741,45.7510455889883,1,3162,5000
1,200,62.4960468058191,50,107.257215187924,46.9003603492142,1,3162,5000
1,200,54.1640839131351,46,85.341276308319,41.8534521463962,1,3162,5000
1,200,62.9943074003795,45,102.465873819783,46.6060145534961,1,3162,5000
1,200,51.9981024667932,46,76.8292030573935,43.172234893784,1,3162,5000
1,200,68.243595825427,48,126.067394536403,46.9642557002236,1,3162,5000
1,200,54.1230629348514,48,85.8775268929069,43.0561585606277,1,3162,5000
1,200,45.9993674889311,44,61.7353220202328,39.9076285772642,1,3162,5000
1,200,51.2480234029096,45,76.255987236391,41.3910678815523,1,3162,5000
0.9995,200,65.6613957410921,49,122.035685085433,47.1824671853697,1,3162,5000
0.998,200,68.243595825427,48,122.495919302315,47.1845130193716,1,3162,5000
0.9985,200,72.9924098671727,49,135.258783624392,49.2834515560811,1,3162,5000
1,200,55.1230629348514,49,78.3651216937777,44.8750837431136,1,3162,5000
1,200,51.8984503478811,47,76.6036024145602,42.2795459102381,1,3162,5000
1,200,52.0820419565676,48,77.8626493413225,42.6209510491024,1,3162,5000
1,200,46.4998418722328,46,57.2005514076823,41.7045046018631,1,3162,5000
1,200,49.7994307400379,48,70.1824393071089,41.6901875677034,1,3162,5000
1,200,59.9943074003795,42,94.6562276565465,44.1703010278305,1,3162,5000
1,200,50.165348935273,46,73.7290466488522,41.4043576334611,1,3162,5000
1,200,56.663293274299,46,94.7977546288139,42.3134092777702,1,3162,5000
1,200,57.0974383301708,49,95.0195510481921,44.6348578160606,1,3162,5000
1,200,61.4957305502846,48,107.727021711727,45.9119784901371,1,3162,5000
1,200,58.0974383301708,50,88.4041962660512,46.2499162744847,1,3162,5000
1,200,54.9971537001898,46,86.671994118015,43.784296458306,1,3162,5000
0.999,200,65.1202166350411,50,118.791582041914,46.8124549071889,1,3162,5000
1,200,48.9987349778621,45,69.1349377849124,41.8926069816233,1,3162,5000
1,200,55.9971537001898,47,86.1356729843102,44.77312554598,1,3162,5000
1,200,56.663293274299,46,91.2179374838735,42.8810146502239,1,3162,5000
0.9965,200,73.9924098671727,50,148.604932441979,49.1345023344524,1,3162,5000
1,200,55.3316466371495,50,80.2362714502798,44.9122149459576,1,3162,5000
1,200,61.4957305502846,48,107.827956973121,44.6800020922437,1,3162,5000
1,200,43.0999683744466,43,53.709696759322,38.3802639109138,1,3162,5000
1,200,42.2856239269901,42,55.3695974063595,36.6252109420964,1,3162,5000
1,200,57.0974383301708,49,86.6787059821863,44.4414352674488,1,3162,5000
1,200,60.9968374446553,51,99.1775716726113,47.3358801572955,1,3162,5000
1,200,67.4922517394054,43,116.198252487689,46.4684137780112,1,3162,5000
1,200,54.3316466371495,49,79.6879394488363,44.1139620083978,1,3162,5000
1,200,56.0974383301708,48,90.5702735200777,43.6192592433993,1,3162,5000
1,200,53.0820419565676,49,77.9852285057188,43.4106185542113,1,3162,5000
1,200,58.1217979127135,48,98.7601434320816,43.3770314776224,1,3162,5000
1,200,47.4992093611638,45,66.3373705572059,39.9697630303241,1,3162,5000
1,200,50.5706153429114,48,71.0702861338577,42.2031529902777,1,3162,5000
1,200,54.1640839131351,46,86.3103338387375,41.7228575579026,1,3162,5000
0.994,200,79.2404332700822,49,164.457950673674,50.778678964991,1,3162,5000
1,200,48.9993674889311,47,63.5472259458231,42.6772465024328,1,3162,5000
1,200,55.1640839131351,47,87.5841834588601,42.9967071780252,1,3162,5000
1,200,52.8984503478811,48,77.8206198376988,43.7304553848209,1,3162,5000
1,200,53.8984503478811,49,77.0403418939753,44.7169179007221,1,3162,5000
1,200,48.4992093611638,46,68.2275024340866,40.8352190691277,1,3162,5000
1,200,47.1424957079606,46,65.5544933736479,40.4775115056319,1,3162,5000
1,200,46.7497628083491,46,61.0065049203463,41.1121658944133,1,3162,5000
0.999,200,66.6613957410921,50,116.837883274629,48.3579655010677,1,3162,5000
1,200,53.9981024667932,48,78.1180639690965,44.6277097628979,1,3162,5000
1,200,53.9971537001898,45,79.6567153626773,42.4159658370606,1,3162,5000
1,200,50.5988614800759,47,71.0739844319135,42.1651977989807,1,3162,5000
1,200,64.9949399114485,49,111.675791527395,48.4423158790712,1,3162,5000
1,200,63.9949399114484,48,109.600463918914,46.869360187099,1,3162,5000
1,200,54.9974699557242,47,85.5034433904476,43.515777356292,1,3162,5000
1,200,52.2480234029096,46,78.234405263544,42.3259348861457,1,3162,5000
1,200,52.8984503478811,48,77.7452981018792,43.8800624915061,1,3162,5000
1,200,55.3979759645794,49,80.7704164885989,44.5293507074478,1,3162,5000
1,200,48.5620058507274,47,68.1812581305909,40.9382948162329,1,3162,5000
1,200,50.5988614800759,47,69.4064699795603,42.4140601123877,1,3162,5000
1,200,45.1246442125237,44,59.513937997649,39.619598971716,1,3162,5000
1,200,47.3329116592874,46,66.9702302105296,40.6026226836478,1,3162,5000
1,200,53.9981024667932,48,78.7958216760682,44.5557046615204,1,3162,5000
1,200,67.243595825427,47,122.256021715366,46.2781596027793,1,3162,5000
1,200,48.4995256166983,47,61.5318998797413,43.1611297975149,1,3162,5000
0.999,200,77.9898798228969,46,134.615352792085,52.6387557016355,1,3162,5000
1,200,55.3979759645794,49,84.7257329518244,44.7364856399965,1,3162,5000
1,200,52.165348935273,48,73.7582331666574,43.8920487896808,1,3162,5000
1,200,44.6658233185747,42,60.1673089975641,38.1730015971846,1,3162,5000
1,200,54.3979759645794,48,85.6755787988941,43.5212988073276,1,3162,5000
1,200,57.0974383301708,49,87.9452675220821,44.7900387639122,1,3162,5000
1,200,54.9974699557242,47,84.8475744506372,43.4853432678415,1,3162,5000
1,200,52.4985768500949,48,77.2159805980966,43.8687546109275,1,3162,5000
1,200,58.2461258697027,46,98.2930353883041,42.9746714836024,1,3162,5000
1,200,56.4960468058191,44,89.3502416100984,43.862101192641,1,3162,5000
1,200,49.5988614800759,46,71.2485023310982,41.2573574860634,1,3162,5000
1,200,59.1217979127135,49,92.2740282443199,46.1200645082878,1,3162,5000
1,200,49.5988614800759,46,74.3305336442238,41.3406538213269,1,3162,5000
1,200,49.1240117014548,46,68.9664316756272,40.9740218084546,1,3162,5000
0.9745,200,109.480866540164,49,200.183538062075,70.3470817053389,1,3162,5000
1,200,43.5994939911448,42,59.0740427979391,37.2463493549705,1,3162,5000
1,200,60.1217979127135,50,97.239131676403,46.2543119420577,1,3162,5000
1,200,54.9974699557242,47,85.6454138134644,43.7577161537554,1,3162,5000
1,200,57.4960468058191,45,89.4713920660648,44.4840422874437,1,3162,5000
0.9785,200,107.480866540164,47,196.691689102455,65.7290072555232,1,3162,5000
1,200,50.9981024667932,45,76.8850708532875,41.3947166470889,1,3162,5000
0.9975,200,73.9920936116382,49,148.779780740258,49.3093506327307,1,3162,5000
1,200,49.4985768500949,45,75.2156581782803,40.2257783553834,1,3162,5000
1,200,49.5706153429114,47,69.5833053571115,41.4909271154923,1,3162,5000
1,200,49.2480234029096,43,75.1273851845263,39.5373788594156,1,3162,5000
1,200,61.4957305502846,48,107.661737513083,44.6800803340826,1,3162,5000
1,200,50.8984503478811,46,75.8648338128307,41.7746693599528,1,3162,5000
1,200,53.0820419565676,49,76.9061220710568,44.0408864606836,1,3162,5000
1,200,48.0826744676365,46,67.9295634232277,40.5372800582688,1,3162,5000
1,200,50.9981024667932,45,76.4698626620496,40.9798247113855,1,3162,5000
1,200,46.9993674889311,45,61.7072205316983,40.8795270887298,1,3162,5000
1,200,53.9981024667932,48,78.275255260823,44.9345373607597,1,3162,5000
1,200,44.9993674889311,43,59.7454183480292,39.0003993726971,1,3162,5000
1,200,48.3329116592874,47,67.9814033094653,41.889025067846,1,3162,5000
1,200,46.1246442125237,45,60.586261825698,40.5913219142496,1,3162,5000
1,200,45.1666139574109,45,54.9972360678142,40.7511101981115,1,3162,5000
1,200,52.9981024667932,47,78.5676455947498,43.577133260784,1,3162,5000
1,200,50.1240117014548,47,68.4053507416632,42.4129408744905,1,3162,5000
1,200,62.2461258697027,50,94.4876578731827,49.1507350395331,1,3162,5000
1,200,44.4998418722328,44,55.1773388292145,39.8062524914536,1,3162,5000
1,200,53.8984503478811,49,77.7791797049913,44.6890152521134,1,3162,5000
1,200,50.8984503478811,46,75.8408488521304,41.6007318375827,1,3162,5000
1,200,69.243595825427,49,125.224423468134,48.4125428018894,1,3162,5000
0.981,200,102.982605945604,48,195.344832370354,65.3834155455596,1,3162,5000
1,200,46.0826744676365,44,67.9028897280014,38.4103217330615,1,3162,5000
0.9985,200,71.9920936116382,47,139.872261571439,47.0250525265303,1,3162,5000
1,200,55.9974699557242,48,87.4840566074503,44.4963905732947,1,3162,5000
1,200,57.663293274299,47,96.9304398247891,43.9449875793748,1,3162,5000
1,200,57.1217979127135,47,95.0440256512274,42.7256617465258,1,3162,5000
1,200,54.0820419565676,50,77.7457376492259,44.7552253152601,1,3162,5000
1,200,44.2492884250474,42,59.7945126601985,38.0501261959354,1,3162,5000
1,200,45.6426538357278,45,59.7490219224269,39.9213284794583,1,3162,5000
1,200,53.9971537001898,45,85.8483029456317,42.6110322308942,1,3162,5000
1,200,49.165348935273,45,68.5274159399692,41.0345316894948,1,3162,5000
1,200,48.5988614800759,45,68.5225558095326,40.3619507072766,1,3162,5000
1,200,48.9974699557242,41,69.397712286904,39.4053024197313,1,3162,5000
1,200,53.1230629348514,47,79.2500386519796,42.7600007013155,1,3162,5000
1,200,49.165348935273,45,70.1089650450727,40.7842760296816,1,3162,5000
1,200,50.4992093611638,48,68.6786474865529,43.5196236619693,1,3162,5000
1,200,55.3979759645794,49,83.2019616541163,44.5462585126446,1,3162,5000
1,200,62.0961733080329,50,106.529324743302,46.2958490949781,1,3162,5000
0.9995,200,66.6613957410921,50,114.602311755379,48.747196322109,1,3162,5000
1,200,46.9993674889311,45,62.4248517346051,40.6798327592731,1,3162,5000
1,200,56.663293274299,46,95.6581519855303,42.6733322511849,1,3162,5000
1,200,62.4957305502846,49,108.903050023288,46.4209184609861,1,3162,5000
1,200,42.3998734977862,42,53.1666978485211,37.7956115107602,1,3162,5000
0.995,200,87.4871916508539,47,158.995594381382,59.1919363590329,1,3162,5000
1,200,54.9974699557242,47,93.6388334149699,43.1541718083918,1,3162,5000
1,200,50.9981024667932,45,75.7874951375997,41.5473781230519,1,3162,5000
1,200,58.1217979127135,48,97.5620368183763,44.577217084031,1,3162,5000
1,200,55.1640839131351,47,85.5716704650274,43.0838463031046,1,3162,5000
1,200,45.1246442125237,44,59.4127026984629,39.517731161461,1,3162,5000
1,200,60.2461258697027,48,95.754474286072,46.5200498711447,1,3162,5000
1,200,68.243595825427,48,122.280291322017,46.802271081663,1,3162,5000
1,200,49.0826744676365,47,71.1264133713342,41.2589639722197,1,3162,5000
1,200,53.1640839131351,45,84.2458497480309,40.4244814157518,1,3162,5000
1,200,50.4985768500949,46,76.0134531005592,41.0232570221279,1,3162,5000
1,200,58.2461258697027,46,97.4497630924771,42.965101485899,1,3162,5000
1,200,53.0820419565676,49,77.9772920186578,43.6365741185946,1,3162,5000
1,200,58.9949399114484,43,105.219926041573,40.9883479264555,1,3162,5000
1,200,52.9981024667932,47,77.8109346156742,43.3205804094756,1,3162,5000
1,200,65.6613957410921,49,120.727377752647,46.8741598525835,1,3162,5000
1,200,60.2461258697027,48,100.341834161779,45.957140929647,1,3162,5000
0.9995,200,64.9943074003795,47,103.310123119158,49.8254615125799,1,3162,5000
1,200,49.6426538357278,49,63.9912676641893,43.9966440082754,1,3162,5000
1,200,55.1640839131351,47,86.286584096585,43.0850163727213,1,3162,5000
1,200,55.3979759645794,49,85.1871872162171,44.9856194923534,1,3162,5000
1,200,59.4960468058191,47,106.386576702306,43.237040543757,1,3162,5000
1,200,49.1240117014548,46,68.5797037668521,41.4873255252329,1,3162,5000
1,200,53.9990512333966,51,74.6503881966179,46.1581364572124,1,3162,5000
1,200,50.4985768500949,46,74.2789947453293,41.7886405391307,1,3162,5000
1,200,50.4985768500949,46,73.0936150558969,41.2283794455237,1,3162,5000
1,200,61.4957305502846,48,108.764892308308,45.5333141931907,1,3162,5000
1,200,53.2480234029096,47,78.2800617103709,43.6900553852602,1,3162,5000
1,200,62.9949399114484,47,108.119104760462,45.3040615388718,1,3162,5000
1,200,51.0826744676365,49,68.9420353934552,43.9477279930757,1,3162,5000
1,200,57.0974383301708,49,95.8206726285855,43.9789811132697,1,3162,5000
1,200,52.9993674889311,51,71.9891765702253,44.896798328606,1,3162,5000
1,200,59.4960468058191,47,90.8960759362168,47.9084099020612,1,3162,5000
0.9995,200,62.9949399114484,47,109.256584882204,46.2749277032033,1,3162,5000
1,200,49.4992093611638,47,66.6793130656747,42.4363497513167,1,3162,5000
1,200,51.0826744676365,49,72.4058579376289,43.6993882529808,1,3162,5000
1,200,49.4985768500949,45,75.166461740094,40.5764554149833,1,3162,5000
0.9995,200,78.9898798228969,47,140.280861247026,54.9315965411433,1,3162,5000
1,200,57.9974699557242,50,86.5031610895985,47.6391905013632,1,3162,5000
1,200,51.9981024667932,46,76.8513204796793,42.5278964864261,1,3162,5000
0.9425,200,121.977229601518,50,242.207661725205,78.256365077514,1,3162,5000
1,200,61.9943074003795,44,100.94035082217,45.9552148322904,1,3162,5000
1,200,47.9987349778621,44,64.7103741809358,40.7170155471597,1,3162,5000
1,200,57.2461258697027,45,95.6732582141728,41.6887547353619,1,3162,5000
0.9995,200,61.3306978705461,53,92.2358111288035,48.8312939455861,1,3162,5000
1,200,60.0961733080329,48,110.670804018519,43.857025819067,1,3162,5000
0.9985,200,77.9898798228969,46,141.728674438646,52.8548920224541,1,3162,5000
0.9995,200,63.1202166350411,48,117.090080298378,43.7123446880051,1,3162,5000
1,200,51.4985768500949,47,73.3526032497738,42.8613002769717,1,3162,5000
1,200,68.1602888467215,48,131.001196926799,45.0264973695571,1,3162,5000
1,200,58.1217979127135,48,104.948519215818,42.9671782923519,1,3162,5000
1,200,59.663293274299,49,98.5354314867182,45.8005326884892,1,3162,5000
1,200,51.8984503478811,47,76.8909604221002,42.8007959692222,1,3162,5000
1,200,54.1230629348514,48,85.0834258661574,43.0957598320018,1,3162,5000
1,200,54.8984503478811,50,80.8116308607102,45.6532395471955,1,3162,5000
1,200,67.243595825427,47,125.583489668453,45.7321693015961,1,3162,5000
1,200,60.4960468058191,48,98.7181043533795,45.2328102357325,1,3162,5000
0.971,200,109.480866540164,49,207.341598943179,67.3820796515918,1,3162,5000
1,200,61.2461258697027,49,94.517134947888,48.0286782748962,1,3162,5000
1,200,51.4985768500949,47,77.0683373491825,42.4783310240718,1,3162,5000
1,200,45.6658233185747,43,60.5022195059072,39.5072795944587,1,3162,5000
1,200,51.2480234029096,45,76.2251482762505,41.2352684533536,1,3162,5000
1,200,57.2461258697027,45,96.2464961375097,42.7618345309316,1,3162,5000
1,200,44.4995256166983,43,56.9705274163743,39.1002317174495,1,3162,5000
1,200,60.2461258697027,48,99.2471110170502,45.9287471123485,1,3162,5000
1,200,61.4957305502846,48,107.147349509741,44.8089786775373,1,3162,5000
1,200,50.4985768500949,46,70.5739662283014,41.7068330847213,1,3162,5000
1,200,59.1217979127135,49,96.2953978321094,45.4352223102878,1,3162,5000
1,200,51.0820419565676,47,75.7598315104402,41.7693191764744,1,3162,5000
1,200,43.1249604680582,43,53.6977660108443,38.6182540985525,1,3162,5000
1,200,59.1217979127135,49,97.733671428851,44.7485354389711,1,3162,5000
1,200,51.2480234029096,45,76.2843466053043,41.4191109949311,1,3162,5000
1,200,50.2480234029096,44,76.101132700885,40.3605413030356,1,3162,5000
1,200,60.663293274299,50,99.0849529111254,47.10013317678,1,3162,5000
1,200,62.9943074003795,45,104.526142344734,46.5425876325261,1,3162,5000
1,200,49.4985768500949,45,73.9203125514856,40.4302746008215,1,3162,5000
1,200,53.9981024667932,48,79.8461273599628,44.7559629070849,1,3162,5000
1,200,56.1640839131351,48,88.6445224080737,44.0570461272388,1,3162,5000
1,200,49.165348935273,45,71.9766242956098,40.9851631950406,1,3162,5000
1,200,60.9949399114484,45,106.988387252957,43.0060975628872,1,3162,5000
1,200,59.2461258697027,47,99.5199561278275,44.2012759675913,1,3162,5000
0.997,200,77.2404332700822,47,160.982676064168,47.7662782147056,1,3162,5000
1,200,52.2480234029096,46,77.575836383254,42.7106007728808,1,3162,5000
1,200,70.4922517394054,46,125.221748908385,51.144234676886,1,3162,5000
1,200,52.0820419565676,48,77.7399773086968,42.7494649747309,1,3162,5000
1,200,55.9974699557242,48,86.9536457549597,43.7996820189276,1,3162,5000
1,200,54.9974699557242,47,86.5901004169679,43.4361366809358,1,3162,5000
1,200,70.4922517394054,46,126.530296425214,49.1525608148412,1,3162,5000
1,200,46.3329116592874,45,63.528225333135,39.6181736780644,1,3162,5000
1,200,48.0826744676365,46,68.2086142466216,40.8163308816627,1,3162,5000
0.999,200,72.1602888467215,52,135.445139555533,50.5707246282714,1,3162,5000
1,200,51.0820419565676,47,75.2382025831928,42.0691752948581,1,3162,5000
1,200,55.9974699557242,48,86.8429296009076,44.75561144784,1,3162,5000
0.9995,200,71.4922517394054,47,116.881464748018,52.9001238245522,1,3162,5000
1,200,48.165348935273,44,73.7357205556058,39.8458091071554,1,3162,5000
1,200,48.3329116592874,47,63.0039477257839,42.152136033365,1,3162,5000
1,200,52.9971537001898,44,84.3272786010775,40.9647311627474,1,3162,5000
1,200,46.9996837444655,46,66.3869184504044,40.1439551360464,1,3162,5000
1,200,47.1424957079606,46,66.3442709574511,40.101940154162,1,3162,5000
1,200,55.1640839131351,47,86.557591347807,43.1953601650113,1,3162,5000
1,200,51.8984503478811,47,75.9934318423716,42.585435848275,1,3162,5000
1,200,61.4957305502846,48,106.745562851646,45.1644116815006,1,3162,5000
1,200,56.663293274299,46,94.6132514620857,42.753708451333,1,3162,5000
1,200,57.663293274299,47,95.7744487700546,43.9149057593019,1,3162,5000
1,200,55.1640839131351,47,87.5128390979376,43.0250149360147,1,3162,5000
1,200,51.8984503478811,47,77.4940732335497,42.0040352828856,1,3162,5000
1,200,50.9981024667932,45,75.9649218582146,41.4748839075505,1,3162,5000
1,200,56.663293274299,46,90.07105722337,43.2099329349449,1,3162,5000
1,200,49.9987349778621,46,67.4847997714677,43.1175085001205,1,3162,5000
1,200,52.1230629348514,46,85.4539624526872,41.2523947288234,1,3162,5000
0.9995,200,67.243595825427,47,126.540916730876,45.564952151496,1,3162,5000
1,200,54.3979759645794,48,86.1570644117972,43.5695881309623,1,3162,5000
1,200,46.1240117014548,43,67.05621268922,38.0638028220473,1,3162,5000
0.995,200,88.4871916508539,48,160.828434717893,60.0247766955438,1,3162,5000
1,200,47.165348935273,43,72.4732206421054,38.483024563674,1,3162,5000
1,200,62.9949399114484,47,109.115000283469,45.6335012322357,1,3162,5000
1,200,49.4985768500949,45,74.9272951526623,40.1040292871763,1,3162,5000
1,200,49.0826744676365,47,65.9969461925948,41.7530341116334,1,3162,5000
0.9995,200,62.4960468058191,50,101.211518013722,47.6359760667378,1,3162,5000
1,200,50.0820419565676,46,76.3568549087919,39.8665007025933,1,3162,5000
1,200,56.663293274299,46,95.3526304910181,42.0342665863164,1,3162,5000
1,200,58.663293274299,48,97.651736170409,44.00046060642,1,3162,5000
1,200,55.1230629348514,49,80.3384051552533,44.6801719695059,1,3162,5000
1,200,61.9962049335863,50,107.108742869133,46.6269275623647,1,3162,5000
1,200,56.1640839131351,48,86.0122424588742,44.7743392330678,1,3162,5000
1,200,49.4985768500949,45,71.4675842152721,40.6010835827611,1,3162,5000
1,200,51.2480234029096,45,76.9914379800935,41.4014316549828,1,3162,5000
1,200,59.9949399114484,44,106.630880901837,41.6495399783704,1,3162,5000
1,200,45.0624802340291,45,58.951504380219,40.040503958545,1,3162,5000
1,200,68.4922517394054,44,114.257431091307,48.2751414012379,1,3162,5000
1,200,51.4985768500949,47,76.0551307369632,42.3984788288882,1,3162,5000
1,200,70.4922517394054,46,115.510564631619,50.5282749415492,1,3162,5000
0.983,200,96.9841872232764,47,185.485659341774,62.1224714859869,1,3162,5000
1,200,51.5988614800759,48,71.5489748985318,43.6411370322025,1,3162,5000
1,200,53.3316466371495,48,84.560329362287,42.9728530814521,1,3162,5000
0.9995,200,64.243595825427,44,118.25003856435,42.2721764517635,1,3162,5000
0.999,200,76.9898798228969,45,139.815084675662,52.3405432461874,1,3162,5000
1,200,60.2461258697027,48,98.4631621001313,46.477709854717,1,3162,5000
0.9785,200,108.480866540164,48,198.9147339153,69.9501545351608,1,3162,5000
0.986,200,85.988614800759,50,170.465568290631,54.9992495050521,1,3162,5000
1,200,63.9933586337761,43,101.433232048922,46.115500655289,1,3162,5000
0.9995,200,71.9920936116382,47,134.773558317364,47.2990168878887,1,3162,5000
1,200,50.4985768500949,46,73.1050281537391,41.238527521228,1,3162,5000
1,200,52.1230629348514,46,82.0736779134014,40.9863597603338,1,3162,5000
0.9985,200,72.9920936116382,48,135.969351555456,49.0955691392641,1,3162,5000
0.994,200,86.4871916508539,46,160.036114237272,58.2324562149232,1,3162,5000
1,200,50.5988614800759,47,70.979055425006,42.6114478981243,1,3162,5000
1,200,50.1240117014548,47,70.296733426704,42.2043551850848,1,3162,5000
1,200,48.5988614800759,45,73.1952728388407,40.2053930159438,1,3162,5000
0.996,200,79.9898798228969,48,143.683041825673,56.7083422684307,1,3162,5000
1,200,49.7851495436884,48,67.9715533397902,42.9778784504797,1,3162,5000
1,200,58.2461258697027,46,95.1224190554313,43.6377574488532,1,3162,5000
1,200,50.4985768500949,46,74.2929175394127,41.8028795887486,1,3162,5000
1,200,50.1240117014548,47,69.5560759075718,42.2304381255773,1,3162,5000
1,200,51.9971537001898,43,84.3124977375493,39.925274461142,1,3162,5000
1,200,52.2480234029096,46,73.4882131592422,42.8959930453902,1,3162,5000
1,200,57.663293274299,47,97.0312259390719,43.0457736936576,1,3162,5000
1,200,61.4960468058191,49,102.059426134019,45.1995668677319,1,3162,5000
1,200,52.9981024667932,47,77.701080705543,43.6109162526651,1,3162,5000
0.9995,200,72.9920936116382,48,134.959500667651,48.6102359617682,1,3162,5000
1,200,54.4960468058191,42,82.322560585148,41.5005597418,1,3162,5000
1,200,59.2461258697027,47,93.3589575467418,44.6224774708405,1,3162,5000
1,200,52.2480234029096,46,77.2008469160379,42.7108089653738,1,3162,5000
1,200,53.1640839131351,45,85.6774575581935,40.3149101198634,1,3162,5000
1,200,49.0826744676365,47,68.5040846432838,41.6366352441693,1,3162,5000
1,200,51.8984503478811,47,77.5027862510987,42.5962134069072,1,3162,5000
0.9835,200,94.2366382036686,52,186.403149906555,61.6426185972573,1,3162,5000
1,200,52.9981024667932,47,78.3114788884057,43.3212828099743,1,3162,5000
1,200,49.1240117014548,46,68.2933949332601,41.3009850660874,1,3162,5000
1,200,53.1640839131351,45,85.4738757534286,41.0866524770213,1,3162,5000
0.998,200,79.988614800759,44,141.595337026276,53.1207955968005,1,3162,5000
1,200,45.6426538357278,45,59.912730363355,40.0433834310337,1,3162,5000
1,200,46.7497628083491,46,59.961328435012,41.0919815026907,1,3162,5000
0.9965,200,76.9920936116382,52,140.44855902761,53.974333853669,1,3162,5000
1,200,52.5988614800759,49,71.6305801173157,44.7195796956417,1,3162,5000
1,200,50.9990512333966,48,72.5978683464205,43.272230564426,1,3162,5000
1,200,56.663293274299,46,96.2177382312468,42.2329184969014,1,3162,5000
1,200,48.4992093611638,46,66.6335581917172,41.2659506648354,1,3162,5000
1,200,53.0826744676365,51,71.2742756819688,45.8534299243109,1,3162,5000
1,200,70.4922517394054,46,126.36482494544,51.2873107139406,1,3162,5000
1,200,43.899715370019,43,55.4244585985111,38.5958163889391,1,3162,5000
1,200,56.2461258697027,44,94.2236450720611,41.738983465483,1,3162,5000
1,200,61.9949399114484,46,109.212169038364,44.2324093925697,1,3162,5000
1,200,55.1230629348514,49,80.2916677092632,44.7765627425453,1,3162,5000
1,200,56.1640839131351,48,87.957553726513,44.8032737349465,1,3162,5000
0.9955,200,79.2404332700822,49,156.343284548376,49.8757007406592,1,3162,5000
1,200,55.7478652751423,49,86.073705519187,43.7111580808568,1,3162,5000
1,200,60.2461258697027,48,100.425269868189,45.6903710699602,1,3162,5000
1,200,49.5994939911448,48,64.8801266162204,43.0107796838991,1,3162,5000
1,200,56.4960468058191,44,88.6449975275594,44.1571733656366,1,3162,5000
1,200,50.5706153429114,48,69.9575771370951,42.715246333806,1,3162,5000
1,200,46.4995256166983,45,60.0088856282567,41.1392224404009,1,3162,5000
1,200,54.3316466371495,49,78.6653007533744,43.924076844456,1,3162,5000
1,200,46.5994939911448,45,63.2873053150382,40.1686699576695,1,3162,5000
1,200,54.1230629348514,48,82.5820953045209,43.4256015242131,1,3162,5000
1,200,50.1240117014548,47,69.1748762445659,42.1824663773933,1,3162,5000
1,200,55.9971537001898,47,86.6256424893361,45.2365216797219,1,3162,5000
1,200,47.3329116592874,46,61.8197635750492,40.9914376210117,1,3162,5000
1,200,46.9993674889311,45,61.684595235648,40.9402087713849,1,3162,5000
1,200,48.6658233185747,46,63.2349740733211,42.2397179063382,1,3162,5000
0.999,200,66.6613957410921,50,121.762502087255,47.2844818469009,1,3162,5000
1,200,55.3979759645794,49,80.0409773628179,44.8002278372012,1,3162,5000
1,200,53.3979759645794,47,86.8122357732071,41.8252022501205,1,3162,5000
0.9965,200,87.4871916508539,47,160.053470196775,59.208474940608,1,3162,5000
0.9995,200,77.9898798228969,46,143.390046621839,54.4159795756654,1,3162,5000
1,200,48.165348935273,44,72.2409478978733,39.2507518194419,1,3162,5000
0.9995,200,56.2461258697027,44,94.9028795351922,40.4182179286141,1,3162,5000
1,200,47.9993674889311,46,62.6968612665093,41.9524748022462,1,3162,5000
1,200,53.8984503478811,49,78.161512925111,44.9213959105632,1,3162,5000
1,200,58.9968374446553,49,96.3494691998227,45.3646494654774,1,3162,5000
1,200,54.1640839131351,46,84.9680168138761,42.3805405330412,1,3162,5000
1,200,57.663293274299,47,94.9731759543826,44.5884827222511,1,3162,5000
0.9995,200,60.2461258697027,48,97.6169755930219,46.2986116883202,1,3162,5000
1,200,49.4985768500949,45,75.6222476355506,39.8822887487701,1,3162,5000
1,200,53.1230629348514,47,85.8303084527763,41.6763447167442,1,3162,5000
1,200,52.4988931056293,49,73.6387325795653,43.9795506272145,1,3162,5000
1,200,59.0801444233607,49,101.295952658472,44.3127142017988,1,3162,5000
1,200,53.9971537001898,45,86.5539600436546,42.3160568178481,1,3162,5000
1,200,61.9943074003795,44,103.515746867094,45.6577851340133,1,3162,5000
0.996,200,77.1577588024457,49,160.359569996041,46.7935990915497,1,3162,5000
1,200,55.7838845215506,50,84.1526282500092,45.6209368099923,1,3162,5000
1,200,50.9974699557242,43,73.8411065656908,41.5164175502997,1,3162,5000
1,200,51.5988614800759,48,73.5258694308593,43.700389776632,1,3162,5000
1,200,46.7851495436884,45,66.7611813371899,39.5182180228319,1,3162,5000
1,200,45.9993674889311,44,61.5190678349297,39.7746813706665,1,3162,5000
1,200,60.1217979127135,50,95.2610145596741,47.2746135476564,1,3162,5000
1,200,52.1230629348514,46,82.0977541344193,41.3603252919146,1,3162,5000
1,200,62.6613957410921,46,117.156698603424,42.7789629930512,1,3162,5000
1,200,51.5988614800759,48,71.4332606949219,43.565495040273,1,3162,5000
0.9975,200,72.9924098671727,49,146.591195776668,46.7875377543193,1,3162,5000
0.996,200,80.2404332700822,50,152.408270954157,50.9384733576988,1,3162,5000
1,200,49.5988614800759,46,70.1947968780747,41.2017544998331,1,3162,5000
1,200,54.3979759645794,48,84.4211862454313,43.4319389336033,1,3162,5000
0.99,200,90.4871916508539,50,164.154324437015,61.684526840557,1,3162,5000
1,200,45.4992093611638,43,65.4649194400206,37.9723514450807,1,3162,5000
1,200,64.0961733080329,52,108.211011125204,48.2299864572723,1,3162,5000
1,200,68.243595825427,48,123.752113951011,47.2740937106563,1,3162,5000
1,200,60.9943074003795,43,98.7603587066278,45.0254599083988,1,3162,5000
1,200,61.9949399114484,46,107.700432658906,45.466957010582,1,3162,5000
0.999,200,70.9920936116382,46,134.351096870482,45.0018321645997,1,3162,5000
0.9995,200,62.9949399114484,47,109.627898855425,45.6468741874931,1,3162,5000
1,200,60.663293274299,50,94.7788142878225,48.0413854453178,1,3162,5000
1,200,59.0974383301708,51,92.7931152586963,46.6391515226643,1,3162,5000
1,200,61.9943074003795,44,101.412738724172,45.5531957134198,1,3162,5000
1,200,54.9971537001898,46,85.8296164012864,43.8419503671308,1,3162,5000
1,200,58.4960468058191,46,91.264322566056,45.7764984041332,1,3162,5000
1,200,52.8984503478811,48,76.967861992391,43.8776975395131,1,3162,5000
1,200,64.0961733080329,52,108.27461566049,47.9177608217806,1,3162,5000
1,200,48.165348935273,44,73.4890540508318,38.9990161001677,1,3162,5000
1,200,61.9949399114484,46,108.008324660641,44.4271734904959,1,3162,5000
1,200,59.663293274299,49,98.0029605783455,46.3516850143564,1,3162,5000
1,200,58.7478652751423,52,86.6236674885146,47.7359698288056,1,3162,5000
0.999,200,63.4960468058191,51,102.329054210266,48.4685624329098,1,3162,5000
1,200,54.9974699557242,47,85.6464044986009,43.5590863455332,1,3162,5000
1,200,54.1640839131351,46,85.7198434068565,41.8991075856463,1,3162,5000
1,200,48.1240117014548,45,68.2715374425532,40.2791275753805,1,3162,5000
1,200,54.9974699557242,47,87.6566746686533,43.2941272303231,1,3162,5000
1,200,48.9987349778621,45,66.9903128228642,41.8716774654954,1,3162,5000
1,200,51.9981024667932,46,78.4376054033576,42.1141814101044,1,3162,5000
1,200,53.9971537001898,45,86.0974350033696,41.9434712673376,1,3162,5000
0.997,200,74.9920936116382,50,139.331121062579,51.4394122285074,1,3162,5000
1,200,51.165348935273,47,70.4079785001884,42.8154421308019,1,3162,5000
1,200,45.2492884250474,43,59.8271030072513,39.3326374791045,1,3162,5000
1,200,50.1240117014548,47,68.1001491550261,42.356395201832,1,3162,5000
1,200,45.3329116592874,44,61.8620371976434,38.718409746663,1,3162,5000
1,200,56.663293274299,46,94.9962509702268,43.0834697286979,1,3162,5000
1,200,45.5994939911448,44,60.2728977880937,39.4445718340562,1,3162,5000
1,200,64.9933586337761,44,105.546386447321,47.6884247142405,1,3162,5000
1,200,50.165348935273,46,73.702502435952,41.7116738464517,1,3162,5000
1,200,58.2461258697027,46,97.8468083616959,43.111909563467,1,3162,5000
1,200,57.1640839131351,49,89.5378447864499,45.4258507953051,1,3162,5000
1,200,49.9987349778621,46,66.0272247527371,43.200480076372,1,3162,5000
1,200,54.3979759645794,48,85.9059827220628,43.4175260490711,1,3162,5000
1,200,49.9981024667932,44,75.6625264019407,40.1721721957421,1,3162,5000
1,200,56.2461258697027,44,95.1932359034743,40.8755045098416,1,3162,5000
1,200,62.0961733080329,50,106.191975657551,46.7101603507829,1,3162,5000
1,200,64.9949399114485,49,110.34337848907,48.4620059400508,1,3162,5000
1,200,51.3316466371495,46,78.271220683748,40.5303130303641,1,3162,5000
1,200,49.5988614800759,46,74.0185546883628,41.1286432399125,1,3162,5000
1,200,51.8984503478811,47,76.2265086570246,43.3612730466515,1,3162,5000
1,200,60.9949399114484,45,106.747686924904,42.7663460014382,1,3162,5000
1,200,52.8984503478811,48,77.9221447544935,43.8319803016156,1,3162,5000
1,200,63.9949399114484,48,110.337530979583,47.9991601473788,1,3162,5000
1,200,49.4992093611638,47,68.6367900455775,42.4301622331622,1,3162,5000
1,200,50.4985768500949,46,72.4355151731436,41.7775982429307,1,3162,5000
1,200,52.9971537001898,44,85.006470463992,41.0188044298365,1,3162,5000
1,200,52.1230629348514,46,84.1942323580239,41.1069142049562,1,3162,5000
1,200,55.3316466371495,50,85.3037570381346,44.7162807572997,1,3162,5000
0.982,200,104.982605945604,50,196.858220024999,67.021763668263,1,3162,5000
1,200,49.2496046805819,48,71.1756943898213,41.2550067599307,1,3162,5000
1,200,49.1240117014548,46,71.5971734781457,41.2724844627546,1,3162,5000
1,200,49.0826744676365,47,70.8595341015394,41.4919265746576,1,3162,5000
0.9995,200,66.1202166350411,51,117.077205005987,48.5966547213574,1,3162,5000
1,200,53.1230629348514,47,84.093413445458,42.5059371646231,1,3162,5000
1,200,47.4992093611638,45,66.5958168738329,40.103248878893,1,3162,5000
1,200,66.1202166350411,51,120.490751935659,46.0127316953048,1,3162,5000
1,200,47.9993674889311,46,62.6650650425,41.7957181101787,1,3162,5000
1,200,57.2461258697027,45,92.598417766439,42.8613051794687,1,3162,5000
1,200,53.2492884250474,51,74.0512604256911,45.3923947288748,1,3162,5000
1,200,54.7478652751423,48,84.0668630973003,43.6777422876861,1,3162,5000
1,200,50.5988614800759,47,70.2338854766235,42.641349107237,1,3162,5000
1,200,57.2461258697027,45,95.9402836629544,42.4556220563763,1,3162,5000
1,200,55.7478652751423,49,86.4694034280326,44.6480350957534,1,3162,5000
1,200,45.9987349778621,42,61.0433751837294,39.048435272281,1,3162,5000
1,200,49.4992093611638,47,66.6689439843149,42.3016527129676,1,3162,5000
1,200,46.9993674889311,45,60.9000861424543,41.0717601884168,1,3162,5000
1,200,52.1230629348514,46,83.173251201269,41.0859330482014,1,3162,5000
1,200,55.1640839131351,47,85.948516186442,43.5168625213917,1,3162,5000
1,200,43.3998734977862,43,55.5475701856683,38.652282393132,1,3162,5000
1,200,50.9981024667932,45,76.8422436928983,41.2676337413908,1,3162,5000
1,200,64.6613957410921,48,119.578286935403,45.1002666950492,1,3162,5000
1,200,60.9943074003795,43,98.6069674617293,44.622147727384,1,3162,5000
0.9995,200,67.243595825427,47,122.315659339892,45.8376390995377,1,3162,5000
1,200,56.7478652751423,50,81.6296945072278,46.2824685200587,1,3162,5000
1,200,62.4960468058191,50,101.40151611436,47.5595083435101,1,3162,5000
0.9995,200,78.9898798228969,47,142.369543146887,54.8943692063429,1,3162,5000
0.9995,200,64.3954459203036,50,115.891509294803,47.0770985842826,1,3162,5000
1,200,48.7851495436884,47,65.7464669920836,41.7540571249109,1,3162,5000
1,200,54.1640839131351,46,86.7155751186272,42.2280672122388,1,3162,5000
1,200,59.9968374446553,50,92.7830982333643,46.8598099664446,1,3162,5000
1,200,67.243595825427,47,132.342432435519,46.5349793467566,1,3162,5000
1,200,51.2480234029096,45,77.6318780664865,40.891286668637,1,3162,5000
0.9985,200,77.9898798228969,46,142.246433571184,53.8971688653015,1,3162,5000
0.9975,200,71.1183191018343,50,143.571917972527,47.2017724949812,1,3162,5000
0.9955,200,88.4871916508539,48,160.002427404577,59.0315229137488,1,3162,5000
1,200,48.6658233185747,46,64.0592162963528,42.0642763849043,1,3162,5000
1,200,50.5988614800759,47,72.2166630482076,42.3088251818783,1,3162,5000
1,200,53.9971537001898,45,86.4640999091079,42.2261966833015,1,3162,5000
1,200,48.3329116592874,47,64.7895138577967,41.8791459471916,1,3162,5000
1,200,53.4988931056293,50,75.5153148261154,44.9253085010047,1,3162,5000
1,200,52.9971537001898,44,84.651407091748,41.4974433557159,1,3162,5000
1,200,47.6658233185747,45,66.2364718592186,41.2431132254425,1,3162,5000
1,200,50.165348935273,46,70.7495456467175,41.4239078647229,1,3162,5000
1,200,50.9981024667932,45,76.038382903345,41.7149589100918,1,3162,5000
1,200,46.1240117014548,43,67.1363939479421,37.7691026765948,1,3162,5000
1,200,47.9987349778621,44,67.1470101964487,40.7797189251014,1,3162,5000
0.9995,200,79.9898798228969,48,143.972304752398,56.6230400465159,1,3162,5000
1,200,54.1640839131351,46,85.4536038844183,42.0910564460881,1,3162,5000
1,200,46.7497628083491,46,60.0304667119402,41.1194662902661,1,3162,5000
1,200,56.4960468058191,44,84.8057177667841,44.3166285827234,1,3162,5000
1,200,43.4998418722328,43,55.7463130090522,38.7510568420693,1,3162,5000
1,200,44.6664558296437,44,55.6320332915424,40.3026004431342,1,3162,5000
0.937,200,120.977229601518,49,221.718965705507,75.3877275650896,1,3162,5000
1,200,52.5988614800759,49,73.5561215634193,44.730641909192,1,3162,5000
1,200,47.7851495436884,46,67.2275308791527,40.2351210119801,1,3162,5000
1,200,56.2461258697027,44,89.3227154692253,41.586235393324,1,3162,5000
1,200,49.1240117014548,46,70.0869229007598,41.0941967780526,1,3162,5000
1,200,52.1640839131351,44,87.9234759999385,40.1869959240372,1,3162,5000
1,200,44.9993674889311,43,59.8236487854281,38.9543018531068,1,3162,5000
1,200,55.3979759645794,49,83.7962436831208,44.6419636915543,1,3162,5000
1,200,57.663293274299,47,97.6617202589279,43.1757936302119,1,3162,5000
1,200,49.5988614800759,46,74.8931144524586,40.8029499995807,1,3162,5000
1,200,57.4960468058191,45,89.9876210509473,44.5001131445589,1,3162,5000
0.937,200,120.977229601518,49,236.617038823191,74.6657421754992,1,3162,5000
1,200,54.1230629348514,48,84.3257252606912,43.3380592265356,1,3162,5000
1,200,47.6658233185747,45,64.4492316984365,41.2053196174751,1,3162,5000
1,200,55.1640839131351,47,85.8434106601646,43.7560925070969,1,3162,5000
1,200,48.1240117014548,45,68.2079193963473,40.3821234865855,1,3162,5000
1,200,48.4992093611638,46,67.3993693716555,41.0317618447738,1,3162,5000
1,200,48.165348935273,44,70.2414204865817,39.249010619409,1,3162,5000
1,200,47.9987349778621,44,65.8865220017846,41.1430843041249,1,3162,5000
0.9655,200,108.480866540164,48,212.842648395129,65.5114102547112,1,3162,5000
1,200,66.9933586337761,46,113.682251683872,49.3253968451628,1,3162,5000
1,200,53.7478652751423,47,86.189925599756,42.34538778463,1,3162,5000
0.9995,200,62.4957305502846,49,107.7001727148,47.218989919101,1,3162,5000
1,200,53.3316466371495,48,79.5051772847181,43.114791452966,1,3162,5000
1,200,48.0826744676365,46,65.7657995314752,40.6471641741064,1,3162,5000
1,200,52.8984503478811,48,79.5922568602979,43.2018710285458,1,3162,5000
1,200,52.9971537001898,44,85.4114621440243,41.1735589182178,1,3162,5000
1,200,45.4992093611638,43,65.5436127202494,38.0510447253095,1,3162,5000
1,200,60.4960468058191,48,107.077104042235,44.4959528720897,1,3162,5000
1,200,50.5988614800759,47,75.2965878963605,41.9731639031073,1,3162,5000
1,200,61.1217979127135,51,94.0351627540369,47.648888244233,1,3162,5000
0.9995,200,59.9968374446553,50,98.1334158942674,46.8147357340313,1,3162,5000
1,200,54.3316466371495,49,78.4490098922666,43.8080706133292,1,3162,5000
1,200,58.2461258697027,46,99.1287207106588,42.545988262841,1,3162,5000
1,200,48.4992093611638,46,68.2867403308179,40.9611025488234,1,3162,5000
1,200,50.9990512333966,48,70.3000277937446,43.3076179265719,1,3162,5000
1,200,48.6658233185747,46,65.3104132755791,42.1382234318996,1,3162,5000
1,200,45.5994939911448,44,60.1953684937012,39.3260215613799,1,3162,5000
1,200,51.4985768500949,47,72.4623600204944,42.970108281089,1,3162,5000
0.993,200,80.2404332700822,50,158.154349615568,52.7495622974145,1,3162,5000
1,200,50.9990512333966,48,69.5853052382105,43.4262814136269,1,3162,5000
1,200,55.1230629348514,49,85.2261197509111,44.3815819357851,1,3162,5000
1,200,55.9974699557242,48,84.577592952801,45.1509840027694,1,3162,5000
1,200,51.8984503478811,47,76.7214910633026,42.8562554529294,1,3162,5000
1,200,52.1230629348514,46,83.7049915679281,41.0496046819909,1,3162,5000
1,200,50.1240117014548,47,71.6160567685901,42.1234887736501,1,3162,5000
1,200,44.1246442125237,43,59.4635609168085,38.469253516429,1,3162,5000
1,200,49.2480234029096,43,75.1187983443332,39.2538789894945,1,3162,5000
1,200,52.0615314674257,49,76.4325701076541,42.9422159014555,1,3162,5000
1,200,54.4985768500949,50,79.2579326207972,45.6839551803586,1,3162,5000
1,200,50.9981024667932,45,75.7538269873272,41.7633146533613,1,3162,5000
1,200,56.1640839131351,48,87.9338510725706,44.3463747917357,1,3162,5000
1,200,61.0801444233607,51,95.5406289045555,46.8861907852217,1,3162,5000
1,200,46.4992093611638,44,65.3686426156529,38.976359250694,1,3162,5000
1,200,43,43,49.3894211846029,40.3919512288786,1,3162,5000
1,200,59.1217979127135,49,97.0663294433247,44.6816362111931,1,3162,5000
1,200,67.243595825427,47,121.602912567173,45.7910319009279,1,3162,5000
0.993,200,81.2404332700822,51,154.011474661272,53.6413291837259,1,3162,5000
1,200,50.4992093611638,48,69.6812130903123,43.2722683296123,1,3162,5000
1,200,45.7497628083491,45,60.1495277434226,40.1552203430431,1,3162,5000
1,200,56.9974699557242,49,81.008983927402,46.2257902735964,1,3162,5000
0.994,200,81.1577588024457,53,152.971924747917,54.9013681381762,1,3162,5000
0.986,200,98.9841872232764,49,183.794993674136,64.0784376969067,1,3162,5000
0.9995,200,68.9943074003795,51,132.612764478559,49.2221625388588,1,3162,5000
1,200,55.9974699557242,48,86.1738074198232,43.9365367050857,1,3162,5000
1,200,58.0974383301708,50,97.0010906940811,45.5164290875029,1,3162,5000
1,200,52.9971537001898,44,84.1784832262206,40.6909753198322,1,3162,5000
0.9955,200,88.4871916508539,48,162.703404113863,60.3332586363174,1,3162,5000
1,200,53.9971537001898,45,81.3040810843423,42.4404267516415,1,3162,5000
1,200,47.165348935273,43,66.746024479402,39.2528239733931,1,3162,5000
1,200,61.2461258697027,49,98.7754932475992,47.2908316410211,1,3162,5000
0.987,200,85.6563356525406,53,174.613005294608,55.2209387905867,1,3162,5000
0.9965,200,69.8946552814674,53,117.439094001667,51.5823972907243,1,3162,5000
1,200,51.9981024667932,46,77.0712620703796,42.2307022980836,1,3162,5000
1,200,67.243595825427,47,121.475579301075,45.164173018132,1,3162,5000
1,200,70.4922517394054,46,120.248885064644,50.8692519210641,1,3162,5000
0.9955,200,76.1577588024457,48,159.329844891426,45.8635261058476,1,3162,5000
0.9975,200,72.9920936116382,48,135.661825792396,49.3538983203317,1,3162,5000
1,200,47.7851495436884,46,66.2507046749659,40.4239599986007,1,3162,5000
1,200,47.1240117014548,44,65.9372256071918,38.9444994844847,1,3162,5000
1,200,50.9981024667932,45,77.1521929359244,40.9120759213766,1,3162,5000
1,200,59.663293274299,49,99.1399710144016,46.2804280036489,1,3162,5000
1,200,60.9949399114484,45,107.11930424708,42.8877261319626,1,3162,5000
1,200,59.2461258697027,47,98.2378194388569,45.5868601304024,1,3162,5000
1,200,64.6613957410921,48,117.790060033515,46.8096678766521,1,3162,5000
1,200,53.8984503478811,49,77.8395768156142,44.8490644816484,1,3162,5000
1,200,45.5994939911448,44,61.1325154203438,39.3048219773752,1,3162,5000
1,200,56.663293274299,46,95.6259298340662,42.5414579808088,1,3162,5000
0.9995,200,70.9920936116382,46,132.469699890722,45.1617724186583,1,3162,5000
1,200,57.9974699557242,50,81.9929464458816,47.0857410906212,1,3162,5000
1,200,52.4985768500949,48,78.0477305886842,43.3068229353003,1,3162,5000
1,200,53.1230629348514,47,85.0238145794971,42.2863857369923,1,3162,5000
0.9995,200,62.0961733080329,50,106.087743920427,46.8552170387062,1,3162,5000
1,200,58.1217979127135,48,94.4611531724697,44.4757009270554,1,3162,5000
1,200,58.2461258697027,46,101.754270980528,43.6713804049434,1,3162,5000
1,200,62.9949399114484,47,110.646414160906,46.3308965560149,1,3162,5000
1,200,44.6426538357278,44,59.6341308444525,38.639823444073,1,3162,5000
1,200,47.1424957079606,46,65.3457058447263,40.585290495791,1,3162,5000
1,200,50.4985768500949,46,71.5861380089894,41.9282210787765,1,3162,5000
1,200,47.5994939911448,46,62.11129291188,41.2829669578425,1,3162,5000
0.9995,200,69.1602888467215,49,132.863447213811,47.1753203501623,1,3162,5000
1,200,59.4960468058191,47,104.511326092342,42.6962828707526,1,3162,5000
0.9995,200,64.6613957410921,48,116.740529665833,45.8873117657698,1,3162,5000
1,200,51.4985768500949,47,75.2165493948019,42.6265430696912,1,3162,5000
1,200,55.9974699557242,48,86.4600662424741,44.2584985186104,1,3162,5000
1,200,58.663293274299,48,90.495173091614,45.5090883351308,1,3162,5000
1,200,53.1230629348514,47,84.2859366892814,42.4652008680712,1,3162,5000
1,200,53.9968374446553,44,79.4632372514507,43.1398132581975,1,3162,5000
1,200,54.3316466371495,49,83.8801284349407,43.9924307752316,1,3162,5000
1,200,54.9971537001898,46,85.9281758455443,43.5656284072141,1,3162,5000
1,200,58.2461258697027,46,97.583028707751,43.4985568544936,1,3162,5000
1,200,60.1217979127135,50,98.1592401855195,45.8177067979709,1,3162,5000
1,200,48.4992093611638,46,67.1064157957717,41.1844631437432,1,3162,5000
1,200,54.9974699557242,47,86.48351583989,43.4958498057345,1,3162,5000
0.9995,200,66.1202166350411,51,118.625406568708,48.1442237730095,1,3162,5000
0.999,200,66.6613957410921,50,110.350082427005,49.1185043118881,1,3162,5000
1,200,53.1230629348514,47,80.2113961340585,42.470804736209,1,3162,5000
1,200,51.9981024667932,46,77.7247836606955,42.4013596674423,1,3162,5000
1,200,55.9971537001898,47,86.6186311224938,44.5313129694261,1,3162,5000
1,200,53.1230629348514,47,80.0621192171044,42.5730300330437,1,3162,5000
1,200,52.0820419565676,48,77.0038959963584,42.7637789818106,1,3162,5000
1,200,60.2461258697027,48,99.7208313632365,45.4021512030003,1,3162,5000
1,200,61.9949399114484,46,108.449032658372,44.6339894367828,1,3162,5000
1,200,59.2461258697027,47,99.2120502657425,43.8273570336109,1,3162,5000
1,200,53.1230629348514,47,84.1824715483253,42.3617357271151,1,3162,5000
1,200,51.2480234029096,45,79.3199403947963,41.163130358954,1,3162,5000
1,200,48.9990512333966,46,68.4052861418953,41.312907900276,1,3162,5000
0.96,200,116.979127134725,51,216.160005524495,78.1159142320638,1,3162,5000
1,200,57.1217979127135,47,95.6811925427384,42.596720689481,1,3162,5000
1,200,58.663293274299,48,96.994044372745,45.342768808756,1,3162,5000
1,200,52.3979759645794,46,83.683172022603,41.2673863534967,1,3162,5000
0.982,200,97.9841872232764,48,194.016208657872,62.3047127691937,1,3162,5000
1,200,56.663293274299,46,94.6955174684748,42.7106977341295,1,3162,5000
0.9995,200,68.243595825427,48,121.998659693452,48.1454417933885,1,3162,5000
0.9915,200,98.9841872232764,49,180.488672214065,65.2722743646025,1,3162,5000
1,200,53.1640839131351,45,84.5939239534389,41.1060997915161,1,3162,5000
1,200,49.1240117014548,46,68.2125493766817,41.220139509509,1,3162,5000
1,200,56.4960468058191,44,88.9735313320759,43.4860234256875,1,3162,5000
0.995,200,80.1577588024457,52,165.655301008082,53.2729217122773,1,3162,5000
0.998,200,73.1602888467215,53,127.422709711639,52.6941360240996,1,3162,5000
1,200,51.8984503478811,47,76.6298498440371,42.1398118933729,1,3162,5000
1,200,51.4988931056293,48,76.0621659335374,42.4721596084267,1,3162,5000
1,200,47.1246442125237,46,61.6392168620988,41.6445932061848,1,3162,5000
1,200,44.4995256166983,43,59.7799802616387,38.9522868186701,1,3162,5000
1,200,60.4957305502846,47,105.845777707185,44.2793903995738,1,3162,5000
1,200,64.9943074003795,47,102.992778890445,49.508117283867,1,3162,5000
1,200,42.1249604680582,42,51.7906134177058,37.7944084841195,1,3162,5000
1,200,45.9993674889311,44,61.7151951981241,39.8875017551555,1,3162,5000
1,200,59.9974699557242,52,83.9801710612296,49.3392317822922,1,3162,5000
1,200,51.0820419565676,47,77.5373708306037,41.4472063777258,1,3162,5000
1,200,55.0974383301708,47,89.0005952512782,42.0968687068971,1,3162,5000
1,200,55.1640839131351,47,90.0227266970184,42.784823471212,1,3162,5000
1,200,49.4985768500949,45,74.2596676267595,40.4364017612735,1,3162,5000
1,200,43.1666139574109,43,53.7067931688805,38.9605091714105,1,3162,5000
1,200,45.6426538357278,45,59.9125708848504,40.0182318589174,1,3162,5000
1,200,61.9949399114484,46,103.500113481522,45.0160843860125,1,3162,5000
1,200,50.1240117014548,47,69.2217252811474,42.3959293713857,1,3162,5000
1,200,50.5620058507274,49,69.1952638454979,43.2025377227907,1,3162,5000
0.992,200,95.9841872232764,46,176.356223196402,62.1398253469399,1,3162,5000
1,200,53.1230629348514,47,82.5869504813998,42.2641589992155,1,3162,5000
0.9995,200,66.9933586337761,46,113.787256575605,49.3057575243718,1,3162,5000
1,200,54.3316466371495,49,82.3318443154327,44.0929923230228,1,3162,5000
1,200,50.9974699557242,43,73.376205915861,42.0515169004699,1,3162,5000
1,200,50.5988614800759,47,69.9417824949481,42.1159865851864,1,3162,5000
1,200,56.1230629348514,50,80.4887599059505,46.3874878559119,1,3162,5000
0.999,200,69.243595825427,49,129.205254948906,49.5628345398819,1,3162,5000
1,200,46.6658233185747,44,62.4277711257756,40.4331474698616,1,3162,5000
0.9995,200,66.243595825427,46,119.999752772319,45.5217325319644,1,3162,5000
1,200,52.2480234029096,46,76.5098805249967,42.919874199886,1,3162,5000
1,200,49.165348935273,45,70.6433598513285,40.7512346141369,1,3162,5000
1,200,56.663293274299,46,94.5975803401749,42.8990170438887,1,3162,5000
1,200,45.5994939911448,44,63.0822913662239,39.0053094982079,1,3162,5000
1,200,56.2480234029096,50,93.9896603812591,43.6049671491275,1,3162,5000
1,200,54.9968374446553,45,80.392644094022,44.5277247391833,1,3162,5000
1,200,53.9981024667932,48,78.9271700327231,44.6037460394699,1,3162,5000
1,200,51.165348935273,47,73.7860033049017,42.4603655229072,1,3162,5000
1,200,61.9943074003795,44,104.617992629175,45.1349123002696,1,3162,5000
1,200,55.3979759645794,49,79.9557938737726,44.797402560258,1,3162,5000
1,200,57.9974699557242,50,90.5632894287195,46.2007419903893,1,3162,5000
1,200,55.3979759645794,49,86.0769481599821,44.7144007216519,1,3162,5000
1,200,52.9981024667932,47,78.8359606176521,43.3456064114535,1,3162,5000
1,200,55.7478652751423,49,85.8501273776438,44.9249415775173,1,3162,5000
1,200,55.9974699557242,48,90.8158997592944,44.4296252494905,1,3162,5000
1,200,55.9974699557242,48,87.7117060188323,44.6243878657646,1,3162,5000
1,200,50.4985768500949,46,70.4791798586639,41.9869281192585,1,3162,5000
1,200,53.1230629348514,47,84.9027364587469,41.7487727227149,1,3162,5000
1,200,51.8984503478811,47,78.5227573518973,42.4325928990193,1,3162,5000
1,200,48.9987349778621,45,69.1443671250176,41.7520837600587,1,3162,5000
1,200,45.9993674889311,44,59.9588680771099,40.1311746341413,1,3162,5000
1,200,45.3329116592874,44,64.0658165381251,38.6985252667779,1,3162,5000
0.9995,200,69.1602888467215,49,134.013091814723,47.138676887462,1,3162,5000
1,200,59.663293274299,49,98.6263013863133,45.3918769713861,1,3162,5000
1,200,46.9993674889311,45,61.8436093287853,41.249175426192,1,3162,5000
1,200,49.0826744676365,47,69.4079817473495,41.540532348235,1,3162,5000
1,200,58.4960468058191,46,88.823598585133,46.4610511468028,1,3162,5000
1,200,48.7851495436884,47,66.674832008825,41.6821058861179,1,3162,5000
0.942,200,118.977229601518,47,241.87649276669,69.9280424188089,1,3162,5000
1,200,53.3316466371495,48,82.3820658552864,43.3928185434584,1,3162,5000
1,200,62.9949399114484,47,110.258197369688,45.6918100620771,1,3162,5000
1,200,48.165348935273,44,69.7918916085924,39.8004305080231,1,3162,5000
1,200,69.243595825427,49,124.040248149748,48.0623860371613,1,3162,5000
1,200,53.9974699557242,46,84.387415519456,42.3000973663883,1,3162,5000
1,200,46.6658233185747,44,66.388454148689,39.8958861537491,1,3162,5000
1,200,60.9949399114484,45,106.893800653595,42.537578325954,1,3162,5000
1,200,54.3979759645794,48,88.6891297091955,42.7030449527123,1,3162,5000
1,200,49.4992093611638,47,69.0427675051203,42.1220798752297,1,3162,5000
1,200,46.9993674889311,45,64.3940378656705,40.6506001680108,1,3162,5000
1,200,62.9943074003795,45,101.432027278671,46.9473656720932,1,3162,5000
1,200,47.6658233185747,45,63.3602152687733,41.3659078683938,1,3162,5000
0.9965,200,78.2404332700822,48,161.446376290424,48.9800575048454,1,3162,5000
1,200,79.9898798228969,48,140.170179959941,55.8606712102045,1,3162,5000
1,200,55.9974699557242,48,86.6017517723487,44.7377811841134,1,3162,5000
1,200,50.8984503478811,46,75.6675239605923,41.3440999673391,1,3162,5000
1,200,53.9971537001898,45,80.2760777197206,42.5354863218711,1,3162,5000
1,200,68.243595825427,48,122.372113976644,46.3936193529876,1,3162,5000
1,200,53.3979759645794,47,82.9929670129419,42.2555381704372,1,3162,5000
1,200,52.0820419565676,48,76.0475596946754,42.7068417946121,1,3162,5000
1,200,52.165348935273,48,72.2106994464587,43.9677361321007,1,3162,5000
1,200,56.2461258697027,44,94.3073570310382,40.8226954244601,1,3162,5000
1,200,56.1640839131351,48,92.064304376186,43.7443591938119,1,3162,5000
1,200,64.1202166350411,49,118.459170680534,44.564615546652,1,3162,5000
1,200,57.1217979127135,47,98.8375798526885,42.8543413960155,1,3162,5000
1,200,58.3979759645794,52,85.8334691260925,48.1777659846209,1,3162,5000
1,200,48.1240117014548,45,68.305130144141,40.3124040214338,1,3162,5000
1,200,52.9971537001898,44,84.6705917472679,41.3500140538249,1,3162,5000
1,200,47.1424957079606,46,62.5469713604259,40.6359709387518,1,3162,5000
1,200,52.9981024667932,47,78.088421944894,43.8483049303462,1,3162,5000
1,200,56.1640839131351,48,86.541196704947,44.3396289810833,1,3162,5000
1,200,53.1230629348514,47,84.7537977318391,42.6664795787715,1,3162,5000
1,200,53.1640839131351,45,87.9852653970638,41.5989908872599,1,3162,5000
1,200,51.2480234029096,45,76.5754124792614,41.6569386381121,1,3162,5000
1,200,48.1240117014548,45,68.0109315137659,40.1851356040042,1,3162,5000
1,200,45.3329116592874,44,64.0413392688975,38.715701486903,1,3162,5000
0.9995,200,63.4957305502846,50,108.525545326195,47.7105021046053,1,3162,5000
0.9995,200,59.3306978705461,51,93.8394723627517,46.6022016480142,1,3162,5000
1,200,49.4992093611638,47,67.5666207910718,42.3227087101104,1,3162,5000
1,200,53.9981024667932,48,79.0386462941628,45.1320734499714,1,3162,5000
1,200,49.165348935273,45,71.6930296500858,40.7851917837565,1,3162,5000
0.943,200,123.977229601518,52,233.018834989188,80.2313059990977,1,3162,5000
1,200,65.243595825427,45,119.188341061828,43.3351231617647,1,3162,5000
1,200,48.9987349778621,45,68.0825149764166,42.2387926487759,1,3162,5000
1,200,53.9971537001898,45,86.2609234488105,42.7730992868877,1,3162,5000
1,200,46.6426538357278,46,60.8087233464354,40.8137834349869,1,3162,5000
1,200,49.4992093611638,47,68.3428921705335,41.9752846436518,1,3162,5000
0.997,200,68.9943074003795,51,120.614438274115,49.6362599059933,1,3162,5000
1,200,49.165348935273,45,70.7183556235128,40.8262303863212,1,3162,5000
1,200,51.4985768500949,47,74.4389170436377,42.7810001134247,1,3162,5000
1,200,53.2480234029096,47,77.5708293626921,43.9808230375814,1,3162,5000
1,200,50.5988614800759,47,69.9984842581925,42.5059162632526,1,3162,5000
1,200,51.9981024667932,46,77.8324494041658,42.3424114535017,1,3162,5000
0.999,200,67.243595825427,47,122.104612232344,46.1267501197567,1,3162,5000
0.998,200,78.9898798228969,47,138.221398006304,55.4940893409021,1,3162,5000
1,200,51.4985768500949,47,77.1195311664809,42.6291769602823,1,3162,5000
0.9915,200,96.9841872232764,47,170.140337568899,62.3388933352911,1,3162,5000
1,200,45.1246442125237,44,59.4070399479057,39.4127325475262,1,3162,5000
0.9975,200,71.5938013915244,52,125.309552672783,50.8818328751862,1,3162,5000
1,200,48.9993674889311,47,62.7411209020151,43.0318049175568,1,3162,5000
1,200,47.5994939911448,46,63.0460954806092,41.2184020376406,1,3162,5000
1,200,57.1217979127135,47,92.9966487412898,43.3223326438832,1,3162,5000
1,200,58.663293274299,48,96.6289136261584,44.1442520195802,1,3162,5000
1,200,67.6613957410921,51,117.051667941789,49.7383641256384,1,3162,5000
1,200,56.663293274299,46,96.2913651565465,42.2068933032891,1,3162,5000
0.9995,200,69.1602888467215,49,133.829731321377,46.521803849313,1,3162,5000
1,200,42.4995256166983,41,57.0488279772258,37.0545205768463,1,3162,5000
1,200,41.6664558296437,41,51.7219075061745,37.3924746577663,1,3162,5000
1,200,57.2461258697027,45,95.7945480540245,42.4098548218929,1,3162,5000
1,200,63.9962049335863,52,99.4986101707101,49.2992562355877,1,3162,5000
1,200,46.6658233185747,44,62.2182748724938,40.2236512165798,1,3162,5000
1,200,57.9968374446553,48,95.2672989886412,44.2824792542958,1,3162,5000
1,200,56.9974699557242,49,89.1753779457942,45.3540096135151,1,3162,5000
1,200,49.4992093611638,47,70.2655596430642,41.898268371717,1,3162,5000
1,200,50.9981024667932,45,76.6325830860704,41.1425451354063,1,3162,5000
1,200,57.4960468058191,45,89.1471448133151,44.3264089921049,1,3162,5000
1,200,48.4992093611638,46,66.6067319179329,41.363136092506,1,3162,5000
1,200,62.9949399114484,47,108.42952124616,46.0726664074501,1,3162,5000
1,200,55.9974699557242,48,84.2675290598021,44.9215680947709,1,3162,5000
1,200,53.9968374446553,44,79.9437336853872,43.2037747986067,1,3162,5000
1,200,47.165348935273,43,68.4973736998697,38.5043313216281,1,3162,5000
1,200,52.4988931056293,49,76.4766865510337,43.611767196195,1,3162,5000
1,200,61.9949399114484,46,107.511214442367,44.7801107105521,1,3162,5000
1,200,46.6658233185747,44,61.3076815404029,40.3966811187288,1,3162,5000
1,200,51.9990512333966,49,71.2329688522811,44.4904799212248,1,3162,5000
1,200,51.2480234029096,45,76.3518044214594,42.0045784342904,1,3162,5000
1,200,61.4957305502846,48,108.364973928023,45.383316749022,1,3162,5000
0.9985,200,70.243595825427,50,135.457058429183,48.1077937233003,1,3162,5000
1,200,43.3998734977862,43,54.0090461555187,38.8878807538741,1,3162,5000
1,200,55.1230629348514,49,87.4549481311118,44.3009843950797,1,3162,5000
1,200,56.1640839131351,48,91.1931061481582,44.289379603777,1,3162,5000
1,200,50.165348935273,46,72.5336802118786,41.4422507368628,1,3162,5000
1,200,58.2461258697027,46,98.4023759250788,42.9183468295696,1,3162,5000
0.998,200,75.9920936116382,51,130.954933007718,55.2897883208111,1,3162,5000
1,200,47.1240117014548,44,67.0499800777838,39.0575702106111,1,3162,5000
1,200,51.4992093611638,49,71.455009871046,44.0877185996988,1,3162,5000
1,200,49.9981024667932,44,75.6281394411125,40.5379749882345,1,3162,5000
1,200,49.1240117014548,46,68.1314526349808,41.305656725219,1,3162,5000
1,200,42.899715370019,42,55.3741431739631,37.5455009643911,1,3162,5000
1,200,55.3316466371495,50,84.0551248515356,44.9662254207956,1,3162,5000
1,200,47.1240117014548,44,71.3756072958395,38.8843043230375,1,3162,5000
1,200,54.1640839131351,46,84.3053622565334,41.8175380946106,1,3162,5000
0.9995,200,62.4960468058191,50,107.314437194757,46.9575823560473,1,3162,5000
1,200,49.4992093611638,47,65.5116496713829,42.6419864835271,1,3162,5000
1,200,54.1230629348514,48,86.1554468066976,43.3340784744184,1,3162,5000
1,200,66.243595825427,46,120.82048584267,43.8419912190145,1,3162,5000
0.994,200,94.9841872232764,45,175.04588092565,58.7468086085509,1,3162,5000
1,200,56.0974383301708,48,95.9690087751128,43.2341099768838,1,3162,5000
1,200,49.165348935273,45,69.8265415492003,40.5009037672058,1,3162,5000
1,200,45.1246442125237,44,59.3515961225126,39.3569724665986,1,3162,5000
0.9995,200,64.6613957410921,48,119.62802170015,44.3166154172063,1,3162,5000
1,200,60.4957305502846,47,106.920543520934,43.7725886400573,1,3162,5000
0.994,200,87.4871916508539,47,160.237634553898,59.8674890763519,1,3162,5000
1,200,61.4957305502846,48,108.755137466806,44.7737965433396,1,3162,5000
1,200,50.9990512333966,48,70.5557080191799,43.3127447048219,1,3162,5000
1,200,51.165348935273,47,70.8224178200268,43.3298498250868,1,3162,5000
1,200,51.0820419565676,47,74.8777230760066,41.5542990827534,1,3162,5000
1,200,52.9981024667932,47,78.0986889303033,43.7752649370501,1,3162,5000
1,200,48.7851495436884,47,66.7240427876226,41.8803204599818,1,3162,5000
1,200,61.9968374446553,52,95.5359370716375,49.5485872930163,1,3162,5000
1,200,48.9990512333966,46,68.7926477155558,41.7002694739365,1,3162,5000
1,200,50.165348935273,46,75.509984190298,41.6447485799248,1,3162,5000
1,200,54.9971537001898,46,86.0180705447502,42.5305626383618,1,3162,5000
1,200,45.9993674889311,44,60.4298021062995,39.6854156420364,1,3162,5000
1,200,49.5988614800759,46,75.0996428997809,40.8588933741642,1,3162,5000
0.996,200,73.9920936116382,49,138.073544301063,50.7656168289986,1,3162,5000
1,200,59.2461258697027,47,97.1164018887483,44.6320565377047,1,3162,5000
1,200,65.6613957410921,49,120.528451783147,46.6338966492658,1,3162,5000
1,200,50.9981024667932,45,76.1916907150763,42.2011783811105,1,3162,5000
1,200,57.0974383301708,49,94.9562068037923,44.1145152884765,1,3162,5000
1,200,50.4985768500949,46,75.3869525282559,41.4684786871066,1,3162,5000
1,200,50.2480234029096,44,75.40681252739,40.5418931725513,1,3162,5000
1,200,58.2461258697027,46,96.8904709357399,43.4058093291618,1,3162,5000
1,200,51.5988614800759,48,72.3215694450092,43.4550688124981,1,3162,5000
1,200,49.5988614800759,46,74.103465793701,41.2135543452506,1,3162,5000
1,200,46.5994939911448,45,63.1740089311441,40.347264254779,1,3162,5000
1,200,59.2461258697027,47,97.5297739327945,44.7948751345655,1,3162,5000
0.9965,200,79.988614800759,44,152.808784614168,52.9637893580013,1,3162,5000
0.998,200,72.9920936116382,48,136.632225339598,49.657525782356,1,3162,5000
1,200,62.9949399114484,47,106.696284551074,46.3394297123643,1,3162,5000
1,200,64.6613957410921,48,119.015500500478,46.0376383878914,1,3162,5000
1,200,52.5699828318424,48,75.761670017341,43.1047018537315,1,3162,5000
1,200,69.4922517394054,45,120.226645476636,50.2468858308422,1,3162,5000
1,200,55.4960468058191,43,87.4941717965009,43.1316243581707,1,3162,5000
1,200,55.1230629348514,49,81.2530382000195,44.7626839938209,1,3162,5000
1,200,45.6658233185747,43,61.2578419051447,39.2632182492307,1,3162,5000
0.999,200,67.243595825427,47,131.910835803295,46.0370533871031,1,3162,5000
1,200,54.3316466371495,49,83.1716966559029,43.7825758462887,1,3162,5000
1,200,59.2461258697027,47,97.6469507830633,43.9956752190743,1,3162,5000
1,200,49.5988614800759,46,72.1974156726893,41.2059545721201,1,3162,5000
1,200,49.9981024667932,44,75.4053826593308,40.0819586660776,1,3162,5000
1,200,65.9933586337761,45,112.22219040861,47.865968080969,1,3162,5000
1,200,50.4985768500949,46,76.1593223724122,41.6689681662136,1,3162,5000
1,200,58.2461258697027,46,96.4626160700167,42.9779544634386,1,3162,5000
1,200,49.9993674889311,48,63.8831917966201,44.0554983536515,1,3162,5000
1,200,59.1217979127135,49,95.1030101397834,45.1156603611622,1,3162,5000
0.9965,200,77.9898798228969,46,136.244686123535,53.0545035989127,1,3162,5000
1,200,44.7497628083491,44,59.9989435716356,39.0046361712561,1,3162,5000
1,200,46.2221519432146,46,59.096597740239,40.6011834454888,1,3162,5000
1,200,50.165348935273,46,74.4989266910572,41.6336910806841,1,3162,5000
0.9995,200,77.9898798228969,46,134.824632314162,53.3478770959459,1,3162,5000
1,200,57.9974699557242,50,88.8547227728001,46.7004427812335,1,3162,5000
1,200,57.2461258697027,45,95.0782958664649,42.5939505154212,1,3162,5000
1,200,44.9993674889311,43,59.7137446852442,38.8443977529229,1,3162,5000
1,200,65.6613957410921,49,117.116567484678,47.1355428167467,1,3162,5000
1,200,56.9974699557242,49,91.6407138593654,44.7795895709404,1,3162,5000
1,200,50.2480234029096,44,75.7366021303952,40.871366520022,1,3162,5000
1,200,52.2480234029096,46,80.7539634017517,41.8903090690509,1,3162,5000
1,200,51.5988614800759,48,71.0903946093463,43.6606231039699,1,3162,5000
1,200,70.4922517394054,46,116.142258852237,51.160917928771,1,3162,5000
1,200,58.0974383301708,50,97.9189924198129,45.4340145577003,1,3162,5000
1,200,47.4992093611638,45,67.1862005363481,40.1918931359685,1,3162,5000
1,200,69.9943074003795,52,127.053020421323,50.2017000544662,1,3162,5000
1,200,56.663293274299,46,94.9469513852808,41.9621316509355,1,3162,5000
1,200,63.9949399114484,48,110.62450566072,47.1430066094868,1,3162,5000
1,200,54.1230629348514,48,85.3694595275745,43.4445899829824,1,3162,5000
0.9985,200,68.243595825427,48,125.20852844433,47.5808718978407,1,3162,5000
1,200,57.9974699557242,50,86.520681481453,46.6329838217439,1,3162,5000
1,200,56.2461258697027,44,94.6477093264949,41.0633956010047,1,3162,5000
0.9495,200,122.977229601518,51,222.867383910406,76.4102365353265,1,3162,5000
1,200,60.9943074003795,43,99.678651947356,45.6941484685451,1,3162,5000
1,200,51.5988614800759,48,74.1978458245171,43.2048034462755,1,3162,5000
1,200,49.165348935273,45,70.9587441215061,40.8663658798869,1,3162,5000
0.981,200,87.988614800759,52,184.701554011519,54.7401371867251,1,3162,5000
0.999,200,70.4922517394054,46,121.214757098243,49.8344914435936,1,3162,5000
1,200,47.9993674889311,46,63.4416907501217,41.9478577330439,1,3162,5000
1,200,55.9974699557242,48,89.3388027648201,44.184839028788,1,3162,5000
1,200,55.3979759645794,49,85.4111019876923,44.547131399457,1,3162,5000
1,200,46.6658233185747,44,62.3814924038746,40.3868687479606,1,3162,5000
1,200,46.4992093611638,44,66.4878066260554,39.1621688440609,1,3162,5000
0.9985,200,72.9920936116382,48,137.04741015014,48.7394826780757,1,3162,5000
1,200,43.2492884250474,41,54.8673239682163,37.5378911198081,1,3162,5000
1,200,55.1230629348514,49,79.468228364799,45.3098370512844,1,3162,5000
1,200,59.0974383301708,51,98.1494600083896,46.0649881551321,1,3162,5000
1,200,54.1230629348514,48,84.2444178671513,43.2567518329957,1,3162,5000
1,200,65.6613957410921,49,119.966074755301,47.112856855238,1,3162,5000
0.985,200,92.2366382036686,50,196.287896319451,52.9566581790333,1,3162,5000
1,200,56.0974383301708,48,88.4008183970562,43.6633895545515,1,3162,5000
1,200,58.663293274299,48,97.6299894045953,45.2452961724638,1,3162,5000
0.9995,200,68.243595825427,48,118.860818603418,48.4805529487691,1,3162,5000
1,200,59.663293274299,49,100.075385204418,45.7335355613347,1,3162,5000
1,200,45.2499209361164,45,61.0073088976903,39.5128433695436,1,3162,5000
1,200,50.1230629348514,44,82.6742891636673,38.6866231295117,1,3162,5000
1,200,53.1230629348514,47,77.4517966219956,42.8108573430582,1,3162,5000
1,200,58.663293274299,48,95.936726218371,45.4520646117929,1,3162,5000
1,200,64.9949399114485,49,111.510812735121,48.9212559446628,1,3162,5000
1,200,51.4985768500949,47,72.438126228776,42.9455582338361,1,3162,5000
1,200,57.4960468058191,45,89.6750520937183,45.186911676261,1,3162,5000
0.9955,200,79.2404332700822,49,163.422978455907,48.1239061388086,1,3162,5000
1,200,50.165348935273,46,68.4945926484878,42.0856478877878,1,3162,5000
1,200,58.2461258697027,46,96.2962292424362,43.4366862316835,1,3162,5000
1,200,51.165348935273,47,71.3332104991703,43.3408006319977,1,3162,5000
0.9995,200,62.4960468058191,50,101.500657385,47.8509630986836,1,3162,5000
1,200,61.4957305502846,48,105.51467790788,45.6333053588599,1,3162,5000
1,200,46.6658233185747,44,62.179497249424,40.1851898490445,1,3162,5000
1,200,53.2480234029096,47,78.1922947490286,43.70194054283,1,3162,5000
1,200,45.2492884250474,43,60.0918080548214,39.3474215905583,1,3162,5000
1,200,47.6658233185747,45,63.34863068074,41.0217278766076,1,3162,5000
1,200,45.5994939911448,44,63.0027019717198,38.8837503588165,1,3162,5000
0.9925,200,87.4871916508539,47,164.791615750184,56.990171516577,1,3162,5000
1,200,56.9971537001898,48,86.8125553842191,45.8248893500635,1,3162,5000
1,200,60.4957305502846,47,106.923250943148,44.0418783941281,1,3162,5000
1,200,53.1640839131351,45,85.1188968555478,40.7983191621048,1,3162,5000
1,200,58.663293274299,48,96.7873515539504,44.4689876492488,1,3162,5000
1,200,58.663293274299,48,97.8556812950596,44.5379499014268,1,3162,5000
1,200,49.388449645091,48,66.1849165917842,41.9782887793689,1,3162,5000
1,200,47.1240117014548,44,67.3265285231431,39.333802400436,1,3162,5000
1,200,49.9981024667932,44,75.7730522886855,40.2830143380214,1,3162,5000
1,200,52.9981024667932,47,76.9114717853943,43.9212757069629,1,3162,5000
1,200,50.1240117014548,47,70.1760744420948,42.5835380727083,1,3162,5000
1,200,51.4988931056293,48,76.2512653924518,42.3446925482603,1,3162,5000
1,200,48.1240117014548,45,68.2672955179249,40.0249647146359,1,3162,5000
1,200,55.9974699557242,48,86.2485868439266,44.3846162556913,1,3162,5000
1,200,51.4985768500949,47,76.9113691774156,42.4213312267515,1,3162,5000
1,200,50.9990512333966,48,71.7166841981416,42.8912045439143,1,3162,5000
1,200,44.9993674889311,43,58.7933794027602,38.9647371931882,1,3162,5000
1,200,41.4998418722328,41,50.1688125965709,37.1716588963811,1,3162,5000
1,200,50.9981024667932,45,75.9334153161802,41.4430611099816,1,3162,5000
1,200,56.4960468058191,44,88.1070097352113,43.2862739140011,1,3162,5000
0.958,200,118.977229601518,47,223.936979487817,69.149450497726,1,3162,5000
1,200,57.663293274299,47,96.4626759049363,43.8114003409473,1,3162,5000
0.9885,200,97.9841872232764,48,178.146650014244,61.281090241948,1,3162,5000
1,200,49.0826744676365,47,67.9815884017361,41.6142971303889,1,3162,5000
0.9995,200,63.4960468058191,51,103.070269038147,48.085133048267,1,3162,5000
1,200,50.9974699557242,43,71.6939356785187,42.3682978965242,1,3162,5000
1,200,54.9971537001898,46,87.5842960836766,43.2217486453465,1,3162,5000
1,200,61.4957305502846,48,107.480255697118,44.4985985181169,1,3162,5000
1,200,51.8984503478811,47,75.9369381614555,42.5962202613923,1,3162,5000
1,200,62.9952561669829,48,97.5478821664822,49.5614811544645,1,3162,5000
0.9985,200,77.9898798228969,46,134.191922624695,55.0887837885154,1,3162,5000
1,200,61.4957305502846,48,112.780355142127,44.3635501136643,1,3162,5000
1,200,61.1217979127135,51,98.2503937816855,46.9088603941369,1,3162,5000
1,200,52.4985768500949,48,76.2650340684392,43.8746482366872,1,3162,5000
1,200,50.1240117014548,47,69.1197330021749,42.2939370924131,1,3162,5000
0.98,200,103.982605945604,49,198.090107549848,67.7012036011716,1,3162,5000
0.9995,200,63.9949399114484,48,109.926839074689,46.9445493846194,1,3162,5000
1,200,61.9943074003795,44,101.406950749224,45.6720519509955,1,3162,5000
1,200,51.8984503478811,47,76.5961866548635,42.5060222019856,1,3162,5000
1,200,46.6658233185747,44,65.7120933284629,39.8862974187011,1,3162,5000
1,200,63.9949399114484,48,109.951579120395,48.0525964090308,1,3162,5000
0.999,200,72.9920936116382,48,135.938994021735,48.5483920820344,1,3162,5000
0.9995,200,66.6613957410921,50,120.211178609223,47.8972422820044,1,3162,5000
1,200,62.9949399114484,47,109.86395470063,45.9825821516106,1,3162,5000
1,200,54.1640839131351,46,85.1045503024507,41.5170740216158,1,3162,5000
1,200,61.4957305502846,48,110.156475431934,44.1748182529329,1,3162,5000
1,200,43.2856239269901,43,57.1416325799988,37.6465345407832,1,3162,5000
1,200,54.1230629348514,48,81.8690198851457,43.5462284029615,1,3162,5000
1,200,49.165348935273,45,75.2710783169182,40.2811984940213,1,3162,5000
1,200,59.0608989563567,54,82.687346288131,48.7137366829986,1,3162,5000
1,200,44.6664558296437,44,55.4326884443428,39.9366416385237,1,3162,5000
0.992,200,95.9841872232764,46,176.529950223826,60.3135523743637,1,3162,5000
1,200,59.3306978705461,51,93.6627493556965,46.5087856196644,1,3162,5000
0.9955,200,91.9857685009488,47,163.565744657007,60.7620866346583,1,3162,5000
1,200,51.2492884250474,49,74.5446208786582,42.8879689705831,1,3162,5000
1,200,44.9993674889311,43,59.626571537849,38.8815525625169,1,3162,5000
1,200,44.899715370019,44,57.0502848398141,39.6791985020531,1,3162,5000
1,200,52.0820419565676,48,76.7575272120631,42.433470707741,1,3162,5000
1,200,50.1240117014548,47,71.2692011800598,42.2764750573527,1,3162,5000
1,200,48.5994939911448,47,63.1584626190351,42.2891156867138,1,3162,5000
1,200,45.9987349778621,42,63.5273685229737,38.6589703572558,1,3162,5000
1,200,52.9981024667932,47,76.8242198563296,43.9589842459565,1,3162,5000
1,200,51.9981024667932,46,77.5923952135917,42.2689712203385,1,3162,5000
1,200,62.9949399114484,47,109.178670850464,45.1973299269977,1,3162,5000
1,200,50.4985768500949,46,76.9431451340572,41.077909523684,1,3162,5000
1,200,49.4992093611638,47,69.6511875425753,42.283896271228,1,3162,5000
1,200,54.1230629348514,48,84.3054705415414,43.7167292385686,1,3162,5000
1,200,50.5988614800759,47,72.4349344585105,42.5684338259994,1,3162,5000
1,200,48.4992093611638,46,66.6133275457002,41.2457200188185,1,3162,5000
1,200,53.9981024667932,48,75.2858240231075,45.1943945480917,1,3162,5000
1,200,59.1217979127135,49,96.5523871538987,45.2108537663501,1,3162,5000
1,200,56.1640839131351,48,86.5588068982297,44.0716152473758,1,3162,5000
1,200,60.4957305502846,47,106.905206426011,43.9238655025451,1,3162,5000
1,200,54.1230629348514,48,85.1720080689143,43.3506397366351,1,3162,5000
1,200,50.5988614800759,47,70.4039880499947,42.4952014170619,1,3162,5000
1,200,57.9974699557242,50,88.7662963596102,46.7786303254546,1,3162,5000
0.9995,200,64.9949399114485,49,112.560088885124,48.0779573228216,1,3162,5000
1,200,47.6658233185747,45,66.5797776821481,40.9872413127617,1,3162,5000
1,200,51.4985768500949,47,75.4959641369361,43.1055783051841,1,3162,5000
1,200,56.663293274299,46,95.9147792512211,42.3304655257309,1,3162,5000
1,200,47.9987349778621,44,65.6597702999659,40.8330256236007,1,3162,5000
1,200,50.9981024667932,45,77.5139317860343,41.1905077927811,1,3162,5000
0.999,200,78.9898798228969,47,142.96429317983,55.0905107636379,1,3162,5000
1,200,50.4992093611638,48,69.6406106601019,43.219764902444,1,3162,5000
1,200,53.1640839131351,45,85.3996011674786,41.1616979416722,1,3162,5000
0.9995,200,67.243595825427,47,121.030321059544,46.2184403932989,1,3162,5000
1,200,58.2461258697027,46,96.2260445242299,43.7413829176518,1,3162,5000
1,200,53.1230629348514,47,84.54790471158,41.9591634086072,1,3162,5000
1,200,44.9993674889311,43,60.7831697955257,38.9138228632044,1,3162,5000
1,200,51.8984503478811,47,76.9506334131816,42.7105163986338,1,3162,5000
1,200,44.1246442125237,43,58.3983903225179,38.4034504110694,1,3162,5000
0.9985,200,74.9920936116382,50,138.63638387467,52.1621587007294,1,3162,5000
1,200,45.2492884250474,43,59.7058195583341,38.960800583002,1,3162,5000
1,200,50.9981024667932,45,76.6695042023395,41.3460802090863,1,3162,5000
1,200,56.9974699557242,49,88.4635509850042,44.8760747041693,1,3162,5000
1,200,55.9974699557242,48,87.0983203382428,44.4429334523057,1,3162,5000
1,200,53.9974699557242,46,84.6169947692025,42.2544473308723,1,3162,5000
1,200,58.663293274299,48,97.8463838410022,44.8615641066568,1,3162,5000
1,200,48.6658233185747,46,64.0895533690313,42.1785529473573,1,3162,5000
1,200,55.4960468058191,43,86.5646631741137,42.5754158622858,1,3162,5000
1,200,47.9993674889311,46,63.4290388050931,41.6013453621246,1,3162,5000
0.999,200,68.1602888467215,48,132.288676141364,45.9394114354812,1,3162,5000
1,200,63.9949399114484,48,108.997649817714,47.5161507664804,1,3162,5000
0.995,200,80.2404332700822,50,152.975895811953,52.6057503344071,1,3162,5000
1,200,57.663293274299,47,95.5765070613774,43.49203520812,1,3162,5000
0.9995,200,68.243595825427,48,123.479173918237,47.1677676352934,1,3162,5000
1,200,46.9987349778621,43,65.6926080647044,39.7992178053748,1,3162,5000
0.9715,200,109.480866540164,49,216.458571672634,69.9027209452464,1,3162,5000
1,200,51.2492884250474,49,72.7493536661484,42.8828530336373,1,3162,5000
0.9995,200,65.6613957410921,49,120.072683589663,46.8806035318339,1,3162,5000
1,200,49.4992093611638,47,69.3458270075809,41.9782194806992,1,3162,5000
1,200,46.7497628083491,46,61.0680948008594,41.1984316130036,1,3162,5000
1,200,55.1640839131351,47,86.7798465781339,43.4172991398038,1,3162,5000
1,200,51.9971537001898,43,77.2105962136871,40.2204001352557,1,3162,5000
1,200,62.9949399114484,47,110.094547030775,45.113522362843,1,3162,5000
1,200,49.165348935273,45,69.2505332412176,40.7579652462777,1,3162,5000
1,200,52.4985768500949,48,76.2472043416968,43.7571663910326,1,3162,5000
0.9095,200,136.473276407337,52,265.580950828131,87.1355049078278,1,3162,5000
0.999,200,71.1602888467215,51,134.534191001244,49.1435890615431,1,3162,5000
1,200,42.4998418722328,42,53.2402093745294,37.7441625687103,1,3162,5000
1,200,45.6658233185747,43,61.3918830365614,39.3972593806474,1,3162,5000
0.997,200,69.1602888467215,49,132.181719777172,47.205438942257,1,3162,5000
1,200,58.663293274299,48,96.7510282920381,44.7662085576928,1,3162,5000
1,200,53.3979759645794,47,87.3397789987472,41.8519548368244,1,3162,5000
1,200,51.5988614800759,48,72.2384706974473,43.1470412224315,1,3162,5000
1,200,49.0826744676365,47,67.9562696269502,41.588978355603,1,3162,5000
1,200,54.9971537001898,46,85.8954817137473,43.3080054329124,1,3162,5000
0.984,200,95.9841872232764,46,190.261143952021,60.2997271272263,1,3162,5000
1,200,53.1230629348514,47,83.4338889483294,42.4465391697083,1,3162,5000
1,200,61.1217979127135,51,95.2028724609659,47.3426969391443,1,3162,5000
1,200,47.3329116592874,46,65.0331785689671,40.9145432115983,1,3162,5000
0.9995,200,79.9898798228969,48,144.266548973989,55.9172842681069,1,3162,5000
1,200,54.1230629348514,48,83.9643770445458,43.5380843500487,1,3162,5000
1,200,49.9981024667932,44,74.8854669320954,40.3954289814313,1,3162,5000
1,200,54.8984503478811,50,77.2541173671567,46.014000352609,1,3162,5000
1,200,59.1217979127135,49,95.4965332560863,45.1118400239548,1,3162,5000
0.9995,200,66.1202166350411,51,114.824262398304,48.3437121136737,1,3162,5000
1,200,49.165348935273,45,71.5390190111304,40.5472416550267,1,3162,5000
1,200,52.7213613043784,50,72.3603344036867,44.1176873448631,1,3162,5000
0.9995,200,63.0961733080329,51,100.967104684467,47.7677507493442,1,3162,5000
1,200,50.4985768500949,46,75.3046171905162,41.7146108654055,1,3162,5000
1,200,67.243595825427,47,121.497255628219,46.5187610045631,1,3162,5000
1,200,53.1230629348514,47,84.1859913746608,42.0320276386288,1,3162,5000
1,200,66.9943074003795,49,130.350160490562,46.0422330184982,1,3162,5000
1,200,48.5988614800759,45,69.2900790352073,39.9644412532128,1,3162,5000
1,200,58.663293274299,48,93.2895009433616,45.4283766549366,1,3162,5000
1,200,62.0801444233607,52,96.0271515974636,48.0420156075838,1,3162,5000
1,200,50.9981024667932,45,75.9228043022361,41.1822129043867,1,3162,5000
1,200,63.4960468058191,51,109.000616362596,47.662245530392,1,3162,5000
1,200,52.9987349778621,49,78.8135939658256,43.2984889991077,1,3162,5000
1,200,50.9990512333966,48,70.5215984194126,43.5288722967054,1,3162,5000
1,200,57.9974699557242,50,86.5564551137766,47.1673343041624,1,3162,5000
1,200,62.9949399114484,47,108.600820704535,46.8678194395129,1,3162,5000
0.9995,200,65.6613957410921,49,119.700892134368,47.2228718940134,1,3162,5000
1,200,46.9987349778621,43,63.7014790343288,39.8330808686109,1,3162,5000
1,200,48.9990512333966,46,69.0150559542634,40.6894181722689,1,3162,5000
1,200,51.5620058507274,50,70.0771174865854,44.4166705120967,1,3162,5000
1,200,59.9968374446553,50,104.942586789931,45.4610877386976,1,3162,5000
1,200,53.0820419565676,49,78.0426994855514,43.5526615348872,1,3162,5000
1,200,45.9987349778621,42,62.7216899195745,38.8532917538566,1,3162,5000
0.999,200,64.6613957410921,48,118.022875878422,45.6451402680488,1,3162,5000
1,200,45.7497628083491,45,58.0568773719165,40.2282351623445,1,3162,5000
1,200,56.2461258697027,44,95.3942394860095,40.5346964752568,1,3162,5000
1,200,51.4985768500949,47,74.3941361595905,42.7362192293776,1,3162,5000
0.9995,200,70.4922517394054,46,122.36298971495,51.8818069192507,1,3162,5000
1,200,48.3329116592874,47,64.7944363691041,42.0857528957147,1,3162,5000
1,200,46.6658233185747,44,61.4418898003825,40.4472661444685,1,3162,5000
1,200,53.1230629348514,47,85.1272896301128,42.1399398514917,1,3162,5000
1,200,70.4922517394054,46,120.498090519048,50.0178564899526,1,3162,5000
1,200,44.3998734977862,44,54.9058432381555,39.7596857428993,1,3162,5000
1,200,50.8984503478811,46,76.4882464040993,40.9982084534351,1,3162,5000
1,200,55.9974699557242,48,86.6083439533271,44.5210258002594,1,3162,5000
1,200,58.0974383301708,50,91.4340626876615,45.196791972924,1,3162,5000
1,200,51.9971537001898,43,80.3784299917548,40.5144594035195,1,3162,5000
1,200,48.165348935273,44,68.6166454748163,39.7501448423052,1,3162,5000
1,200,54.1640839131351,46,86.3964081266377,42.0338606883076,1,3162,5000
1,200,55.0974383301708,47,94.3763533118013,42.0579894070996,1,3162,5000
1,200,56.4960468058191,44,88.367772847674,43.7802965668391,1,3162,5000
1,200,55.663293274299,45,97.5701303962356,41.7105873854829,1,3162,5000
1,200,42.4995256166983,41,54.0375841781874,37.1672884792627,1,3162,5000
1,200,70.4922517394054,46,119.76571896639,51.2851686817603,1,3162,5000
1,200,52.5706153429114,50,67.8535437159672,45.3597106988894,1,3162,5000
1,200,51.8984503478811,47,76.8820323674676,42.7918679145897,1,3162,5000
1,200,58.9974699557242,51,88.3953678750691,47.5076702153601,1,3162,5000
1,200,51.9990512333966,49,70.7471793165486,44.5405515041333,1,3162,5000
1,200,48.5994939911448,47,66.2794729130586,42.1608375556898,1,3162,5000
1,200,47.9993674889311,46,62.6343784892272,41.7650315569059,1,3162,5000
1,200,46.7851495436884,45,66.6729067985528,39.3472690165582,1,3162,5000
1,200,61.4960468058191,49,106.456116669353,46.2232735320986,1,3162,5000
1,200,55.9987349778621,52,77.56629968055,46.9247278905436,1,3162,5000
0.9625,200,114.979127134725,49,217.425841203766,71.9686938286874,1,3162,5000
0.9955,200,77.2404332700822,47,149.230427348888,47.8320357341772,1,3162,5000
0.9985,200,70.1602888467215,50,132.681654192297,49.9935273286481,1,3162,5000
1,200,67.9933586337761,47,116.802547093179,49.3213642974798,1,3162,5000
0.995,200,75.4922517394054,51,147.460851138255,49.5738861372005,1,3162,5000
1,200,60.9952561669829,46,95.8643866606992,47.2784916575367,1,3162,5000
1,200,45.0999683744466,45,55.7627399029773,40.4333070545691,1,3162,5000
1,200,58.0974383301708,50,96.2015242031804,45.8168309710488,1,3162,5000
1,200,54.3979759645794,48,84.6860725151978,42.8653366939876,1,3162,5000
1,200,49.5988614800759,46,70.3935217253434,41.5260723262289,1,3162,5000
1,200,49.165348935273,45,69.9857043771899,40.9932945100173,1,3162,5000
1,200,55.1640839131351,47,87.2329801619304,42.6455038810954,1,3162,5000
1,200,52.5988614800759,49,74.2997111421719,44.4332105096609,1,3162,5000
1,200,47.0826744676365,45,65.0177997394828,39.7748364251248,1,3162,5000
1,200,50.2480234029096,44,76.2307247665733,40.7403705603747,1,3162,5000
0.9995,200,67.243595825427,47,125.864927150569,45.4890890734027,1,3162,5000
0.9995,200,69.4922517394054,45,115.368100811785,50.5530575901956,1,3162,5000
1,200,46.9993674889311,45,61.7715329395826,40.9438394966141,1,3162,5000
1,200,61.9943074003795,44,99.5748755884612,45.7153325777085,1,3162,5000
1,200,60.9968374446553,51,99.372059999753,47.5118844779314,1,3162,5000
1,200,52.4985768500949,48,78.1103179603794,43.5203116352687,1,3162,5000
1,200,47.9993674889311,46,62.5235670165101,41.6958735735415,1,3162,5000
1,200,54.9974699557242,47,85.6180234465487,43.6300411568586,1,3162,5000
1,200,51.165348935273,47,72.6835481735273,42.9780272554827,1,3162,5000
1,200,55.1230629348514,49,86.3159007169714,44.1616207254049,1,3162,5000
1,200,60.4957305502846,47,107.483144379402,43.5014872004015,1,3162,5000
0.9945,200,74.5938013915244,55,123.785517579144,54.869819445052,1,3162,5000
1,200,56.9974699557242,49,87.2694797498313,45.0679120259675,1,3162,5000
1,200,45.7497628083491,45,60.1357090106473,40.266362078326,1,3162,5000
1,200,63.4960468058191,51,110.307200521397,48.1576643628472,1,3162,5000
0.998,200,72.9920936116382,48,135.360673213062,48.8854992725182,1,3162,5000
0.9875,200,96.9841872232764,47,177.529874769052,60.5640303667748,1,3162,5000
1,200,53.8984503478811,49,78.2490115532414,45.3837759428682,1,3162,5000
1,200,48.4992093611638,46,68.4741423984155,41.1068511270682,1,3162,5000
1,200,64.9933586337761,44,111.100119678059,46.8685415629424,1,3162,5000
0.9995,200,62.9943074003795,45,103.054164163479,47.3189491097156,1,3162,5000
1,200,51.0820419565676,47,77.2430139695842,40.7529760189201,1,3162,5000
1,200,46.5994939911448,45,62.2002794840061,40.3565571563653,1,3162,5000
1,200,53.1230629348514,47,79.0118552425002,42.0229241862067,1,3162,5000
1,200,49.4985768500949,45,75.9291659196071,40.272514011532,1,3162,5000
1,200,47.7851495436884,46,67.9305849647789,40.6049471827844,1,3162,5000
1,200,50.9971537001898,42,78.2147066096466,39.2257755533531,1,3162,5000
1,200,54.1640839131351,46,85.4841691562064,42.5964714964973,1,3162,5000
1,200,48.4992093611638,46,68.3485421959554,41.1895183713718,1,3162,5000
1,200,47.4995256166983,46,61.7118828892265,41.8415871903018,1,3162,5000
1,200,54.1230629348514,48,82.2572505593285,43.7684776308022,1,3162,5000
1,200,56.1640839131351,48,87.7813638119784,44.5440930972409,1,3162,5000
1,200,51.0820419565676,47,77.727020035949,41.3366342041969,1,3162,5000
1,200,51.0615314674257,48,75.8051158059285,41.9645560336325,1,3162,5000
0.999,200,70.1602888467215,50,135.691282269236,47.717215223063,1,3162,5000
1,200,51.9981024667932,46,77.735418220021,42.4119942267678,1,3162,5000
1,200,63.9943074003795,46,102.441475021366,48.7065762231371,1,3162,5000
1,200,50.4985768500949,46,75.3573794150277,41.6531235191209,1,3162,5000
1,200,56.4960468058191,44,84.6504055047288,43.9117116400861,1,3162,5000
1,200,50.5988614800759,47,71.0150168354932,42.7720535211352,1,3162,5000
1,200,55.3979759645794,49,85.2848684471043,44.796728029647,1,3162,5000
1,200,48.5988614800759,45,74.046828000192,40.0566319217606,1,3162,5000
1,200,55.9974699557242,48,87.473877169311,44.4862111351554,1,3162,5000
1,200,70.9920936116382,46,132.897535528329,46.5482708224464,1,3162,5000
1,200,54.1640839131351,46,86.1906377341797,41.8280902958495,1,3162,5000
1,200,62.9949399114484,47,109.58799619891,45.77295297732,1,3162,5000
1,200,51.5988614800759,48,71.47064879848,43.7641791138319,1,3162,5000
0.9995,200,73.9911448450348,46,126.604613912608,52.2932076296648,1,3162,5000
1,200,49.1240117014548,46,69.2891749643585,41.2964488416514,1,3162,5000
1,200,48.9987349778621,45,69.0931762405814,41.7675384585868,1,3162,5000
1,200,64.9943074003795,47,106.457495391548,49.9744150626424,1,3162,5000
1,200,54.1640839131351,46,86.53061442759,41.9431381467551,1,3162,5000
1,200,57.7838845215506,52,82.6720967749882,47.6819006965569,1,3162,5000
0.9845,200,87.988614800759,52,171.535710673176,58.2353733339397,1,3162,5000
1,200,48.1240117014548,45,69.5568542148637,39.9646341010117,1,3162,5000
0.7865,200,163.464421252372,51,319.49580918647,93.0645947652179,1,3162,5000
1,200,50.1240117014548,47,74.2397222975839,41.9162983043307,1,3162,5000
0.9995,200,72.9920936116382,48,135.453740203702,48.9791987742274,1,3162,5000
1,200,55.3316466371495,50,79.6402820076427,45.3822385752159,1,3162,5000
1,200,55.9974699557242,48,86.1408323806449,44.7517115710307,1,3162,5000
0.999,200,73.9920936116382,49,136.369991503456,50.1447384990286,1,3162,5000
1,200,56.9974699557242,49,87.6253170946327,45.4710371030662,1,3162,5000
1,200,52.1230629348514,46,77.9568672887614,41.4665130825628,1,3162,5000
1,200,55.1640839131351,47,84.42987048011,43.0140848110037,1,3162,5000
0.999,200,67.8946552814674,51,122.914066360294,47.9358879921727,1,3162,5000
1,200,53.1640839131351,45,85.4263018427846,40.8388255619497,1,3162,5000
1,200,52.1230629348514,46,83.1676029171436,41.4301740746388,1,3162,5000
1,200,48.1240117014548,45,68.0755445722644,40.2497486625026,1,3162,5000
1,200,48.4992093611638,46,66.6518559693603,41.284564698013,1,3162,5000
0.9995,200,69.1602888467215,49,132.697831319463,46.3485666135809,1,3162,5000
1,200,47.9987349778621,44,65.6114244498158,40.7846797734506,1,3162,5000
1,200,55.3979759645794,49,85.6695922420019,44.1817680800791,1,3162,5000
1,200,45.4995256166983,44,58.0394804460897,40.169184747165,1,3162,5000
1,200,48.1240117014548,45,68.9851396802493,39.6595018982548,1,3162,5000
1,200,46.1246442125237,45,61.0005458536954,40.4391184870498,1,3162,5000
1,200,49.9981024667932,44,75.7712393744102,40.1812330492995,1,3162,5000
1,200,49.9990512333966,47,70.6422426772583,42.1496746823183,1,3162,5000
1,200,49.5988614800759,46,68.9274887470445,41.1016928372828,1,3162,5000
1,200,50.9990512333966,48,69.4228046624075,43.6790507092133,1,3162,5000
1,200,41.6664558296437,41,52.5464479602459,37.2170151118378,1,3162,5000
1,200,52.4988931056293,49,75.3519326024944,43.7619262773837,1,3162,5000
1,200,53.9974699557242,46,84.6264043880455,42.2638569497154,1,3162,5000
1,200,46.2492884250474,44,59.9851865177254,40.2408000534622,1,3162,5000
1,200,49.1240117014548,46,69.8295062073163,41.2372860934643,1,3162,5000
1,200,46.4995256166983,45,61.0331320191159,41.0388246187364,1,3162,5000
1,200,54.1640839131351,46,85.4218981809346,41.9334415079428,1,3162,5000
1,200,55.1230629348514,49,86.4640062495921,43.9749170655314,1,3162,5000
1,200,54.1640839131351,46,86.4368146197906,41.3494964667229,1,3162,5000
1,200,49.5988614800759,46,70.0137407351247,41.5214889957193,1,3162,5000
1,200,51.9990512333966,49,72.3670366968912,44.3746268297185,1,3162,5000
1,200,54.3979759645794,48,85.2217181010544,43.3577475128191,1,3162,5000
1,200,60.1217979127135,50,97.4791104467863,46.5775976911464,1,3162,5000
1,200,49.4985768500949,45,71.0964887130659,40.2043634758742,1,3162,5000
1,200,61.9949399114484,46,108.829792289828,43.9112478559255,1,3162,5000
1,200,50.8984503478811,46,75.8139287309682,41.8954548898188,1,3162,5000
1,200,48.4985768500949,44,74.1499794521438,39.5599731270331,1,3162,5000
1,200,62.4960468058191,50,107.364967993403,46.5499247718128,1,3162,5000
0.9985,200,74.9924098671727,51,138.19954713627,51.6247210768142,1,3162,5000
1,200,59.9968374446553,50,98.3696389118123,46.0281055242637,1,3162,5000
1,200,62.9949399114484,47,119.932322726411,46.0975888328539,1,3162,5000
0.9995,200,68.243595825427,48,126.134118125866,46.5064615793764,1,3162,5000
1,200,60.1217979127135,50,101.24759466102,46.1788354369004,1,3162,5000
1,200,52.9971537001898,44,84.7790214288538,41.5411182030474,1,3162,5000
0.9995,200,71.9920936116382,47,134.442733099938,46.9691404370664,1,3162,5000
1,200,52.5988614800759,49,75.2879768478986,44.3968003773104,1,3162,5000
1,200,63.6613957410921,47,113.348716109266,44.3676914413346,1,3162,5000
1,200,59.9974699557242,52,91.2473535261123,48.4240876606263,1,3162,5000
0.9825,200,92.2366382036686,50,197.364129057515,53.90729793797,1,3162,5000
1,200,56.1640839131351,48,85.9581122849303,44.4702881230074,1,3162,5000
1,200,51.5988614800759,48,72.8605905368518,43.3677062863774,1,3162,5000
1,200,49.9990512333966,47,70.5409551519818,42.2986243486927,1,3162,5000
1,200,45.6426538357278,45,59.6639077235374,39.7689361865355,1,3162,5000
1,200,48.1240117014548,45,68.1442441521591,39.9012808378011,1,3162,5000
1,200,50.4992093611638,48,70.3868196382765,43.2944413966572,1,3162,5000
1,200,47.1246442125237,46,61.3955424178049,41.4012350174254,1,3162,5000
0.998,200,77.9898798228969,46,140.639380576075,52.8319274873121,1,3162,5000
0.9735,200,107.480866540164,47,204.296615945711,67.23807704628,1,3162,5000
1,200,49.9990512333966,47,70.3421563139955,42.3494301912884,1,3162,5000
1,200,52.1230629348514,46,84.1954806369697,41.6080043561348,1,3162,5000
1,200,50.5988614800759,47,74.0527280655766,42.3099228789858,1,3162,5000
1,200,63.9949399114484,48,110.680360703054,47.3241383754129,1,3162,5000
0.9995,200,71.9920936116382,47,136.023288011468,47.2158349227056,1,3162,5000
1,200,53.9971537001898,45,85.3261303288116,41.9635828904815,1,3162,5000
1,200,71.4922517394054,47,118.467865744851,52.2362876297338,1,3162,5000
1,200,68.243595825427,48,121.715027029637,48.237006789283,1,3162,5000
1,200,55.0820419565676,51,79.8120809855895,45.4648549984204,1,3162,5000
1,200,47.9993674889311,46,62.6951725722995,41.9495210858985,1,3162,5000
1,200,51.8984503478811,47,73.9052894272449,42.9141445822101,1,3162,5000
1,200,54.7478652751423,48,85.5043023037453,43.5166362695897,1,3162,5000
0.9995,200,70.9920936116382,46,134.133190211703,45.9928254636532,1,3162,5000
0.994,200,73.9920936116382,49,147.850074621934,49.6662172080004,1,3162,5000
1,200,63.0961733080329,51,106.098747507919,47.2173749588993,1,3162,5000
1,200,48.5620058507274,47,66.4062216188581,41.2872700059549,1,3162,5000
1,200,54.3316466371495,49,82.5933204918783,44.2041996822642,1,3162,5000
1,200,61.4957305502846,48,107.335392338071,45.4360933711722,1,3162,5000
1,200,58.3306978705461,50,91.2991658231417,46.0618951084042,1,3162,5000
1,200,63.9949399114484,48,110.771317517984,46.9562742963942,1,3162,5000
1,200,57.2461258697027,45,94.1721036305696,42.8537397258679,1,3162,5000
0.9935,200,79.2404332700822,49,156.293102573937,49.8255187662206,1,3162,5000
1,200,48.165348935273,44,70.7590554813861,39.7666456142134,1,3162,5000
0.994,200,79.2404332700822,49,163.819443113849,49.3531243282707,1,3162,5000
1,200,49.1240117014548,46,70.184291723235,41.3584958134732,1,3162,5000
1,200,56.663293274299,46,95.1747417522878,42.1892895068735,1,3162,5000
1,200,53.5699828318424,49,83.1648426708065,43.5091395293349,1,3162,5000
1,200,60.2461258697027,48,100.11470918521,45.7963452805079,1,3162,5000
1,200,57.663293274299,47,95.2776085706191,44.1931367173617,1,3162,5000
1,200,57.0974383301708,49,91.6668159306794,44.5548219395346,1,3162,5000
1,200,65.6613957410921,49,115.608507965432,47.6274832975007,1,3162,5000
0.9865,200,96.9841872232764,47,177.80153606885,61.5851382193872,1,3162,5000
1,200,55.1217979127135,45,97.1379428452804,40.6539137497713,1,3162,5000
1,200,44.9993674889311,43,59.8899581421682,39.0622646991996,1,3162,5000
1,200,44.6664558296437,44,55.4443081749546,40.32314277331,1,3162,5000
1,200,49.4985768500949,45,72.4618854380641,40.4694755708914,1,3162,5000
1,200,63.4957305502846,50,107.555957769533,47.4080028886555,1,3162,5000
1,200,50.0826744676365,48,70.8450418679345,42.4774343410527,1,3162,5000
1,200,54.1640839131351,46,86.1891108171629,41.8265633788327,1,3162,5000
1,200,49.0826744676365,47,67.9019172481941,41.5346259768468,1,3162,5000
1,200,53.1230629348514,47,81.180062091566,42.6909729075053,1,3162,5000
1,200,48.9990512333966,46,68.3575341618726,41.3648080391655,1,3162,5000
1,200,51.9990512333966,49,71.3610267644652,44.1186959611761,1,3162,5000
1,200,52.9981024667932,47,78.6261761041334,43.2357902723814,1,3162,5000
1,200,52.1230629348514,46,82.6597137160151,41.4208617236052,1,3162,5000
1,200,62.4957305502846,49,107.516629478025,47.118437405497,1,3162,5000
1,200,58.663293274299,48,98.7405663698634,44.8810233591107,1,3162,5000
1,200,61.4957305502846,48,106.942262184215,44.4607631329817,1,3162,5000
1,200,46.5994939911448,45,63.0225842790566,40.1958396026914,1,3162,5000
0.99,200,97.9841872232764,48,179.120598744892,64.9042008954299,1,3162,5000
1,200,65.6613957410921,49,116.905380558722,46.9249884018588,1,3162,5000
1,200,55.9974699557242,48,87.8046037017328,44.3888180326265,1,3162,5000
1,200,55.9981024667932,50,80.0629187450143,47.0724064110485,1,3162,5000
1,200,56.1640839131351,48,88.7992520000653,43.8115859659097,1,3162,5000
1,200,51.1230629348514,45,81.2565379948395,40.2688719606839,1,3162,5000
1,200,46.3998734977862,46,57.1602287911332,41.6641819853141,1,3162,5000
1,200,57.1217979127135,47,98.3185339394612,41.4605722063809,1,3162,5000
1,200,58.3306978705461,50,96.2942412493366,44.909548017205,1,3162,5000
1,200,56.1217979127135,46,98.1773986974539,40.8374465875777,1,3162,5000
1,200,46.5994939911448,45,61.2144727151793,40.4694537398472,1,3162,5000
1,200,50.2480234029096,44,72.4260375153735,40.6015066277497,1,3162,5000
1,200,56.9974699557242,49,87.7125157429911,45.349968304661,1,3162,5000
1,200,51.4985768500949,47,75.3187921337397,42.4288806852894,1,3162,5000
0.962,200,110.480866540164,50,218.230376993257,72.6745262658692,1,3162,5000
1,200,57.1217979127135,47,95.1981680200082,42.8798041153065,1,3162,5000
0.9995,200,63.6613957410921,47,118.420465812965,43.9427618281452,1,3162,5000
0.999,200,65.1602888467215,45,135.205173993222,41.3579649483136,1,3162,5000
1,200,54.1640839131351,46,84.6881385729157,42.7004725387601,1,3162,5000
1,200,54.0820419565676,50,75.8743881166612,44.8841920382298,1,3162,5000
1,200,53.9971537001898,45,85.929842542707,42.9421765085515,1,3162,5000
1,200,51.8984503478811,47,72.1326945695918,43.2116906841667,1,3162,5000
1,200,54.5699828318424,50,78.9434351959039,44.952922861938,1,3162,5000
1,200,56.1640839131351,48,86.7808180289157,44.4182705905855,1,3162,5000
1,200,59.9968374446553,50,97.4775227794657,46.4927030451204,1,3162,5000
0.999,200,69.243595825427,49,122.849210974663,48.37055822324,1,3162,5000
1,200,50.0826744676365,48,68.8672231610146,42.4996156341328,1,3162,5000
1,200,46.6658233185747,44,62.2977894526269,40.3031657967129,1,3162,5000
0.9995,200,60.9968374446553,51,99.1326333697535,47.812371931845,1,3162,5000
1,200,49.0826744676365,47,67.082001459011,41.5894334640711,1,3162,5000
1,200,54.1230629348514,48,79.5918468215378,43.9940673871834,1,3162,5000
1,200,60.9943074003795,43,99.2923635683037,44.5574647700747,1,3162,5000
0.9995,200,67.1602888467215,47,131.299659263369,43.9917317913052,1,3162,5000
0.9985,200,74.9920936116382,50,138.009713829026,50.6191118893256,1,3162,5000
1,200,63.4960468058191,51,104.953484063411,48.1133738257673,1,3162,5000
1,200,55.8984503478811,51,80.0751636133461,47.0846512793803,1,3162,5000
1,200,63.9949399114484,48,118.645854873598,46.4537748157686,1,3162,5000
1,200,63.9949399114484,48,111.676687061715,47.4441601799941,1,3162,5000
1,200,54.1640839131351,46,92.7470056093002,41.6625337560427,1,3162,5000
1,200,53.9971537001898,45,84.0833190307082,42.5942298466474,1,3162,5000
1,200,59.0974383301708,51,87.7460514038627,47.2585434974743,1,3162,5000
1,200,51.5988614800759,48,68.913596404587,44.0698740769463,1,3162,5000
1,200,61.4960468058191,49,106.9355674555,45.1205242339103,1,3162,5000
1,200,49.9981024667932,44,75.5046766910572,40.6394410806841,1,3162,5000
0.9445,200,120.977229601518,49,227.730410495731,74.8762359226755,1,3162,5000
1,200,52.3979759645794,46,83.7251789370363,41.3379556606289,1,3162,5000
1,200,54.7478652751423,48,87.4383599749757,43.202354282376,1,3162,5000
0.9995,200,61.4957305502846,48,107.678332789316,44.5303779084385,1,3162,5000
1,200,41.4998418722328,41,52.1367301188217,37.0572182065299,1,3162,5000
1,200,54.8984503478811,50,76.2930338359766,46.2006555943573,1,3162,5000
1,200,54.1640839131351,46,85.3796300284373,41.8918058665145,1,3162,5000
1,200,64.6613957410921,48,119.596161806905,45.951843864674,1,3162,5000
1,200,47.4992093611638,45,67.32291584823,39.9553083213483,1,3162,5000
0.9995,200,67.1202166350411,52,113.135896496666,49.6543974454322,1,3162,5000
1,200,67.243595825427,47,121.193248896996,45.7145961455729,1,3162,5000
1,200,56.663293274299,46,94.8033407320044,42.7188688787469,1,3162,5000
1,200,58.3306978705461,50,92.1135291986316,45.8759422283597,1,3162,5000
1,200,58.2461258697027,46,98.0181851588306,43.3196218625443,1,3162,5000
1,200,43.9990512333966,41,55.0226896296422,38.7765637599395,1,3162,5000
1,200,54.9974699557242,47,80.7045853841056,44.2154962000449,1,3162,5000
1,200,60.9968374446553,51,107.612743511194,46.5458818202811,1,3162,5000
1,200,49.4985768500949,45,74.0104676041869,40.7703505896392,1,3162,5000
1,200,52.2480234029096,46,77.2168344696884,42.6268281445777,1,3162,5000
1,200,57.0974383301708,49,89.5453161461428,44.8078873036381,1,3162,5000
1,200,51.9981024667932,46,76.6239449629404,42.633748884509,1,3162,5000
0.9995,200,68.243595825427,48,122.002816157897,48.6244480364547,1,3162,5000
1,200,49.5620058507274,48,70.7179597393271,42.0590940425107,1,3162,5000
1,200,51.4985768500949,47,74.1651783935092,42.6735591651727,1,3162,5000
0.999,200,72.1183191018343,51,132.566147968135,49.1623800093388,1,3162,5000
1,200,55.7478652751423,49,86.3020955395562,44.4807272072771,1,3162,5000
1,200,52.8984503478811,48,83.7628583642687,43.2750342023458,1,3162,5000
1,200,52.1230629348514,46,82.5821181075432,41.3432661151333,1,3162,5000
1,200,57.663293274299,47,95.3852237206397,43.4004039862943,1,3162,5000
1,200,49.6658233185747,47,65.3803890604136,43.3860816600341,1,3162,5000
0.998,200,75.9920936116382,51,139.932129921915,52.4569559813711,1,3162,5000
1,200,48.4992093611638,46,65.2137508993517,41.3453527336338,1,3162,5000
1,200,53.1230629348514,47,84.9807613224187,41.9930952882632,1,3162,5000
1,200,47.1424957079606,46,64.7225209610905,40.6038856037218,1,3162,5000
1,200,61.4957305502846,48,106.408456159302,45.5270836102823,1,3162,5000
1,200,52.9981024667932,47,78.1286863514944,44.1381740175286,1,3162,5000
1,200,52.5699828318424,48,78.2808677750955,42.2903554411297,1,3162,5000
1,200,61.9949399114484,46,106.750963630237,43.9127509258004,1,3162,5000
1,200,52.9981024667932,47,78.5393351254708,43.6740995150977,1,3162,5000
1,200,50.5988614800759,47,75.2135146012168,42.1233501483389,1,3162,5000
1,200,59.4957305502846,46,105.767539924751,42.4113175971105,1,3162,5000
1,200,40.6664558296437,40,49.3120983884145,36.3152609437592,1,3162,5000
1,200,53.1230629348514,47,78.0976726881287,43.0075082352508,1,3162,5000
1,200,59.2461258697027,47,97.6422271478394,44.2575339157079,1,3162,5000
1,200,53.3979759645794,47,84.7386513169157,42.1511750360807,1,3162,5000
1,200,51.2480234029096,45,76.8443222582088,40.8541261797775,1,3162,5000
1,200,61.9949399114484,46,108.029707919754,44.0483669962878,1,3162,5000
1,200,45.4998418722328,45,57.1760418904614,40.7799634590888,1,3162,5000
1,200,52.9974699557242,45,75.2174329922291,43.7261300194271,1,3162,5000
1,200,54.1230629348514,48,83.9322540518472,43.4431648677865,1,3162,5000
1,200,49.4985768500949,45,71.2323751096142,40.7401233702087,1,3162,5000
1,200,46.2492884250474,44,60.7207783296562,39.8930848866877,1,3162,5000
1,200,55.9974699557242,48,87.5714677210714,44.7269299059454,1,3162,5000
1,200,49.165348935273,45,71.9063092918431,40.9148481912739,1,3162,5000
1,200,49.5988614800759,46,69.1733868117991,41.3475909020373,1,3162,5000
0.9975,200,67.9943074003795,50,122.349026556118,48.1569464982886,1,3162,5000
1,200,61.9949399114484,46,107.649827908453,45.311457076249,1,3162,5000
0.9995,200,61.1217979127135,51,107.121863669857,47.3888624048353,1,3162,5000
1,200,54.9974699557242,47,86.5753480743837,43.3103083667444,1,3162,5000
1,200,52.1230629348514,46,82.3890513388208,41.6516224963161,1,3162,5000
1,200,57.663293274299,47,95.7560366034093,43.8964935926566,1,3162,5000
1,200,51.5988614800759,48,72.1393258496772,43.8963625353192,1,3162,5000
0.999,200,65.6613957410921,49,120.77949704934,45.3008442979167,1,3162,5000
1,200,51.8984503478811,47,76.8023185229965,42.8121224445651,1,3162,5000
1,200,49.4985768500949,45,76.791830045468,40.3014758392694,1,3162,5000
1,200,55.1230629348514,49,85.457398896862,44.4697328627064,1,3162,5000
1,200,50.2480234029096,44,76.2002378718512,40.2936650276598,1,3162,5000
0.9995,200,78.9898798228969,47,142.386445507101,54.5789924183383,1,3162,5000
1,200,52.9990512333966,50,72.3105310736436,45.2181528320244,1,3162,5000
1,200,54.3979759645794,48,86.3396384838804,42.8514980664231,1,3162,5000
1,200,52.1230629348514,46,82.7039510679272,40.9646246922156,1,3162,5000
1,200,47.9987349778621,44,68.1904668475096,40.8648290655151,1,3162,5000
1,200,47.9987349778621,44,68.0738670892819,40.5816153498765,1,3162,5000
1,200,50.7851495436884,49,68.6011338668263,43.8573799136321,1,3162,5000
1,200,50.5706153429114,48,71.979107416004,42.386887302152,1,3162,5000
1,200,55.3979759645794,49,85.0297465333596,44.3743596474224,1,3162,5000
0.9995,200,71.4922517394054,47,123.083619690797,51.1032275339347,1,3162,5000
1,200,62.9949399114484,47,110.440173426911,46.4585162479105,1,3162,5000
1,200,46.1424957079606,45,65.5903798218615,39.2227722949798,1,3162,5000
0.9995,200,67.243595825427,47,121.420610090748,45.7762921485171,1,3162,5000
1,200,55.9974699557242,48,87.7349666548442,44.0319757810753,1,3162,5000
1,200,57.0974383301708,49,89.8359602652131,44.3481361032903,1,3162,5000
1,200,63.4957305502846,50,108.808442330569,47.7008759169072,1,3162,5000
1,200,45.6426538357278,45,59.7092669696194,39.8392875262291,1,3162,5000
1,200,58.1217979127135,48,96.7010380919409,43.7159021020611,1,3162,5000
1,200,53.1230629348514,47,78.3958384494797,42.7980590151253,1,3162,5000
1,200,47.165348935273,43,68.756520202642,38.4318311872509,1,3162,5000
1,200,54.7478652751423,48,93.5079543799823,43.0232927734042,1,3162,5000
0.974,200,103.982605945604,49,204.676239642098,65.7173528615792,1,3162,5000
1,200,53.1640839131351,45,84.6343821033879,40.6470323247668,1,3162,5000
1,200,51.5988614800759,48,72.4725444406538,43.6050950415393,1,3162,5000
1,200,52.8984503478811,48,76.9879025164192,43.8977380635412,1,3162,5000
1,200,54.0820419565676,50,77.2468260122948,44.9061081122316,1,3162,5000
1,200,60.1217979127135,50,94.2447773927179,46.6076331801941,1,3162,5000
1,200,58.1217979127135,48,96.1855146334613,44.200694899116,1,3162,5000
1,200,62.9943074003795,45,100.838706764409,46.979163753656,1,3162,5000
1,200,59.2461258697027,47,99.2125397628586,44.8941758581569,1,3162,5000
1,200,50.2480234029096,44,76.0684566289419,40.7450326356887,1,3162,5000
1,200,49.4992093611638,47,69.5877373548299,42.2620995728354,1,3162,5000
1,200,57.663293274299,47,97.3285644039964,43.4690213932437,1,3162,5000
1,200,52.8984503478811,48,78.6578153853782,43.7512425411868,1,3162,5000
1,200,50.8984503478811,46,75.7203930778315,41.3969690845783,1,3162,5000
1,200,66.243595825427,46,120.791667809548,45.8141219524952,1,3162,5000
1,200,44.5994939911448,43,59.2634510367722,38.5184320614402,1,3162,5000
1,200,51.4985768500949,47,77.1090440384006,42.5190377132899,1,3162,5000
1,200,49.0826744676365,47,68.0346353958967,41.7916720815387,1,3162,5000
1,200,55.1640839131351,47,90.9921130122838,42.7551585530807,1,3162,5000
1,200,52.9971537001898,44,83.7667463441111,41.7790803099555,1,3162,5000
1,200,68.4922517394054,44,113.382806586335,48.0265842586945,1,3162,5000
1,200,52.9971537001898,44,84.8602305437273,41.2727542628924,1,3162,5000
1,200,59.2461258697027,47,98.9460450927968,44.6041954497138,1,3162,5000
0.9865,200,97.9841872232764,48,179.53027469871,63.5644302964331,1,3162,5000
1,200,51.0820419565676,47,76.3515869219865,41.1114699074388,1,3162,5000
0.9995,200,72.9920936116382,48,135.84192498334,48.4513230436395,1,3162,5000
0.992,200,79.1577588024457,51,177.630038155477,49.1690957139845,1,3162,5000
1,200,61.9949399114484,46,107.944696138012,43.9633552145455,1,3162,5000
1,200,62.9943074003795,45,101.604185430785,46.6193656964399,1,3162,5000
1,200,44.5623221062619,44,59.4395845605805,38.4462259268044,1,3162,5000
1,200,43.899715370019,43,59.0712675355223,38.2435740925537,1,3162,5000
1,200,47.2492884250474,45,62.6412175140621,41.0467836114688,1,3162,5000
1,200,52.0820419565676,48,75.9931444999061,42.7530274853584,1,3162,5000
0.9995,200,69.4922517394054,45,119.847088750433,49.3674872324064,1,3162,5000
1,200,47.2492884250474,45,63.6499225958932,40.8222291529246,1,3162,5000
1,200,56.9974699557242,49,88.7310382781204,45.9936094356156,1,3162,5000
1,200,48.0826744676365,46,66.7914920247816,40.4242007534343,1,3162,5000
1,200,64.0961733080329,52,105.211857497253,49.3680965161578,1,3162,5000
0.947,200,120.977229601518,49,228.671219428443,74.8836904383528,1,3162,5000
1,200,58.2461258697027,46,97.0802284082181,43.59556680164,1,3162,5000
1,200,54.3979759645794,48,83.9110766810687,43.4232525191459,1,3162,5000
1,200,52.1640839131351,44,83.0894952784743,39.8515920526678,1,3162,5000
1,200,56.663293274299,46,94.6264928533779,43.1418312467998,1,3162,5000
1,200,55.7478652751423,49,85.3891820399885,44.5678137077094,1,3162,5000
1,200,46.5994939911448,45,63.2507005543257,40.1737186863097,1,3162,5000
1,200,48.9993674889311,47,64.5007576652435,42.6323594995256,1,3162,5000
1,200,59.2461258697027,47,97.045360422722,44.9608885694645,1,3162,5000
1,200,49.9990512333966,47,71.6966486470977,41.8054721765095,1,3162,5000
0.989,200,97.9841872232764,48,179.326444100328,63.4608843280323,1,3162,5000
1,200,49.165348935273,45,70.9263001823175,40.9342065706793,1,3162,5000
0.996,200,74.9924098671727,51,146.10220450351,50.9634210331322,1,3162,5000
1,200,57.0974383301708,49,92.0935644249888,44.4407075833274,1,3162,5000
0.9995,200,67.9943074003795,50,124.376069685495,49.2719820827121,1,3162,5000
1,200,54.8984503478811,50,79.0521639022231,45.56149344049,1,3162,5000
1,200,49.165348935273,45,73.7356892457117,40.4122652524585,1,3162,5000
1,200,50.5620058507274,49,68.7820960970251,43.2895281020852,1,3162,5000
1,200,49.5988614800759,46,69.6694472067232,41.1771954673178,1,3162,5000
0.9995,200,66.243595825427,46,119.488211831722,43.510349719135,1,3162,5000
0.9995,200,67.243595825427,47,125.915062513899,45.6866469541266,1,3162,5000
1,200,59.1217979127135,49,96.2913997521068,45.0569753371795,1,3162,5000
0.988,200,86.988614800759,51,182.329959933561,55.493503576825,1,3162,5000
1,200,61.2461258697027,49,98.6058533040774,47.52138145082,1,3162,5000
1,200,65.6613957410921,49,116.398029319552,47.5009441413947,1,3162,5000
0.9995,200,68.4922517394054,44,119.604258162718,48.1246566446919,1,3162,5000
1,200,62.4957305502846,49,108.273557677465,46.2919004984647,1,3162,5000
1,200,53.0820419565676,49,76.6247804321081,43.7595448217349,1,3162,5000
1,200,51.9981024667932,46,77.804840994655,42.2148346695443,1,3162,5000
1,200,49.5994939911448,48,66.1122299301979,43.1185550408873,1,3162,5000
1,200,56.3979759645794,50,87.1640502203492,45.6762260584264,1,3162,5000
1,200,63.4960468058191,51,109.68300586757,48.2008743052675,1,3162,5000
1,200,49.1240117014548,46,68.3038130174919,41.3114031503193,1,3162,5000
0.9995,200,67.9943074003795,50,127.130731439473,47.5024423819149,1,3162,5000
1,200,50.9981024667932,45,76.8470629398,41.1064715419505,1,3162,5000
1,200,52.388449645091,51,70.8532424472514,45.0261815153517,1,3162,5000
1,200,45.6658233185747,43,62.3265029863558,39.3328280970453,1,3162,5000
0.999,200,65.1202166350411,50,119.552824692991,46.6582695591099,1,3162,5000
1,200,49.2480234029096,43,74.8587401216266,38.9938207667879,1,3162,5000
0.999,200,71.9911448450348,44,121.391713234259,50.4116373329305,1,3162,5000
1,200,62.3954459203036,48,117.632388258372,44.6532611236467,1,3162,5000
1,200,50.4992093611638,48,71.1759791308997,42.8086878595524,1,3162,5000
1,200,55.9971537001898,47,87.44672182603,44.6253534937509,1,3162,5000
1,200,50.1240117014548,47,70.822124153138,41.8293980304308,1,3162,5000
1,200,48.9993674889311,47,63.5800572929216,43.084959253706,1,3162,5000
1,200,55.1640839131351,47,85.7320953953131,42.9113595741029,1,3162,5000
1,200,53.9987349778621,50,78.78769679202,44.5475797774723,1,3162,5000
1,200,50.7851495436884,49,67.699384354347,44.1222443585637,1,3162,5000
1,200,52.4992093611638,50,69.4990530445756,45.4634084103778,1,3162,5000
1,200,53.1230629348514,47,78.3384546903394,42.8477842286063,1,3162,5000
1,200,52.165348935273,48,72.3442246960747,43.5184287863129,1,3162,5000
0.9995,200,61.9971537001898,53,95.2533569399493,48.8018682799692,1,3162,5000
1,200,55.7478652751423,49,90.9930811795722,44.3990968116315,1,3162,5000
0.999,200,79.9898798228969,48,145.483711902817,57.0098029844106,1,3162,5000
1,200,51.0820419565676,47,76.4007915579823,41.0535655708133,1,3162,5000
1,200,54.9981024667932,49,77.2002710109561,45.7099168047575,1,3162,5000
1,200,50.5988614800759,47,76.0873567718216,41.9971923189437,1,3162,5000
1,200,53.9971537001898,45,85.3260440613611,41.8382198994383,1,3162,5000
1,200,48.9993674889311,47,63.6317249620368,42.8873384977737,1,3162,5000
1,200,65.6613957410921,49,120.692526893611,45.7149810365589,1,3162,5000
1,200,49.4985768500949,45,73.1889196808204,40.4483282829709,1,3162,5000
1,200,63.9949399114484,48,110.33085954367,47.8487279813673,1,3162,5000
1,200,53.3979759645794,47,85.1872509643597,41.8247035260296,1,3162,5000
1,200,47.4985768500949,43,71.106393070333,38.2818621827091,1,3162,5000
1,200,50.4985768500949,46,75.3086149780566,41.818260771858,1,3162,5000
1,200,50.4985768500949,46,75.2190521982897,41.3957863328037,1,3162,5000
1,200,49.0826744676365,47,68.0997103512479,41.707426986289,1,3162,5000
0.988,200,98.9841872232764,49,179.650179972679,62.684335570402,1,3162,5000
1,200,54.9971537001898,46,87.2707645939693,43.2830985598137,1,3162,5000
1,200,60.2461258697027,48,99.1656560207775,45.4307572225485,1,3162,5000
1,200,57.9968374446553,48,96.0512206379953,44.0660846481155,1,3162,5000
1,200,55.3979759645794,49,83.244288489582,44.9208644963288,1,3162,5000
1,200,55.1230629348514,49,84.152431645435,44.8296401632508,1,3162,5000
0.999,200,66.243595825427,46,120.500267748963,44.1888614660201,1,3162,5000
0.9995,200,63.1202166350411,48,116.708012654845,44.2299924144906,1,3162,5000
1,200,55.1640839131351,47,86.8096068034843,43.2221305226493,1,3162,5000
1,200,45.5994939911448,44,61.0806742339588,39.0863668335793,1,3162,5000
1,200,46.3332279148218,46,58.5052488823441,41.5093602042923,1,3162,5000
0.998,200,73.9924098671727,50,135.85731351412,51.3818233180414,1,3162,5000
1,200,60.4957305502846,47,106.131468946459,44.1498117674583,1,3162,5000
1,200,54.1230629348514,48,82.6607550467201,43.234462352223,1,3162,5000
1,200,48.7851495436884,47,68.4146480494124,41.4222381822397,1,3162,5000
1,200,44.9987349778621,41,60.1008086644604,38.2731152214918,1,3162,5000
1,200,52.1640839131351,44,84.266112536269,39.6786362554341,1,3162,5000
1,200,52.5988614800759,49,72.585675324025,44.6768886910923,1,3162,5000
1,200,57.663293274299,47,96.9777015980944,44.3264260341054,1,3162,5000
1,200,59.2461258697027,47,97.7361869057345,45.4178230010329,1,3162,5000
1,200,50.5988614800759,47,72.3653102075239,42.3741653624891,1,3162,5000
1,200,50.4988931056293,47,72.1598314409883,41.2923820418739,1,3162,5000
1,200,61.1217979127135,51,98.6279609651282,47.7264482094883,1,3162,5000
0.9995,200,65.6613957410921,49,120.75270817919,46.2746879388359,1,3162,5000
0.9935,200,88.4871916508539,48,162.727794090916,59.7575221111563,1,3162,5000
0.9545,200,118.977229601518,47,231.895927716409,68.9443148131833,1,3162,5000
1,200,53.3316466371495,48,85.3072255585612,42.3195595244056,1,3162,5000
1,200,57.663293274299,47,95.7995621098888,43.9393865880671,1,3162,5000
1,200,48.9987349778621,45,68.0411035045067,41.9487252628874,1,3162,5000
1,200,56.4960468058191,44,87.7042504176267,43.8835145964165,1,3162,5000
1,200,46.7851495436884,45,66.3856948455995,39.3932849784269,1,3162,5000
1,200,45.9993674889311,44,61.6379434774178,39.8935570131547,1,3162,5000
1,200,59.9949399114484,44,105.614018313486,42.7326457644662,1,3162,5000
1,200,49.9981024667932,44,75.4765698815548,40.1531458883016,1,3162,5000
1,200,52.4985768500949,48,77.6022949220935,43.7617351497975,1,3162,5000
1,200,61.4957305502846,48,103.034582618524,45.5515022896182,1,3162,5000
1,200,48.9990512333966,46,68.3606020748308,41.2836202068148,1,3162,5000
0.9995,200,62.9949399114484,47,110.402059794375,46.4204026153745,1,3162,5000
1,200,60.4957305502846,47,106.862160929139,44.3806618779053,1,3162,5000
0.9995,200,59.9968374446553,50,96.2337534720625,46.2489337377172,1,3162,5000
1,200,51.2480234029096,45,76.2805887584335,41.4156694035948,1,3162,5000
1,200,47.9987349778621,44,67.0089908762161,40.6167075112572,1,3162,5000
1,200,52.9971537001898,44,85.0236499925642,40.9363318394966,1,3162,5000
1,200,50.4985768500949,46,75.1989958706377,41.608989545527,1,3162,5000
1,200,58.0974383301708,50,96.9216727700591,45.27039720607,1,3162,5000
1,200,46.1246442125237,45,60.5544848894486,40.5598612335346,1,3162,5000
0.999,200,78.2404332700822,48,155.194956958751,48.3521754913256,1,3162,5000
1,200,52.3979759645794,46,83.6746288818142,41.2855080722,1,3162,5000
1,200,56.0974383301708,48,92.9648798621693,43.228399786268,1,3162,5000
0.901,200,133.473276407337,49,256.112714118362,76.9159241120373,1,3162,5000
1,200,57.4960468058191,45,89.4464946697765,44.9586705078537,1,3162,5000
1,200,55.1640839131351,47,87.4886042320512,42.5012544534301,1,3162,5000
0.9995,200,63.4957305502846,50,109.344534106707,47.4259896728039,1,3162,5000
1,200,58.2461258697027,46,97.4668334765582,42.9821718699801,1,3162,5000
1,200,62.9943074003795,45,101.752658461749,46.668186608492,1,3162,5000
1,200,51.9981024667932,46,77.6374681314506,42.3140441381974,1,3162,5000
1,200,61.9943074003795,44,96.5100122323123,46.1906995610072,1,3162,5000
1,200,48.9990512333966,46,68.7048937656873,40.9627210901655,1,3162,5000
1,200,55.9974699557242,48,87.090500062655,44.2028024029459,1,3162,5000
1,200,51.9974699557242,44,74.1841105537107,42.4419378781889,1,3162,5000
1,200,57.9952561669829,43,89.6640144835622,44.1768228327083,1,3162,5000
1,200,52.1230629348514,46,84.1188867512148,41.2981509300046,1,3162,5000
1,200,56.9974699557242,49,88.7704210784913,45.5331503637538,1,3162,5000
1,200,47.4992093611638,45,66.5051320814258,40.5114571921152,1,3162,5000
0.989,200,95.9841872232764,46,176.322702831616,60.8563840460378,1,3162,5000
1,200,54.1640839131351,46,86.5340006585206,42.1714532201904,1,3162,5000
1,200,50.4985768500949,46,75.367212869655,41.5439470041691,1,3162,5000
0.9995,200,74.9898798228969,43,121.410696633196,50.6808579235189,1,3162,5000
1,200,53.1230629348514,47,85.033314863183,42.1456172034739,1,3162,5000
1,200,50.0826744676365,48,68.9396893903399,42.5099178849635,1,3162,5000
1,200,45.6658233185747,43,60.4023769428067,39.4071207758238,1,3162,5000
1,200,56.1230629348514,50,86.8447464942697,45.355657310209,1,3162,5000
1,200,46.5994939911448,45,63.9475157102761,40.1207710339109,1,3162,5000
1,200,61.4957305502846,48,108.668491542016,45.5205366611385,1,3162,5000
1,200,56.2461258697027,44,94.7912464569654,41.0563476587364,1,3162,5000
1,200,51.9981024667932,46,77.5431961498712,42.0528419436726,1,3162,5000
1,200,42.0624802340291,42,55.6957601722275,36.8257807288372,1,3162,5000
1,200,52.8984503478811,48,76.0972034443616,44.2322840895229,1,3162,5000
1,200,61.9949399114484,46,107.310704545452,44.578019535964,1,3162,5000
1,200,49.9990512333966,47,70.2058331956589,42.2131070729518,1,3162,5000
1,200,57.7478652751423,51,88.348957105008,46.504419289882,1,3162,5000
1,200,49.5988614800759,46,70.4765413184091,41.1509035364146,1,3162,5000
1,200,49.1240117014548,46,70.6611901577387,41.0689700438867,1,3162,5000
1,200,48.0826744676365,46,67.8410930680426,40.4734855411609,1,3162,5000
1,200,65.6613957410921,49,116.240697488786,47.2596728208545,1,3162,5000
0.9995,200,77.9898798228969,46,129.232540332369,52.7538875809464,1,3162,5000
1,200,51.165348935273,47,71.6843596829727,42.8169102838582,1,3162,5000
1,200,56.1640839131351,48,89.8097051577889,43.9485808693639,1,3162,5000
1,200,58.663293274299,48,97.6292883071675,45.1439941895205,1,3162,5000
1,200,60.4957305502846,47,105.662888206837,43.8478449852477,1,3162,5000
1,200,57.0974383301708,49,91.832173620552,44.738031124844,1,3162,5000
1,200,59.0974383301708,51,91.4901932779522,47.0667468832653,1,3162,5000
1,200,50.4985768500949,46,75.2607170819403,41.7703628757417,1,3162,5000
1,200,48.1240117014548,45,67.1920361045538,40.1996262373812,1,3162,5000
1,200,52.1230629348514,46,80.1043406975066,41.6155677689804,1,3162,5000
1,200,49.165348935273,45,71.2653387864823,39.9406497710912,1,3162,5000
1,200,59.1217979127135,49,95.8478408462534,44.9463280906135,1,3162,5000
1,200,49.1240117014548,46,68.3191645486017,41.3264384258946,1,3162,5000
1,200,60.2461258697027,48,99.1921771757599,45.457278377531,1,3162,5000
0.9995,200,69.243595825427,49,123.164098657106,49.310880757043,1,3162,5000
1,200,51.2492884250474,49,71.5883107311196,42.7628310768923,1,3162,5000
1,200,58.2461258697027,46,96.7829009870122,43.5484765720849,1,3162,5000
1,200,51.2480234029096,45,77.4290852252191,41.4388891467878,1,3162,5000
0.999,200,78.9898798228969,47,142.851162955684,55.0437098669217,1,3162,5000
1,200,63.9949399114484,48,108.480038330105,47.1645207252137,1,3162,5000
1,200,54.9971537001898,46,86.6223752987485,43.2184906266001,1,3162,5000
1,200,49.1240117014548,46,69.3761499899202,41.0505122079257,1,3162,5000
1,200,46.1240117014548,43,66.2014242127183,37.8757864307237,1,3162,5000
1,200,64.6613957410921,48,119.22232114413,44.8445855337565,1,3162,5000
1,200,49.7851495436884,48,70.2461933776981,42.003862574409,1,3162,5000
1,200,49.7851495436884,48,68.3516475179902,42.3579726286796,1,3162,5000
1,200,54.5699828318424,50,78.9264726039907,45.0189509931958,1,3162,5000
1,200,48.0826744676365,46,65.0220810811935,41.1117131705884,1,3162,5000
1,200,49.4985768500949,45,71.9554317714138,40.2142078624954,1,3162,5000
0.9985,200,70.1602888467215,50,134.7235962309,47.4983432264727,1,3162,5000
0.999,200,65.1202166350411,50,119.743417865497,46.8901999654338,1,3162,5000
1,200,45.9993674889311,44,60.7074296211271,39.963043156864,1,3162,5000
1,200,57.0974383301708,49,92.2615681874599,44.1495741963151,1,3162,5000
1,200,46.9993674889311,45,62.3147363856071,40.570349921344,1,3162,5000
1,200,53.9971537001898,45,86.1195369293909,42.5307956264181,1,3162,5000
1,200,52.1230629348514,46,81.7931685616272,41.3043956331009,1,3162,5000
1,200,49.9981024667932,44,75.8104968598775,40.3204589092133,1,3162,5000
1,200,57.663293274299,47,92.3563207305189,43.8694453351995,1,3162,5000
1,200,54.3316466371495,49,80.5944728944535,44.1041186882549,1,3162,5000
1,200,61.9949399114484,46,108.47255555041,44.2409774352931,1,3162,5000
0.998,200,64.1202166350411,49,121.03932707756,44.563204370413,1,3162,5000
1,200,56.663293274299,46,95.5698860010777,42.6481790118304,1,3162,5000
1,200,50.5988614800759,47,69.555228550787,42.688095407207,1,3162,5000
1,200,50.5988614800759,47,72.1959269175188,42.2044658169495,1,3162,5000
1,200,48.4992093611638,46,68.4907321384562,41.1234408671089,1,3162,5000
1,200,43.9993674889311,42,59.4872670592565,37.7438293615968,1,3162,5000
1,200,50.1240117014548,47,70.2698679752053,42.1774897335861,1,3162,5000
1,200,54.5699828318424,50,77.5687760764126,44.8645201805058,1,3162,5000
0.9995,200,67.9943074003795,50,122.906500376982,48.5089408155234,1,3162,5000
1,200,58.1217979127135,48,96.8556982297762,43.9541854741363,1,3162,5000
1,200,51.9974699557242,44,77.7296740543395,42.2396361036753,1,3162,5000
1,200,54.1640839131351,46,85.213986330482,41.3932505092718,1,3162,5000
1,200,46.9987349778621,43,61.7915043647029,39.9631784106653,1,3162,5000
1,200,54.9971537001898,46,82.2676460264124,43.3789996000999,1,3162,5000
1,200,60.4960468058191,48,107.934440091601,44.3532889214557,1,3162,5000
0.9915,200,84.988614800759,49,165.398940945334,51.9335709263589,1,3162,5000
1,200,48.5994939911448,47,63.1092934776688,42.3636419912678,1,3162,5000
1,200,47.1240117014548,44,67.085182141759,39.5922978912847,1,3162,5000
0.999,200,64.9962049335863,53,100.769188270571,50.9090127487489,1,3162,5000
0.9995,200,68.243595825427,48,122.533773524075,47.5552789004193,1,3162,5000
1,200,54.9971537001898,46,82.4680586403334,43.9792857118071,1,3162,5000
1,200,52.4985768500949,48,72.6007888304153,44.0085687165633,1,3162,5000
0.9995,200,76.9898798228969,45,141.505754592294,51.5301062684482,1,3162,5000
0.9995,200,60.4957305502846,47,107.114614628447,44.1332737049809,1,3162,5000
1,200,55.1230629348514,49,81.9587531662547,44.3841432147472,1,3162,5000
1,200,47.6658233185747,45,63.1784194266237,41.1841120262442,1,3162,5000
1,200,47.5994939911448,46,63.0670148097008,41.4725809071075,1,3162,5000
1,200,49.9981024667932,44,68.1042332026583,42.5270932068751,1,3162,5000
1,200,47.4992093611638,45,66.3095317729197,40.465809445279,1,3162,5000
0.996,200,88.4871916508539,48,164.491217816858,57.5231596258396,1,3162,5000
0.998,200,82.988614800759,47,144.630934861808,56.3230073897435,1,3162,5000
1,200,50.4985768500949,46,75.9419916557483,41.9514793217825,1,3162,5000
1,200,49.165348935273,45,70.858767103024,40.7673376280082,1,3162,5000
0.9995,200,64.4960468058191,52,100.654464694165,49.7939729168093,1,3162,5000
0.999,200,67.1602888467215,47,130.348540303753,44.9957967869915,1,3162,5000
1,200,51.165348935273,47,76.7417885612758,42.4183645680225,1,3162,5000
1,200,54.1640839131351,46,86.1982742972071,42.7735628803823,1,3162,5000
0.9995,200,67.1202166350411,52,111.261628945268,49.2799717662672,1,3162,5000
1,200,58.9968374446553,49,97.2055482400785,45.3638567247627,1,3162,5000
1,200,47.6658233185747,45,64.1485411032737,41.1539174473598,1,3162,5000
1,200,49.5988614800759,46,68.7671546026789,41.37487123772,1,3162,5000
0.995,200,86.4871916508539,46,158.384506877052,55.4148674083612,1,3162,5000
1,200,45.6658233185747,43,60.4918163387398,39.4971926828258,1,3162,5000
1,200,44.899715370019,44,57.2688594982393,39.5235242673727,1,3162,5000
1,200,48.165348935273,44,68.5099891866962,40.0174211917563,1,3162,5000
1,200,44.2492884250474,42,59.0246590708864,38.2802726066233,1,3162,5000
0.999,200,71.4922517394054,47,124.132268777045,51.0522245012701,1,3162,5000
1,200,57.0974383301708,49,93.7370495806477,44.0857740166586,1,3162,5000
1,200,48.5988614800759,45,70.1765355007505,40.5843153868985,1,3162,5000
1,200,51.9971537001898,43,81.0381149224923,40.549341993966,1,3162,5000
