"p","truediv","chaoest","obsD","upper","lower","l","inds","reps"
0.002,200,200,200,200.002,200.002,1,10000,50
0.670472179772332,200,200,200,200,200,1,10000,50
5e-04,200,200,200,200.0005,200.0005,1,10000,50
0.126396539155394,200,200,200,200,200,1,10000,50
0.0333696131128818,200,200,200,200,200,1,10000,50
0.0025,200,200,200,200.0025,200.0025,1,10000,50
0.823443948989734,200,200,200,200,200,1,10000,50
0.293551161885262,200,200,200,200,200,1,10000,50
0.276279527926818,200,200,200,200,200,1,10000,50
0.836324867792428,200,200,200,200,200,1,10000,50
5e-04,200,200,200,200.0005,200.0005,1,10000,50
0.425536391092464,200,200,200,200,200,1,10000,50
0.352440274553373,200,200,200,200,200,1,10000,50
0.0055,200,200,200,200.0055,200.0055,1,10000,50
0.001,200,200,200,200.001,200.001,1,10000,50
0.007,200,200,200,200.005750125,200.005750125,1,10000,50
5e-04,200,200,200,200.0005,200.0005,1,10000,50
0.761527701979503,200,200,200,200,200,1,10000,50
0.584213722962886,200,200,200,200,200,1,10000,50
0.240323185222223,200,200,200,200,200,1,10000,50
0.001,200,200,200,200.001,200.001,1,10000,50
5e-04,200,200,200,200.0005,200.0005,1,10000,50
0.238555152667686,200,200,200,200,200,1,10000,50
0.002,200,200,200,200.002,200.002,1,10000,50
0.0075,200,200,200,200.00700005,200.00700005,1,10000,50
0.174528665374964,200,200,200,200,200,1,10000,50
0.001,200,200,200,200.001,200.001,1,10000,50
5e-04,200,200,200,200.0005,200.0005,1,10000,50
0.842536193784326,200,200,200,200,200,1,10000,50
0.169801185373217,200,200,200,200,200,1,10000,50
0.994366003433242,200,200,200,200,200,1,10000,50
5e-04,200,200,200,200.0005,200.0005,1,10000,50
5e-04,200,200,200,200.0005,200.0005,1,10000,50
0.582112947944552,200,200,200,200,200,1,10000,50
0.974038824671879,200,200,200,200,200,1,10000,50
0.003,200,200,200,200.003,200.003,1,10000,50
5e-04,200,200,200,200.0005,200.0005,1,10000,50
0.0025,200,200,200,200.0025,200.0025,1,10000,50
0.138675914611667,200,200,200,200,200,1,10000,50
0.953774058260024,200,200,200,200,200,1,10000,50
5e-04,200,200,200,200.0005,200.0005,1,10000,50
5e-04,200,200,200,200.0005,200.0005,1,10000,50
0.0650123914238065,200,200,200,200,200,1,10000,50
5e-04,200,200,200,200.0005,200.0005,1,10000,50
0.0085,200,200,200,200.008250025,200.008250025,1,10000,50
0.316555102588609,200,200,200,200,200,1,10000,50
0.143130027456209,200,200,200,200,200,1,10000,50
5e-04,200,200,200,200.0005,200.0005,1,10000,50
0.391690563643351,200,200,200,200,200,1,10000,50
0.827784564578906,200,200,200,200,200,1,10000,50
