"qtile","truediv","chaoest","obsD","l","inds","reps"
17.75,26.8519167514429,32.1428571428571,24.5098039215686,-1,100,500
27.25,26.8519167514429,29.9999999999999,23.2558139534884,-1,100,500
3.7,26.8519167514429,37.2180451127819,27.3224043715847,-1,100,500
6,26.8519167514429,35.6115107913668,26.4550264550265,-1,100,500
82.65,26.8519167514429,23.0232558139534,18.8679245283019,-1,100,500
85.7,26.8519167514429,21.9026548672566,18.1159420289855,-1,100,500
9.8,26.8519167514429,34.6153846153845,25.9067357512953,-1,100,500
61.35,26.8519167514429,25.7812499999999,20.6611570247934,-1,100,500
83.7,26.8519167514429,23.0232558139534,18.8679245283019,-1,100,500
1.1,26.8519167514429,40.5737704918032,29.0697674418605,-1,100,500
46.7,26.8519167514429,27.8089887640449,21.9298245614035,-1,100,500
30.8,26.8519167514429,29.2899408284023,22.8310502283105,-1,100,500
18.5,26.8519167514429,30.9374999999999,23.8095238095238,-1,100,500
63.7,26.8519167514429,25.6476683937823,20.5761316872428,-1,100,500
15.7,26.8519167514429,31.9354838709677,24.390243902439,-1,100,500
48,26.8519167514429,27.6536312849161,21.8340611353712,-1,100,500
48.1,26.8519167514429,27.3480662983425,21.6450216450216,-1,100,500
52.6,26.8519167514429,26.9021739130434,21.3675213675214,-1,100,500
42.6,26.8519167514429,28.2857142857142,22.2222222222222,-1,100,500
30.15,26.8519167514429,29.9999999999999,23.2558139534884,-1,100,500
3.25,26.8519167514429,36.6666666666666,27.027027027027,-1,100,500
84.8,26.8519167514429,22.1973094170403,18.3150183150183,-1,100,500
2.55,26.8519167514429,35.8695652173912,26.5957446808511,-1,100,500
68.6,26.8519167514429,25.2551020408163,20.3252032520325,-1,100,500
8.1,26.8519167514429,34.3749999999999,25.7731958762887,-1,100,500
4.65,26.8519167514429,34.1379310344827,25.6410256410256,-1,100,500
17.15,26.8519167514429,31.7307692307691,24.2718446601942,-1,100,500
73.85,26.8519167514429,23.9130434782608,19.4552529182879,-1,100,500
66.55,26.8519167514429,25.5154639175257,20.4918032786885,-1,100,500
23.25,26.8519167514429,30.7453416149067,23.696682464455,-1,100,500
3.95,26.8519167514429,35.6115107913668,26.4550264550265,-1,100,500
1.35,26.8519167514429,38.3720930232557,27.9329608938547,-1,100,500
39.35,26.8519167514429,28.2857142857142,22.2222222222222,-1,100,500
99,26.8519167514429,15.9677419354838,13.8888888888889,-1,100,500
43.25,26.8519167514429,28.2857142857142,22.2222222222222,-1,100,500
77.75,26.8519167514429,23.6842105263157,19.3050193050193,-1,100,500
15.85,26.8519167514429,30.9374999999999,23.8095238095238,-1,100,500
77.7,26.8519167514429,23.6842105263157,19.3050193050193,-1,100,500
94.6,26.8519167514429,20.4545454545454,17.1232876712329,-1,100,500
89.75,26.8519167514429,21.6157205240174,17.921146953405,-1,100,500
1,26.8519167514429,38.076923076923,27.7777777777778,-1,100,500
82.9,26.8519167514429,22.7064220183486,18.6567164179104,-1,100,500
48,26.8519167514429,27.4999999999999,21.7391304347826,-1,100,500
2.3,26.8519167514429,35.3571428571428,26.3157894736842,-1,100,500
79.35,26.8519167514429,23.4597156398104,19.1570881226054,-1,100,500
15.4,26.8519167514429,32.5657894736841,24.7524752475247,-1,100,500
87.5,26.8519167514429,22.8110599078341,18.7265917602996,-1,100,500
0.6,26.8519167514429,43.8053097345132,30.6748466257669,-1,100,500
93.9,26.8519167514429,21.063829787234,17.5438596491228,-1,100,500
23.85,26.8519167514429,30.5555555555555,23.5849056603774,-1,100,500
68.1,26.8519167514429,25,20.1612903225806,-1,100,500
41.15,26.8519167514429,28.9473684210525,22.6244343891403,-1,100,500
62.55,26.8519167514429,25.7812499999999,20.6611570247934,-1,100,500
83.1,26.8519167514429,22.3981900452488,18.450184501845,-1,100,500
89.6,26.8519167514429,21.4285714285714,17.7935943060498,-1,100,500
86.05,26.8519167514429,23.2394366197183,19.0114068441065,-1,100,500
1.4,26.8519167514429,36.9402985074626,27.1739130434783,-1,100,500
12.75,26.8519167514429,32.9999999999999,25,-1,100,500
96.75,26.8519167514429,17.4911660777385,15.015015015015,-1,100,500
25.1,26.8519167514429,29.8192771084337,23.1481481481481,-1,100,500
34.4,26.8519167514429,29.1176470588235,22.7272727272727,-1,100,500
77.05,26.8519167514429,23.9130434782608,19.4552529182879,-1,100,500
43.8,26.8519167514429,27.8089887640449,21.9298245614035,-1,100,500
30.05,26.8519167514429,29.8192771084337,23.1481481481481,-1,100,500
57.05,26.8519167514429,26.3297872340425,21.0084033613445,-1,100,500
83.6,26.8519167514429,22.6027397260274,18.5873605947955,-1,100,500
42.4,26.8519167514429,27.8089887640449,21.9298245614035,-1,100,500
44.85,26.8519167514429,27.9661016949152,22.0264317180617,-1,100,500
55.4,26.8519167514429,26.6129032258064,21.1864406779661,-1,100,500
1.3,26.8519167514429,37.2180451127819,27.3224043715847,-1,100,500
70.1,26.8519167514429,24.7499999999999,20,-1,100,500
93.3,26.8519167514429,21.9999999999999,18.1818181818182,-1,100,500
5.15,26.8519167514429,32.9999999999999,25,-1,100,500
2.1,26.8519167514429,39.2857142857142,28.4090909090909,-1,100,500
72.4,26.8519167514429,24.7499999999999,20,-1,100,500
43.25,26.8519167514429,28.4482758620689,22.3214285714286,-1,100,500
52.35,26.8519167514429,27.0491803278688,21.4592274678112,-1,100,500
97.2,26.8519167514429,19.9596774193548,16.7785234899329,-1,100,500
95.4,26.8519167514429,19.4881889763779,16.4473684210526,-1,100,500
8.4,26.8519167514429,34.1379310344827,25.6410256410256,-1,100,500
28.75,26.8519167514429,29.9999999999999,23.2558139534884,-1,100,500
30.95,26.8519167514429,30.1829268292682,23.3644859813084,-1,100,500
78.65,26.8519167514429,23.6842105263157,19.3050193050193,-1,100,500
14.05,26.8519167514429,32.3529411764705,24.6305418719212,-1,100,500
77.85,26.8519167514429,23.5714285714285,19.2307692307692,-1,100,500
86.3,26.8519167514429,21.806167400881,18.0505415162455,-1,100,500
84.2,26.8519167514429,22.811059907834,18.7265917602996,-1,100,500
98.8,26.8519167514429,17.0103092783505,14.6627565982405,-1,100,500
75.65,26.8519167514429,24.5049504950495,19.8412698412698,-1,100,500
63.2,26.8519167514429,25.6476683937823,20.5761316872428,-1,100,500
39.9,26.8519167514429,29.2899408284023,22.8310502283105,-1,100,500
7.9,26.8519167514429,34.6153846153845,25.9067357512953,-1,100,500
50.7,26.8519167514429,27.3480662983425,21.6450216450216,-1,100,500
30.25,26.8519167514429,29.4642857142856,22.9357798165138,-1,100,500
98,26.8519167514429,19.0384615384615,16.1290322580645,-1,100,500
40.1,26.8519167514429,28.4482758620689,22.3214285714286,-1,100,500
8.7,26.8519167514429,33.904109589041,25.5102040816327,-1,100,500
18.6,26.8519167514429,31.5286624203821,24.1545893719807,-1,100,500
0.25,26.8519167514429,39.9193548387096,28.735632183908,-1,100,500
15.05,26.8519167514429,32.3529411764705,24.6305418719212,-1,100,500
32.15,26.8519167514429,29.2899408284023,22.8310502283105,-1,100,500
59.85,26.8519167514429,26.0526315789473,20.8333333333333,-1,100,500
72.05,26.8519167514429,24.3842364532019,19.7628458498024,-1,100,500
32.55,26.8519167514429,29.1176470588234,22.7272727272727,-1,100,500
36.3,26.8519167514429,28.7790697674418,22.5225225225225,-1,100,500
81.65,26.8519167514429,22.9166666666666,18.796992481203,-1,100,500
1.65,26.8519167514429,37.2180451127819,27.3224043715847,-1,100,500
52.7,26.8519167514429,27.0491803278688,21.4592274678112,-1,100,500
65.55,26.8519167514429,25.3846153846153,20.4081632653061,-1,100,500
86.45,26.8519167514429,22.7064220183486,18.6567164179104,-1,100,500
41.7,26.8519167514429,28.2857142857142,22.2222222222222,-1,100,500
9.35,26.8519167514429,33.673469387755,25.3807106598985,-1,100,500
47.25,26.8519167514429,27.3480662983425,21.6450216450216,-1,100,500
43.7,26.8519167514429,27.8089887640449,21.9298245614035,-1,100,500
54.9,26.8519167514429,26.7567567567567,21.2765957446809,-1,100,500
95.45,26.8519167514429,21.063829787234,17.5438596491228,-1,100,500
57.1,26.8519167514429,26.3297872340425,21.0084033613445,-1,100,500
49.8,26.8519167514429,27.1978021978021,21.551724137931,-1,100,500
53.3,26.8519167514429,26.7567567567567,21.2765957446808,-1,100,500
70.75,26.8519167514429,24.5049504950495,19.8412698412698,-1,100,500
28.3,26.8519167514429,29.6407185628742,23.0414746543779,-1,100,500
0,26.8519167514429,39.9193548387096,28.735632183908,-1,100,500
28.7,26.8519167514429,29.8192771084337,23.1481481481481,-1,100,500
6.1,26.8519167514429,34.3749999999999,25.7731958762887,-1,100,500
52.05,26.8519167514429,26.9021739130434,21.3675213675214,-1,100,500
88.75,26.8519167514429,22.7064220183486,18.6567164179104,-1,100,500
87.15,26.8519167514429,21.5217391304348,17.8571428571429,-1,100,500
23.95,26.8519167514429,31.132075471698,23.9234449760766,-1,100,500
44.6,26.8519167514429,27.9661016949152,22.0264317180617,-1,100,500
49.4,26.8519167514429,27.1978021978021,21.551724137931,-1,100,500
58.45,26.8519167514429,26.1904761904761,20.9205020920502,-1,100,500
56.9,26.8519167514429,26.3297872340425,21.0084033613445,-1,100,500
67.9,26.8519167514429,25.1269035532994,20.2429149797571,-1,100,500
96.25,26.8519167514429,19.1119691119691,16.1812297734628,-1,100,500
0.85,26.8519167514429,38.6718749999999,28.0898876404494,-1,100,500
67.15,26.8519167514429,24.9999999999999,20.1612903225806,-1,100,500
38.05,26.8519167514429,28.2857142857142,22.2222222222222,-1,100,500
98.2,26.8519167514429,18.9655172413793,16.0771704180064,-1,100,500
23.65,26.8519167514429,31.1320754716981,23.9234449760766,-1,100,500
2.3,26.8519167514429,35.8695652173912,26.5957446808511,-1,100,500
43.3,26.8519167514429,28.2857142857142,22.2222222222222,-1,100,500
94.35,26.8519167514429,19.6428571428571,16.5562913907285,-1,100,500
92.55,26.8519167514429,20.886075949367,17.4216027874564,-1,100,500
33.65,26.8519167514429,29.8192771084337,23.1481481481481,-1,100,500
71.15,26.8519167514429,24.75,20,-1,100,500
22.85,26.8519167514429,30.9374999999999,23.8095238095238,-1,100,500
66.5,26.8519167514429,25.1269035532995,20.2429149797571,-1,100,500
6.9,26.8519167514429,32.9999999999999,25,-1,100,500
13.1,26.8519167514429,32.5657894736841,24.7524752475247,-1,100,500
83.95,26.8519167514429,23.5714285714285,19.2307692307692,-1,100,500
26.1,26.8519167514429,29.8192771084337,23.1481481481481,-1,100,500
92.7,26.8519167514429,19.4881889763779,16.4473684210526,-1,100,500
99.65,26.8519167514429,16.6107382550335,14.367816091954,-1,100,500
79.65,26.8519167514429,23.6842105263157,19.3050193050193,-1,100,500
71.7,26.8519167514429,25.1269035532994,20.2429149797571,-1,100,500
83.55,26.8519167514429,22.7064220183486,18.6567164179104,-1,100,500
88.9,26.8519167514429,22.5,18.5185185185185,-1,100,500
33.15,26.8519167514429,29.6407185628742,23.0414746543779,-1,100,500
18.15,26.8519167514429,32.1428571428571,24.5098039215686,-1,100,500
9.7,26.8519167514429,33.904109589041,25.5102040816327,-1,100,500
49,26.8519167514429,27.3480662983425,21.6450216450216,-1,100,500
1.15,26.8519167514429,36.9402985074626,27.1739130434783,-1,100,500
34.8,26.8519167514429,29.2899408284023,22.8310502283105,-1,100,500
0.2,26.8519167514429,39.5999999999999,28.5714285714286,-1,100,500
39.15,26.8519167514429,28.4482758620689,22.3214285714286,-1,100,500
15.1,26.8519167514429,32.7814569536423,24.8756218905473,-1,100,500
96.35,26.8519167514429,19.4881889763779,16.4473684210526,-1,100,500
86.95,26.8519167514429,22.0982142857142,18.2481751824818,-1,100,500
0.55,26.8519167514429,41.9491525423728,29.7619047619048,-1,100,500
7.2,26.8519167514429,34.6153846153845,25.9067357512953,-1,100,500
53.9,26.8519167514429,26.7567567567567,21.2765957446809,-1,100,500
6.85,26.8519167514429,34.1379310344827,25.6410256410256,-1,100,500
76.65,26.8519167514429,23.2394366197183,19.0114068441065,-1,100,500
50.8,26.8519167514429,27.0491803278688,21.4592274678112,-1,100,500
4,26.8519167514429,36.6666666666666,27.027027027027,-1,100,500
54.25,26.8519167514429,26.7567567567567,21.2765957446809,-1,100,500
82.55,26.8519167514429,23.0232558139534,18.8679245283019,-1,100,500
35.9,26.8519167514429,28.7790697674418,22.5225225225225,-1,100,500
49.65,26.8519167514429,27.1978021978021,21.551724137931,-1,100,500
90.55,26.8519167514429,21.6157205240174,17.921146953405,-1,100,500
79.65,26.8519167514429,23.6842105263157,19.3050193050193,-1,100,500
93.1,26.8519167514429,21.3362068965517,17.7304964539007,-1,100,500
43,26.8519167514429,28.2857142857142,22.2222222222222,-1,100,500
13.2,26.8519167514429,32.7814569536423,24.8756218905473,-1,100,500
43,26.8519167514429,28.1249999999999,22.1238938053097,-1,100,500
38.6,26.8519167514429,28.7790697674418,22.5225225225225,-1,100,500
41.25,26.8519167514429,28.2857142857142,22.2222222222222,-1,100,500
16.8,26.8519167514429,32.7814569536423,24.8756218905473,-1,100,500
85.05,26.8519167514429,22,18.1818181818182,-1,100,500
13.6,26.8519167514429,32.5657894736841,24.7524752475248,-1,100,500
67.65,26.8519167514429,25.1269035532994,20.2429149797571,-1,100,500
88.4,26.8519167514429,22.7064220183486,18.6567164179104,-1,100,500
48.25,26.8519167514429,27.4999999999999,21.7391304347826,-1,100,500
85.5,26.8519167514429,22.3981900452488,18.450184501845,-1,100,500
66.6,26.8519167514429,25.2551020408163,20.3252032520325,-1,100,500
27.7,26.8519167514429,29.6407185628742,23.0414746543779,-1,100,500
66,26.8519167514429,25.3846153846153,20.4081632653061,-1,100,500
89.3,26.8519167514429,21.4285714285714,17.7935943060498,-1,100,500
1.35,26.8519167514429,35.6115107913668,26.4550264550265,-1,100,500
53.1,26.8519167514429,26.9021739130434,21.3675213675214,-1,100,500
13.85,26.8519167514429,32.5657894736841,24.7524752475247,-1,100,500
32.1,26.8519167514429,29.2899408284023,22.8310502283105,-1,100,500
84.95,26.8519167514429,22.811059907834,18.7265917602996,-1,100,500
83.9,26.8519167514429,23.3490566037735,19.0839694656489,-1,100,500
45.5,26.8519167514429,27.8089887640449,21.9298245614035,-1,100,500
22.35,26.8519167514429,30.9374999999999,23.8095238095238,-1,100,500
33.2,26.8519167514429,29.1176470588235,22.7272727272727,-1,100,500
50.95,26.8519167514429,27.0491803278688,21.4592274678112,-1,100,500
78.7,26.8519167514429,23.6842105263157,19.3050193050193,-1,100,500
94,26.8519167514429,19.7211155378486,16.6112956810631,-1,100,500
56.4,26.8519167514429,26.6129032258064,21.1864406779661,-1,100,500
10.2,26.8519167514429,32.9999999999999,25,-1,100,500
58.35,26.8519167514429,26.3297872340425,21.0084033613445,-1,100,500
7.75,26.8519167514429,32.7814569536423,24.8756218905473,-1,100,500
91.35,26.8519167514429,20.7112970711297,17.3010380622837,-1,100,500
25.4,26.8519167514429,30.1829268292682,23.3644859813084,-1,100,500
60.15,26.8519167514429,25.9162303664921,20.746887966805,-1,100,500
11.2,26.8519167514429,32.3529411764705,24.6305418719212,-1,100,500
68.1,26.8519167514429,25.2551020408163,20.3252032520325,-1,100,500
73.6,26.8519167514429,24.1463414634146,19.6078431372549,-1,100,500
98.15,26.8519167514429,17.5531914893617,15.0602409638554,-1,100,500
99.5,26.8519167514429,16.6666666666666,14.4092219020173,-1,100,500
22.55,26.8519167514429,31.5286624203821,24.1545893719807,-1,100,500
31.85,26.8519167514429,29.4642857142857,22.9357798165138,-1,100,500
57.35,26.8519167514429,26.6129032258064,21.1864406779661,-1,100,500
3.45,26.8519167514429,35.8695652173912,26.5957446808511,-1,100,500
70.85,26.8519167514429,24.6268656716417,19.9203187250996,-1,100,500
57.7,26.8519167514429,26.1904761904761,20.9205020920502,-1,100,500
86.85,26.8519167514429,22.0982142857142,18.2481751824817,-1,100,500
0.75,26.8519167514429,38.6718749999999,28.0898876404494,-1,100,500
83.05,26.8519167514429,23.3490566037735,19.0839694656489,-1,100,500
57.8,26.8519167514429,26.470588235294,21.0970464135021,-1,100,500
5.7,26.8519167514429,34.1379310344827,25.6410256410256,-1,100,500
1.85,26.8519167514429,37.7862595419846,27.6243093922652,-1,100,500
0,26.8519167514429,50.5102040816325,33.7837837837838,-1,100,500
98.95,26.8519167514429,18.2656826568265,15.5763239875389,-1,100,500
60.2,26.8519167514429,26.0526315789473,20.8333333333333,-1,100,500
0,26.8519167514429,46.6981132075471,32.0512820512821,-1,100,500
0.95,26.8519167514429,39.2857142857142,28.4090909090909,-1,100,500
3.9,26.8519167514429,37.2180451127819,27.3224043715847,-1,100,500
2.8,26.8519167514429,35.3571428571428,26.3157894736842,-1,100,500
48.7,26.8519167514429,27.4999999999999,21.7391304347826,-1,100,500
85.3,26.8519167514429,22.2972972972973,18.3823529411765,-1,100,500
72.65,26.8519167514429,24.5049504950495,19.8412698412698,-1,100,500
69.5,26.8519167514429,24.9999999999999,20.1612903225806,-1,100,500
69.25,26.8519167514429,25.1269035532994,20.2429149797571,-1,100,500
41.2,26.8519167514429,28.2857142857142,22.2222222222222,-1,100,500
90.65,26.8519167514429,21.3362068965517,17.7304964539007,-1,100,500
14.15,26.8519167514429,32.3529411764705,24.6305418719212,-1,100,500
14.8,26.8519167514429,31.7307692307692,24.2718446601942,-1,100,500
87.8,26.8519167514429,22.2972972972972,18.3823529411765,-1,100,500
11.5,26.8519167514429,33.221476510067,25.1256281407035,-1,100,500
98.75,26.8519167514429,18.9655172413793,16.0771704180064,-1,100,500
13.85,26.8519167514429,31.5286624203821,24.1545893719807,-1,100,500
0.15,26.8519167514429,42.3076923076922,29.940119760479,-1,100,500
54.3,26.8519167514429,26.7567567567567,21.2765957446808,-1,100,500
52.8,26.8519167514429,26.7567567567567,21.2765957446808,-1,100,500
24,26.8519167514429,30.9374999999999,23.8095238095238,-1,100,500
64,26.8519167514429,25.5154639175257,20.4918032786885,-1,100,500
32.45,26.8519167514429,28.9473684210526,22.6244343891403,-1,100,500
17.4,26.8519167514429,31.5286624203821,24.1545893719807,-1,100,500
52.6,26.8519167514429,26.9021739130434,21.3675213675214,-1,100,500
62.6,26.8519167514429,25.9162303664921,20.746887966805,-1,100,500
99.65,26.8519167514429,14.776119402985,12.987012987013,-1,100,500
57.6,26.8519167514429,26.3297872340425,21.0084033613445,-1,100,500
69.7,26.8519167514429,24.8743718592964,20.0803212851406,-1,100,500
0.95,26.8519167514429,40.2439024390243,28.9017341040462,-1,100,500
95.2,26.8519167514429,19.0384615384615,16.1290322580645,-1,100,500
52.15,26.8519167514429,27.0491803278688,21.4592274678112,-1,100,500
50.7,26.8519167514429,27.0491803278688,21.4592274678112,-1,100,500
15.45,26.8519167514429,33.221476510067,25.1256281407035,-1,100,500
85.95,26.8519167514429,22.8110599078341,18.7265917602996,-1,100,500
25.65,26.8519167514429,29.9999999999999,23.2558139534884,-1,100,500
85.1,26.8519167514429,22.811059907834,18.7265917602996,-1,100,500
2.15,26.8519167514429,36.1313868613138,26.7379679144385,-1,100,500
21.25,26.8519167514429,30.7453416149068,23.696682464455,-1,100,500
16.2,26.8519167514429,32.3529411764705,24.6305418719212,-1,100,500
80,26.8519167514429,23.2394366197182,19.0114068441065,-1,100,500
18.5,26.8519167514429,31.3291139240506,24.0384615384615,-1,100,500
81.65,26.8519167514429,23.0232558139534,18.8679245283019,-1,100,500
21.8,26.8519167514429,30.1829268292682,23.3644859813084,-1,100,500
94.95,26.8519167514429,20.0404858299595,16.8350168350168,-1,100,500
75.85,26.8519167514429,24.0291262135922,19.53125,-1,100,500
77.7,26.8519167514429,23.6842105263157,19.3050193050193,-1,100,500
96.45,26.8519167514429,18.9655172413793,16.0771704180064,-1,100,500
99.8,26.8519167514429,16.3907284768212,14.2045454545455,-1,100,500
46.95,26.8519167514429,27.4999999999999,21.7391304347826,-1,100,500
41.85,26.8519167514429,28.2857142857142,22.2222222222222,-1,100,500
62.55,26.8519167514429,25.9162303664921,20.746887966805,-1,100,500
23.8,26.8519167514429,31.132075471698,23.9234449760766,-1,100,500
6.45,26.8519167514429,34.6153846153845,25.9067357512953,-1,100,500
96.5,26.8519167514429,18.8212927756654,15.9744408945687,-1,100,500
2.65,26.8519167514429,35.6115107913668,26.4550264550265,-1,100,500
64.55,26.8519167514429,25.3846153846153,20.4081632653061,-1,100,500
37.7,26.8519167514429,28.7790697674418,22.5225225225225,-1,100,500
24.55,26.8519167514429,30.3680981595091,23.4741784037559,-1,100,500
38.2,26.8519167514429,28.6127167630057,22.4215246636771,-1,100,500
32,26.8519167514429,29.4642857142857,22.9357798165138,-1,100,500
26.45,26.8519167514429,29.9999999999999,23.2558139534884,-1,100,500
25.25,26.8519167514429,29.6407185628742,23.0414746543779,-1,100,500
74.6,26.8519167514429,24.0291262135922,19.53125,-1,100,500
4.45,26.8519167514429,35.3571428571428,26.3157894736842,-1,100,500
24.95,26.8519167514429,30.7453416149068,23.696682464455,-1,100,500
0,26.8519167514429,49.9999999999999,33.5570469798658,-1,100,500
39.7,26.8519167514429,28.7790697674418,22.5225225225225,-1,100,500
86.35,26.8519167514429,22.5,18.5185185185185,-1,100,500
3.55,26.8519167514429,36.6666666666666,27.027027027027,-1,100,500
19.2,26.8519167514429,31.132075471698,23.9234449760766,-1,100,500
35.5,26.8519167514429,28.9473684210526,22.6244343891403,-1,100,500
26.3,26.8519167514429,30.5555555555555,23.5849056603774,-1,100,500
41.15,26.8519167514429,28.2857142857142,22.2222222222222,-1,100,500
75.9,26.8519167514429,24.1463414634146,19.6078431372549,-1,100,500
99.1,26.8519167514429,17.0103092783505,14.6627565982405,-1,100,500
32.05,26.8519167514429,29.6407185628742,23.0414746543779,-1,100,500
45.6,26.8519167514429,27.8089887640449,21.9298245614035,-1,100,500
48.95,26.8519167514429,27.8089887640449,21.9298245614035,-1,100,500
35.5,26.8519167514429,29.1176470588235,22.7272727272727,-1,100,500
36.35,26.8519167514429,28.9473684210526,22.6244343891403,-1,100,500
2.7,26.8519167514429,36.6666666666666,27.027027027027,-1,100,500
23,26.8519167514429,30.7453416149068,23.696682464455,-1,100,500
9.7,26.8519167514429,33.221476510067,25.1256281407035,-1,100,500
0,26.8519167514429,44.9999999999999,31.25,-1,100,500
56.25,26.8519167514429,26.4705882352941,21.0970464135021,-1,100,500
13.7,26.8519167514429,32.3529411764705,24.6305418719212,-1,100,500
53.75,26.8519167514429,26.7567567567567,21.2765957446809,-1,100,500
71.9,26.8519167514429,24.6268656716417,19.9203187250996,-1,100,500
83.4,26.8519167514429,21.9999999999999,18.1818181818182,-1,100,500
84,26.8519167514429,22.5,18.5185185185185,-1,100,500
33.8,26.8519167514429,28.9473684210526,22.6244343891403,-1,100,500
49.8,26.8519167514429,27.1978021978021,21.551724137931,-1,100,500
97.2,26.8519167514429,20.0404858299595,16.8350168350168,-1,100,500
32.3,26.8519167514429,29.1176470588235,22.7272727272727,-1,100,500
89.65,26.8519167514429,20.9745762711864,17.4825174825175,-1,100,500
4.9,26.8519167514429,34.1379310344827,25.6410256410256,-1,100,500
56.25,26.8519167514429,26.4705882352941,21.0970464135021,-1,100,500
74.7,26.8519167514429,24.3842364532019,19.7628458498024,-1,100,500
18.65,26.8519167514429,30.5555555555555,23.5849056603774,-1,100,500
27.5,26.8519167514429,30.1829268292682,23.3644859813084,-1,100,500
89.1,26.8519167514429,21.4285714285714,17.7935943060498,-1,100,500
85.4,26.8519167514429,22.6027397260273,18.5873605947955,-1,100,500
79.8,26.8519167514429,23.1308411214953,18.9393939393939,-1,100,500
57.05,26.8519167514429,26.470588235294,21.0970464135021,-1,100,500
87.95,26.8519167514429,21.7105263157894,17.9856115107914,-1,100,500
50,26.8519167514429,27.1978021978021,21.551724137931,-1,100,500
65.7,26.8519167514429,25.6476683937823,20.5761316872428,-1,100,500
25.5,26.8519167514429,29.9999999999999,23.2558139534884,-1,100,500
85.35,26.8519167514429,22.811059907834,18.7265917602996,-1,100,500
28.45,26.8519167514429,31.5286624203821,24.1545893719807,-1,100,500
96.15,26.8519167514429,20.2868852459016,17.0068027210884,-1,100,500
24.95,26.8519167514429,30.7453416149068,23.696682464455,-1,100,500
94.7,26.8519167514429,19.5652173913043,16.5016501650165,-1,100,500
0.05,26.8519167514429,43.4210526315788,30.4878048780488,-1,100,500
0.65,26.8519167514429,36.9402985074626,27.1739130434783,-1,100,500
11.05,26.8519167514429,34.3749999999999,25.7731958762887,-1,100,500
99.3,26.8519167514429,18.0656934306569,15.4320987654321,-1,100,500
96,26.8519167514429,19.9596774193548,16.7785234899329,-1,100,500
34.45,26.8519167514429,29.1176470588235,22.7272727272727,-1,100,500
0.55,26.8519167514429,36.9402985074626,27.1739130434783,-1,100,500
57.1,26.8519167514429,26.3297872340425,21.0084033613445,-1,100,500
98.45,26.8519167514429,17.4911660777385,15.015015015015,-1,100,500
34.15,26.8519167514429,29.4642857142856,22.9357798165138,-1,100,500
66.1,26.8519167514429,25.3846153846153,20.4081632653061,-1,100,500
0,26.8519167514429,44.1964285714285,30.8641975308642,-1,100,500
42,26.8519167514429,28.2857142857142,22.2222222222222,-1,100,500
55.05,26.8519167514429,26.9021739130434,21.3675213675214,-1,100,500
1,26.8519167514429,38.076923076923,27.7777777777778,-1,100,500
97.3,26.8519167514429,18.2656826568265,15.5763239875389,-1,100,500
32.9,26.8519167514429,29.1176470588235,22.7272727272727,-1,100,500
72.7,26.8519167514429,24.6268656716417,19.9203187250996,-1,100,500
94.5,26.8519167514429,20.886075949367,17.4216027874564,-1,100,500
53.7,26.8519167514429,26.7567567567567,21.2765957446808,-1,100,500
61.9,26.8519167514429,25.9162303664921,20.746887966805,-1,100,500
20.1,26.8519167514429,31.3291139240505,24.0384615384615,-1,100,500
37.05,26.8519167514429,28.9473684210526,22.6244343891403,-1,100,500
1.25,26.8519167514429,37.4999999999999,27.4725274725275,-1,100,500
55.55,26.8519167514429,26.6129032258064,21.1864406779661,-1,100,500
23.8,26.8519167514429,31.1320754716981,23.9234449760766,-1,100,500
38.3,26.8519167514429,28.4482758620689,22.3214285714286,-1,100,500
48.45,26.8519167514429,27.4999999999999,21.7391304347826,-1,100,500
90.2,26.8519167514429,21.1538461538461,17.6056338028169,-1,100,500
30.35,26.8519167514429,29.2899408284023,22.8310502283105,-1,100,500
46.25,26.8519167514429,28.1249999999999,22.1238938053097,-1,100,500
98.35,26.8519167514429,18.5393258426966,15.7728706624606,-1,100,500
2.9,26.8519167514429,36.6666666666666,27.027027027027,-1,100,500
0.05,26.8519167514429,41.9491525423728,29.7619047619048,-1,100,500
51.05,26.8519167514429,26.9021739130434,21.3675213675214,-1,100,500
98.95,26.8519167514429,19.0384615384615,16.1290322580645,-1,100,500
51.5,26.8519167514429,27.1978021978021,21.551724137931,-1,100,500
69.95,26.8519167514429,24.7499999999999,20,-1,100,500
1.4,26.8519167514429,36.6666666666666,27.027027027027,-1,100,500
41.15,26.8519167514429,28.2857142857142,22.2222222222222,-1,100,500
1.9,26.8519167514429,36.6666666666666,27.027027027027,-1,100,500
64.9,26.8519167514429,25.3846153846153,20.4081632653061,-1,100,500
39.45,26.8519167514429,28.4482758620689,22.3214285714286,-1,100,500
19,26.8519167514429,31.132075471698,23.9234449760766,-1,100,500
34.25,26.8519167514429,29.2899408284023,22.8310502283105,-1,100,500
82.3,26.8519167514429,23.3490566037735,19.0839694656489,-1,100,500
94.1,26.8519167514429,20.1219512195121,16.8918918918919,-1,100,500
3.15,26.8519167514429,36.9402985074626,27.1739130434783,-1,100,500
58.2,26.8519167514429,26.1904761904761,20.9205020920502,-1,100,500
32.75,26.8519167514429,29.4642857142856,22.9357798165138,-1,100,500
94.65,26.8519167514429,20.4545454545454,17.1232876712329,-1,100,500
8.25,26.8519167514429,33.221476510067,25.1256281407035,-1,100,500
31.8,26.8519167514429,29.6407185628742,23.0414746543779,-1,100,500
75.3,26.8519167514429,24.1463414634146,19.6078431372549,-1,100,500
88.05,26.8519167514429,21.6157205240174,17.921146953405,-1,100,500
45.55,26.8519167514429,27.9661016949152,22.0264317180617,-1,100,500
26.85,26.8519167514429,29.2899408284023,22.8310502283105,-1,100,500
59.8,26.8519167514429,26.0526315789473,20.8333333333333,-1,100,500
17.65,26.8519167514429,31.3291139240505,24.0384615384615,-1,100,500
10.5,26.8519167514429,32.9999999999999,25,-1,100,500
43.1,26.8519167514429,28.2857142857142,22.2222222222222,-1,100,500
91.8,26.8519167514429,21.6157205240174,17.921146953405,-1,100,500
89.5,26.8519167514429,21.7105263157894,17.9856115107914,-1,100,500
1.2,26.8519167514429,37.4999999999999,27.4725274725275,-1,100,500
3.65,26.8519167514429,35.1063829787233,26.1780104712042,-1,100,500
85.05,26.8519167514429,22.1973094170403,18.3150183150183,-1,100,500
83.6,26.8519167514429,22.6027397260273,18.5873605947955,-1,100,500
6.65,26.8519167514429,33.904109589041,25.5102040816327,-1,100,500
76.6,26.8519167514429,24.0291262135922,19.53125,-1,100,500
67.9,26.8519167514429,24.8743718592965,20.0803212851406,-1,100,500
82.45,26.8519167514429,23.6842105263157,19.3050193050193,-1,100,500
26.6,26.8519167514429,29.2899408284023,22.8310502283105,-1,100,500
17.55,26.8519167514429,31.132075471698,23.9234449760766,-1,100,500
68.4,26.8519167514429,24.9999999999999,20.1612903225806,-1,100,500
74.2,26.8519167514429,24.8743718592964,20.0803212851406,-1,100,500
70.85,26.8519167514429,24.6268656716417,19.9203187250996,-1,100,500
78.15,26.8519167514429,23.5714285714285,19.2307692307692,-1,100,500
87.65,26.8519167514429,22.3981900452488,18.450184501845,-1,100,500
77.35,26.8519167514429,23.6842105263158,19.3050193050193,-1,100,500
65.6,26.8519167514429,25.3846153846153,20.4081632653061,-1,100,500
4.8,26.8519167514429,36.6666666666666,27.027027027027,-1,100,500
63.6,26.8519167514429,25.5154639175257,20.4918032786885,-1,100,500
8.15,26.8519167514429,33.673469387755,25.3807106598985,-1,100,500
82.1,26.8519167514429,23.4597156398104,19.1570881226054,-1,100,500
66.35,26.8519167514429,25.2551020408163,20.3252032520325,-1,100,500
64,26.8519167514429,25.5154639175257,20.4918032786885,-1,100,500
31.35,26.8519167514429,29.4642857142856,22.9357798165138,-1,100,500
78.55,26.8519167514429,23.9130434782608,19.4552529182879,-1,100,500
0,26.8519167514429,47.142857142857,32.258064516129,-1,100,500
79.15,26.8519167514429,23.3490566037736,19.0839694656489,-1,100,500
7.35,26.8519167514429,33.221476510067,25.1256281407035,-1,100,500
79.7,26.8519167514429,23.0232558139535,18.8679245283019,-1,100,500
8.75,26.8519167514429,33.904109589041,25.5102040816327,-1,100,500
35.4,26.8519167514429,28.9473684210525,22.6244343891403,-1,100,500
26.65,26.8519167514429,29.8192771084337,23.1481481481481,-1,100,500
46.95,26.8519167514429,27.8089887640449,21.9298245614035,-1,100,500
64,26.8519167514429,25.6476683937823,20.5761316872428,-1,100,500
21.35,26.8519167514429,31.3291139240505,24.0384615384615,-1,100,500
87.35,26.8519167514429,22.2972972972973,18.3823529411765,-1,100,500
93.15,26.8519167514429,20.204081632653,16.9491525423729,-1,100,500
38.2,26.8519167514429,28.7790697674418,22.5225225225225,-1,100,500
95.9,26.8519167514429,20.1219512195122,16.8918918918919,-1,100,500
71.6,26.8519167514429,24.8743718592964,20.0803212851406,-1,100,500
19.1,26.8519167514429,31.3291139240506,24.0384615384615,-1,100,500
21.1,26.8519167514429,30.9374999999999,23.8095238095238,-1,100,500
3.65,26.8519167514429,36.3970588235293,26.8817204301075,-1,100,500
9.4,26.8519167514429,33.4459459459459,25.2525252525252,-1,100,500
50.6,26.8519167514429,27.0491803278688,21.4592274678112,-1,100,500
63.25,26.8519167514429,25.6476683937823,20.5761316872428,-1,100,500
86.8,26.8519167514429,22,18.1818181818182,-1,100,500
49.05,26.8519167514429,27.3480662983425,21.6450216450216,-1,100,500
42.6,26.8519167514429,28.1249999999999,22.1238938053097,-1,100,500
0,26.8519167514429,50.5102040816325,33.7837837837838,-1,100,500
11.7,26.8519167514429,34.3749999999999,25.7731958762887,-1,100,500
45.95,26.8519167514429,27.4999999999999,21.7391304347826,-1,100,500
49.55,26.8519167514429,27.3480662983425,21.6450216450216,-1,100,500
52.1,26.8519167514429,27.3480662983425,21.6450216450216,-1,100,500
59.7,26.8519167514429,26.0526315789473,20.8333333333333,-1,100,500
96.1,26.8519167514429,19.8,16.6666666666667,-1,100,500
59.05,26.8519167514429,26.0526315789473,20.8333333333333,-1,100,500
29.15,26.8519167514429,30.1829268292682,23.3644859813084,-1,100,500
9.05,26.8519167514429,34.3749999999999,25.7731958762887,-1,100,500
71.4,26.8519167514429,24.8743718592964,20.0803212851406,-1,100,500
78.25,26.8519167514429,23.6842105263157,19.3050193050193,-1,100,500
96.15,26.8519167514429,18.9655172413793,16.0771704180064,-1,100,500
89.05,26.8519167514429,22.2972972972972,18.3823529411765,-1,100,500
79.1,26.8519167514429,23.2394366197183,19.0114068441065,-1,100,500
29.65,26.8519167514429,29.6407185628742,23.0414746543779,-1,100,500
21.1,26.8519167514429,29.9999999999999,23.2558139534884,-1,100,500
0.05,26.8519167514429,44.9999999999999,31.25,-1,100,500
63.95,26.8519167514429,25.6476683937823,20.5761316872428,-1,100,500
30,26.8519167514429,30.3680981595091,23.4741784037559,-1,100,500
19.2,26.8519167514429,30.9374999999999,23.8095238095238,-1,100,500
100,26.8519167514429,14.3895348837209,12.6903553299492,-1,100,500
53.65,26.8519167514429,26.9021739130434,21.3675213675214,-1,100,500
0.05,26.8519167514429,40.5737704918032,29.0697674418605,-1,100,500
48.55,26.8519167514429,27.3480662983425,21.6450216450216,-1,100,500
13.1,26.8519167514429,32.9999999999999,25,-1,100,500
0,26.8519167514429,41.2499999999999,29.4117647058824,-1,100,500
92.45,26.8519167514429,20.625,17.2413793103448,-1,100,500
12.75,26.8519167514429,31.5286624203821,24.1545893719807,-1,100,500
36.85,26.8519167514429,28.9473684210526,22.6244343891403,-1,100,500
78.7,26.8519167514429,23.5714285714285,19.2307692307692,-1,100,500
41.85,26.8519167514429,28.4482758620689,22.3214285714286,-1,100,500
0.5,26.8519167514429,39.2857142857142,28.4090909090909,-1,100,500
93.15,26.8519167514429,21.244635193133,17.6678445229682,-1,100,500
0,26.8519167514429,40.9090909090908,29.2397660818713,-1,100,500
82.65,26.8519167514429,23.1308411214953,18.9393939393939,-1,100,500
78.1,26.8519167514429,23.7980769230769,19.3798449612403,-1,100,500
10.8,48.5571902023442,56.9674198973779,35.9878209674418,0,100,500
95.2,48.5571902023442,41.6072520000901,30.8337895621631,0,100,500
72.9,48.5571902023442,45.6025127275122,32.0682604045675,0,100,500
48.2,48.5571902023442,49.4420019800683,32.1883256989363,0,100,500
99.85,48.5571902023442,33.9489280553918,23.9562571459697,0,100,500
35.6,48.5571902023442,50.6904714162562,35.8664247346909,0,100,500
89.5,48.5571902023442,40.5920315142395,27.2895249613675,0,100,500
95.95,48.5571902023442,40.2549644338186,28.8585056658682,0,100,500
88.15,48.5571902023442,41.8812920692163,28.0404002402819,0,100,500
7.2,48.5571902023442,58.8373632617763,36.3776508231661,0,100,500
89.55,48.5571902023442,41.8020780041515,28.9987898582554,0,100,500
81.05,48.5571902023442,44.6844163043718,31.7893922958145,0,100,500
99.7,48.5571902023442,35.549883079513,25.766454230608,0,100,500
66.5,48.5571902023442,46.2415626944862,30.4611760566688,0,100,500
29.25,48.5571902023442,53.4629281478305,31.8988894077544,0,100,500
78.05,48.5571902023442,44.3313552936428,29.5354251000688,0,100,500
48.35,48.5571902023442,48.8882175446173,35.8455843298903,0,100,500
97.3,48.5571902023442,38.6254442505789,28.1006383950472,0,100,500
99.6,48.5571902023442,38.4060843383613,29.4662370959064,0,100,500
40.5,48.5571902023442,49.7982448842227,35.2219484581975,0,100,500
35.95,48.5571902023442,52.4276568874478,31.2598173898454,0,100,500
89.05,48.5571902023442,41.3752057807862,27.7012665394223,0,100,500
69.55,48.5571902023442,46.4531876688994,33.6168410260329,0,100,500
91.8,48.5571902023442,40.9908996623798,27.9418773252035,0,100,500
86.35,48.5571902023442,42.011620335459,27.9850958615855,0,100,500
82.7,48.5571902023442,43.8689012690855,30.8020547035153,0,100,500
3.4,48.5571902023442,61.9543090050673,37.8370103655334,0,100,500
31.3,48.5571902023442,52.681103637171,33.1942590044176,0,100,500
94.9,48.5571902023442,40.026738246756,28.3231110582953,0,100,500
2.3,48.5571902023442,66.7803950365983,37.5209489253307,0,100,500
65.45,48.5571902023442,46.630386757135,32.3072560975004,0,100,500
37.3,48.5571902023442,50.9037815028199,33.9616030233185,0,100,500
4.1,48.5571902023442,61.8612792985612,37.5943356540806,0,100,500
98.25,48.5571902023442,36.6479335394469,25.5527213851028,0,100,500
28.85,48.5571902023442,52.1339735176037,34.5667992546237,0,100,500
99.9,48.5571902023442,36.6096589080716,28.0296936325437,0,100,500
25.9,48.5571902023442,54.4228404293425,33.1793225819011,0,100,500
3,48.5571902023442,59.6359345073704,38.7956394492922,0,100,500
40.65,48.5571902023442,50.976557734349,32.1928521026832,0,100,500
40.3,48.5571902023442,50.5603165937742,33.7312646988622,0,100,500
36.2,48.5571902023442,52.0653301616016,31.938929119609,0,100,500
29.4,48.5571902023442,53.6427012376761,32.2447687425636,0,100,500
99.35,48.5571902023442,36.8750712670897,26.7768447416624,0,100,500
86.2,48.5571902023442,41.5273259195781,26.4903131370559,0,100,500
99.7,48.5571902023442,36.547521816612,27.3133117395068,0,100,500
92.65,48.5571902023442,41.5122558113337,29.605408913176,0,100,500
1.95,48.5571902023442,62.4705755547567,38.8680267660125,0,100,500
26.85,48.5571902023442,53.1101561418164,34.5557512835728,0,100,500
1.9,48.5571902023442,65.6174670819981,37.6836819530682,0,100,500
95.6,48.5571902023442,40.2851655700282,28.825559818911,0,100,500
62.65,48.5571902023442,47.1592069621833,33.7773531518852,0,100,500
72.15,48.5571902023442,45.8547347513973,31.9353478819397,0,100,500
35.35,48.5571902023442,52.0768719668213,31.742560287849,0,100,500
77.6,48.5571902023442,45.2260545531764,32.6654851389511,0,100,500
57.55,48.5571902023442,47.5858493475927,33.6498775606531,0,100,500
83.75,48.5571902023442,42.5176556271146,28.1000365496493,0,100,500
10.85,48.5571902023442,57.3106312099751,36.0701173450313,0,100,500
86.65,48.5571902023442,43.6539185699494,31.9033751102382,0,100,500
45.45,48.5571902023442,49.5488144554422,33.168308998426,0,100,500
20.95,48.5571902023442,54.9198366362677,33.735008730056,0,100,500
90,48.5571902023442,40.1388183747225,26.5432914662052,0,100,500
99.25,48.5571902023442,35.1349601891304,24.3998119233542,0,100,500
72.6,48.5571902023442,44.8934427075286,28.1169437627718,0,100,500
23.3,48.5571902023442,52.9409125729395,35.1844652809646,0,100,500
98.8,48.5571902023442,35.002125761782,23.7775917129842,0,100,500
67.5,48.5571902023442,46.093718242727,29.747551622254,0,100,500
30.25,48.5571902023442,52.8689032793464,33.8558959950728,0,100,500
85.4,48.5571902023442,41.8716568506491,26.8017525073683,0,100,500
99.35,48.5571902023442,37.8300447693155,28.1817883807716,0,100,500
47.15,48.5571902023442,49.7135218543742,32.0956020890671,0,100,500
83.6,48.5571902023442,43.6856325207355,30.6722903091167,0,100,500
48.35,48.5571902023442,49.6319603078194,31.508353813602,0,100,500
6.65,48.5571902023442,57.7323093012708,37.4322536776178,0,100,500
99.4,48.5571902023442,36.4903336596318,26.5512090658519,0,100,500
62.65,48.5571902023442,47.1446154190661,32.6546504973034,0,100,500
19.65,48.5571902023442,55.6006662101968,33.8189837132315,0,100,500
40.65,48.5571902023442,51.138318800025,30.1785082341733,0,100,500
81.5,48.5571902023442,44.2077933885985,30.7264538930019,0,100,500
8.2,48.5571902023442,59.9419624187297,35.6481719177178,0,100,500
32.2,48.5571902023442,52.3867443539178,33.4494995171636,0,100,500
31.3,48.5571902023442,52.9321265948122,32.292341693608,0,100,500
21.85,48.5571902023442,53.8348024992625,35.090060425186,0,100,500
100,48.5571902023442,30.0877883315502,22.9383366732764,0,100,500
59.8,48.5571902023442,47.4840377045993,31.7197671684116,0,100,500
97.8,48.5571902023442,39.7245905046597,29.5640936429831,0,100,500
94.85,48.5571902023442,42.3627755040436,32.7263969856077,0,100,500
92.4,48.5571902023442,41.4100981288685,29.9549425150347,0,100,500
31.4,48.5571902023442,51.0334640425186,36.3963233159385,0,100,500
97.7,48.5571902023442,38.8460484720177,28.5734891752069,0,100,500
65.15,48.5571902023442,46.8358613979857,31.9610453692552,0,100,500
58.65,48.5571902023442,47.441901325388,30.5688247367849,0,100,500
78.7,48.5571902023442,44.0931081878158,28.8585056658682,0,100,500
11.35,48.5571902023442,59.4541572037833,33.8346032055283,0,100,500
95.6,48.5571902023442,40.4597469825194,29.3455986514578,0,100,500
96.7,48.5571902023442,39.7289854663788,28.2381532818509,0,100,500
67.05,48.5571902023442,45.8830466934121,28.2499501475357,0,100,500
85.5,48.5571902023442,43.6500540881363,30.8628517184259,0,100,500
54,48.5571902023442,48.1582071425746,31.7276736297157,0,100,500
77.95,48.5571902023442,45.1121195924882,32.5009059071115,0,100,500
83.8,48.5571902023442,43.4876930128704,29.6757764274346,0,100,500
33.6,48.5571902023442,53.0965725816806,31.1231914641422,0,100,500
63,48.5571902023442,47.1816404520442,31.9831769333942,0,100,500
0.35,48.5571902023442,63.8762306605997,42.2189826628343,0,100,500
39.25,48.5571902023442,50.894334569572,32.5872893190597,0,100,500
83.75,48.5571902023442,43.3572306325737,29.5472720693379,0,100,500
89.6,48.5571902023442,42.7607524640704,30.6941254915412,0,100,500
93.1,48.5571902023442,42.100105043264,30.7643163303674,0,100,500
30.35,48.5571902023442,52.0505705362233,34.5897105206327,0,100,500
97.2,48.5571902023442,36.6711258437777,24.9801299783553,0,100,500
74.05,48.5571902023442,45.0874311636046,30.4044377506595,0,100,500
94.85,48.5571902023442,39.0523237697748,26.4603547204086,0,100,500
28.55,48.5571902023442,52.5341246650125,34.597683176202,0,100,500
28.1,48.5571902023442,53.7387906025443,32.3024288583809,0,100,500
88.1,48.5571902023442,42.1775750057452,28.7369694042906,0,100,500
51.65,48.5571902023442,49.0593720432514,29.5783223453088,0,100,500
80,48.5571902023442,43.3236382709261,27.8641490778886,0,100,500
81.6,48.5571902023442,44.392357112086,31.745179507175,0,100,500
98.65,48.5571902023442,37.7088434557602,27.6976653480962,0,100,500
23.35,48.5571902023442,54.7552714555036,33.8993575508782,0,100,500
73.25,48.5571902023442,45.2034222637741,30.0861230952228,0,100,500
10.55,48.5571902023442,59.6480750763199,34.4546893708813,0,100,500
38.3,48.5571902023442,50.7012035332034,34.1867456699124,0,100,500
91.8,48.5571902023442,41.9722609538465,30.2160681218329,0,100,500
16.75,48.5571902023442,52.9186949093734,38.0508106738584,0,100,500
17.6,48.5571902023442,54.0882144875338,36.2793544542133,0,100,500
62.2,48.5571902023442,47.1061322951927,32.0460699647795,0,100,500
88.4,48.5571902023442,41.4279547095443,27.8465927792431,0,100,500
37.7,48.5571902023442,52.0622123455751,31.938929119609,0,100,500
24.2,48.5571902023442,52.4294695441253,36.4591068676144,0,100,500
2.75,48.5571902023442,61.163510321802,38.6466386743442,0,100,500
70.55,48.5571902023442,46.0804402272478,32.6844392544984,0,100,500
32,48.5571902023442,52.8431129632974,32.7481258838983,0,100,500
26.65,48.5571902023442,54.2603166898963,32.3629860201384,0,100,500
26.25,48.5571902023442,52.5783640380481,35.5867848175928,0,100,500
99.7,48.5571902023442,35.2393537560592,26.2598173263192,0,100,500
97.4,48.5571902023442,39.2870084296585,28.7317842440721,0,100,500
37.75,48.5571902023442,50.8963721752319,32.9546016462795,0,100,500
14.35,48.5571902023442,57.9169887601439,34.005538948078,0,100,500
89.5,48.5571902023442,42.7593061513255,31.0605863702335,0,100,500
89.4,48.5571902023442,42.1248295170754,29.8108187003365,0,100,500
77.65,48.5571902023442,44.1140690458322,28.8700449187309,0,100,500
37.65,48.5571902023442,51.269761476301,32.3678431506068,0,100,500
8.3,48.5571902023442,59.9609095568764,34.8835772197763,0,100,500
61.45,48.5571902023442,47.2791170180422,31.8896387837439,0,100,500
40.95,48.5571902023442,51.5815539910565,30.9726302924382,0,100,500
2,48.5571902023442,62.9492582059666,39.0312928346228,0,100,500
62.85,48.5571902023442,47.2298973797246,32.9317978803644,0,100,500
29.05,48.5571902023442,51.9965284852977,35.1031357116064,0,100,500
99.7,48.5571902023442,35.8690954659661,26.5432610942833,0,100,500
99.25,48.5571902023442,37.9671158121773,28.395070560528,0,100,500
75.35,48.5571902023442,45.0340585276765,31.4273363545147,0,100,500
99.8,48.5571902023442,34.8469692280334,25.7120809580553,0,100,500
6,48.5571902023442,57.4520414701946,38.0740174664111,0,100,500
6.5,48.5571902023442,60.0823274660101,36.3524783922318,0,100,500
99.9,48.5571902023442,35.1012221791691,27.1610093706519,0,100,500
66.35,48.5571902023442,46.4240535369576,31.0480971115345,0,100,500
16.55,48.5571902023442,55.5664950843616,34.3178987597339,0,100,500
91.55,48.5571902023442,40.2512820754218,27.2836605686166,0,100,500
52.4,48.5571902023442,48.9819383054815,29.53013723632,0,100,500
31,48.5571902023442,52.8346345927075,32.8411240142055,0,100,500
20.45,48.5571902023442,56.2921627610983,32.4651183725153,0,100,500
77.95,48.5571902023442,44.9723299794165,31.5798059726857,0,100,500
16.4,48.5571902023442,56.9858547918238,34.4723748157545,0,100,500
72.8,48.5571902023442,45.4737677295699,30.6654473585848,0,100,500
90.75,48.5571902023442,41.5987498454375,29.1320353516469,0,100,500
83.35,48.5571902023442,44.2262044978928,32.0277211906241,0,100,500
56.8,48.5571902023442,47.9565966225095,34.4530391342195,0,100,500
20.75,48.5571902023442,55.2424099311618,34.7035936524432,0,100,500
17.45,48.5571902023442,54.3473174817908,36.2997566332872,0,100,500
92.95,48.5571902023442,41.2528995800638,29.6035410864375,0,100,500
53.1,48.5571902023442,49.1071884140147,27.8828814940082,0,100,500
15.1,48.5571902023442,57.085536695559,34.1278751846537,0,100,500
53.75,48.5571902023442,48.3616669729456,30.9372354895488,0,100,500
91.85,48.5571902023442,41.7306784211167,29.6814050873534,0,100,500
48.55,48.5571902023442,49.3252586641739,32.6281931153574,0,100,500
98,48.5571902023442,39.3872155813815,29.1986540275434,0,100,500
86.65,48.5571902023442,43.3384591508941,31.20412811753,0,100,500
91.8,48.5571902023442,41.364912290088,28.6552820563537,0,100,500
71,48.5571902023442,45.6260630447321,30.3855735212417,0,100,500
34.85,48.5571902023442,50.7437560193681,35.5026617134308,0,100,500
51.15,48.5571902023442,48.8458666448314,31.9475736679203,0,100,500
58.65,48.5571902023442,47.6671651881155,34.3378116866555,0,100,500
72.2,48.5571902023442,45.9893383912837,33.1347636914654,0,100,500
30,48.5571902023442,53.3801676006669,32.5677721068368,0,100,500
6.45,48.5571902023442,59.8810209122093,36.714645809644,0,100,500
69.5,48.5571902023442,46.1832591391507,31.9867269340592,0,100,500
15.65,48.5571902023442,55.9067819534422,35.5083295388341,0,100,500
1.9,48.5571902023442,61.4550417781492,39.3265466427604,0,100,500
98.5,48.5571902023442,39.4849483915804,29.5362662421542,0,100,500
47.5,48.5571902023442,49.3459719719769,32.8955358801812,0,100,500
96.65,48.5571902023442,37.0732483133602,24.6317237583106,0,100,500
37.75,48.5571902023442,50.4438533732208,35.0444057572784,0,100,500
77.3,48.5571902023442,45.1868887144057,32.5723145986772,0,100,500
78.75,48.5571902023442,44.7506581994275,32.2141898896353,0,100,500
9,48.5571902023442,59.9069478682281,35.6220595822014,0,100,500
28.85,48.5571902023442,52.764972120468,34.1723494489894,0,100,500
80.45,48.5571902023442,43.864897226475,29.3732896886461,0,100,500
22.75,48.5571902023442,54.1548299501929,34.0048786243418,0,100,500
35.9,48.5571902023442,51.1786336906733,34.1449130873795,0,100,500
59.35,48.5571902023442,47.5562974680032,30.0144523465996,0,100,500
6.9,48.5571902023442,55.7564921061695,38.8712339391563,0,100,500
41.95,48.5571902023442,49.9669492949311,34.3615890529135,0,100,500
37.8,48.5571902023442,51.2246382304619,33.1742483375275,0,100,500
84.05,48.5571902023442,43.8823235229035,31.2934513194238,0,100,500
72.65,48.5571902023442,45.5189435874642,30.8696301228221,0,100,500
99.1,48.5571902023442,36.2851112200858,25.9541399592431,0,100,500
77.1,48.5571902023442,45.2943836830545,32.6318147101571,0,100,500
67,48.5571902023442,46.386825859237,32.0181614942228,0,100,500
99.85,48.5571902023442,34.9633583566779,26.2823996422071,0,100,500
63.4,48.5571902023442,46.8190556097325,28.223900264211,0,100,500
98.65,48.5571902023442,37.0601597995723,26.1597476984024,0,100,500
64.15,48.5571902023442,46.6212803108408,28.2953999627802,0,100,500
36.45,48.5571902023442,51.1986257566434,33.3072443092888,0,100,500
24.8,48.5571902023442,52.9875591680919,35.3584179589024,0,100,500
81.65,48.5571902023442,43.2527726850143,28.1315826080411,0,100,500
46.8,48.5571902023442,50.0559635663609,29.1790492736839,0,100,500
84.25,48.5571902023442,42.7913494555997,28.6687951951054,0,100,500
9.55,48.5571902023442,56.0765183018706,37.4581738036199,0,100,500
42.35,48.5571902023442,50.3355205668015,32.901426374705,0,100,500
19.95,48.5571902023442,58.0332375508026,32.4898101959361,0,100,500
24.05,48.5571902023442,54.2269445349157,34.0550483879702,0,100,500
4.9,48.5571902023442,60.5768808252777,36.8105677200563,0,100,500
81.05,48.5571902023442,43.6064963122514,29.1541921497382,0,100,500
92.4,48.5571902023442,41.5349971193066,29.0220911705992,0,100,500
82.3,48.5571902023442,44.9929811792298,33.7600242756379,0,100,500
92.75,48.5571902023442,39.7244303954544,26.9204427427015,0,100,500
61,48.5571902023442,47.4584944444022,32.3883745321127,0,100,500
94.35,48.5571902023442,40.3538882866532,28.1490797050374,0,100,500
13.25,48.5571902023442,56.1316839680784,35.9611546662432,0,100,500
82.5,48.5571902023442,43.926182889408,30.7674400123569,0,100,500
23.25,48.5571902023442,53.5617942320314,34.6896395643347,0,100,500
97.75,48.5571902023442,38.7968235876995,28.0798163483889,0,100,500
88.45,48.5571902023442,43.9026207849509,33.4360496921074,0,100,500
81.25,48.5571902023442,44.7955758062167,32.5488484042603,0,100,500
1.7,48.5571902023442,58.7475242237785,40.9892385601763,0,100,500
7.6,48.5571902023442,58.4184311074345,36.5410135856749,0,100,500
89.55,48.5571902023442,41.4518396876766,28.5572198590037,0,100,500
65.55,48.5571902023442,46.5377307669217,30.2912835703441,0,100,500
26.9,48.5571902023442,52.2061242890225,35.6699133659531,0,100,500
99.75,48.5571902023442,36.8938360903841,28.0874275903162,0,100,500
98.7,48.5571902023442,38.6593314080898,28.7713167685796,0,100,500
4.9,48.5571902023442,57.8798861516091,39.0061523821745,0,100,500
59.4,48.5571902023442,47.5668279401481,31.9033751102382,0,100,500
44.4,48.5571902023442,50.0784191510703,31.724843719189,0,100,500
44.6,48.5571902023442,49.768694236922,33.5552274399434,0,100,500
100,48.5571902023442,32.616349245163,25.6178868349084,0,100,500
18.75,48.5571902023442,54.6132706031766,35.3389195613015,0,100,500
100,48.5571902023442,32.7030046887377,24.4122782959718,0,100,500
90,48.5571902023442,42.3111810926895,29.8705363923723,0,100,500
17.8,48.5571902023442,54.2592344045043,35.7383585924526,0,100,500
94.55,48.5571902023442,39.7768066773954,27.3683325859456,0,100,500
52.8,48.5571902023442,48.5699356977485,32.7444913804711,0,100,500
78.25,48.5571902023442,44.2046131309624,29.5564391822129,0,100,500
76.4,48.5571902023442,44.1877112493528,28.9190468054586,0,100,500
66.3,48.5571902023442,46.4667329826128,31.5393182584998,0,100,500
33.35,48.5571902023442,51.6241094559639,34.4446975692014,0,100,500
82.65,48.5571902023442,44.3119158166613,31.6292189868718,0,100,500
77.2,48.5571902023442,44.1658354015263,29.0369880860227,0,100,500
64.75,48.5571902023442,46.8938584926984,32.4797704445374,0,100,500
18.5,48.5571902023442,55.0518696306392,34.837392154074,0,100,500
87.75,48.5571902023442,43.1110231754638,31.0699259404711,0,100,500
4.2,48.5571902023442,59.5448290883523,38.3633578133736,0,100,500
50.3,48.5571902023442,48.7677854928955,34.113503754406,0,100,500
26.85,48.5571902023442,53.3955436461564,32.6544107514281,0,100,500
91.4,48.5571902023442,42.0803972844974,30.5796336957578,0,100,500
98.3,48.5571902023442,34.3529164281985,22.5765640872925,0,100,500
99.85,48.5571902023442,31.8848305759733,22.878432649773,0,100,500
35.3,48.5571902023442,52.272762069281,31.3474324317734,0,100,500
18.45,48.5571902023442,54.5935736101653,35.5867848175928,0,100,500
69.55,48.5571902023442,45.8414003542997,29.6677347684738,0,100,500
28.05,48.5571902023442,52.0751898909858,34.8859854486945,0,100,500
5.45,48.5571902023442,69.2163423832264,33.4742650462213,0,100,500
21.4,48.5571902023442,53.4889990984096,35.9942651872017,0,100,500
21.3,48.5571902023442,54.5322810202009,34.8282812188081,0,100,500
100,48.5571902023442,33.6409609183744,25.4887551707159,0,100,500
95.9,48.5571902023442,41.0867811888465,30.7297914603107,0,100,500
46.05,48.5571902023442,50.5478197897317,29.1129841260488,0,100,500
36.05,48.5571902023442,51.1371328113481,33.9027995520428,0,100,500
98.7,48.5571902023442,38.6554463032982,28.8139692497752,0,100,500
34.15,48.5571902023442,52.0763330072642,32.3665781780448,0,100,500
9.45,48.5571902023442,56.3338099425667,37.5789433161437,0,100,500
80.55,48.5571902023442,44.6494115037961,31.9296668841497,0,100,500
100,48.5571902023442,31.6924287570665,24.888413285543,0,100,500
13.05,48.5571902023442,57.3147523762157,35.136964583067,0,100,500
23.75,48.5571902023442,57.0600848749805,30.8420819930749,0,100,500
42.35,48.5571902023442,50.2162812969402,32.2900672754332,0,100,500
97.55,48.5571902023442,38.2958368513527,27.6593464174547,0,100,500
93.95,48.5571902023442,39.4362294599187,26.7094687767178,0,100,500
63.25,48.5571902023442,47.1325803248438,32.3053314561677,0,100,500
99.55,48.5571902023442,36.02813560864,26.6598123497385,0,100,500
81.6,48.5571902023442,44.2445545110026,31.0496934874875,0,100,500
52.9,48.5571902023442,48.6725236243204,30.8978992153554,0,100,500
77,48.5571902023442,44.8140078417865,30.8805331354897,0,100,500
98.75,48.5571902023442,38.6381736314892,28.5403258791307,0,100,500
37.75,48.5571902023442,50.2956866487533,35.3964617684616,0,100,500
98.75,48.5571902023442,40.2914138076396,30.6249547367364,0,100,500
66.7,48.5571902023442,46.1821530395373,30.0646146687908,0,100,500
81.25,48.5571902023442,43.9306086957062,30.2711848256977,0,100,500
74.8,48.5571902023442,44.4445149363972,28.5886995684552,0,100,500
78.85,48.5571902023442,44.8422896252154,32.3039760848,0,100,500
96.65,48.5571902023442,41.0422299536738,31.3216200858697,0,100,500
32.85,48.5571902023442,50.8164910165495,36.0451577196263,0,100,500
13.4,48.5571902023442,57.6981091589915,34.9882383580929,0,100,500
93.4,48.5571902023442,42.0871412783974,31.0161293191419,0,100,500
40.2,48.5571902023442,51.1473106007115,32.2936882914215,0,100,500
43.35,48.5571902023442,49.6615978398823,34.9521737172877,0,100,500
58.3,48.5571902023442,47.7604188899353,30.8288678849671,0,100,500
98.2,48.5571902023442,39.6111347331535,29.2416634236236,0,100,500
80.45,48.5571902023442,43.9313241616574,30.3648673077925,0,100,500
44.45,48.5571902023442,49.8504464278058,33.0266947654923,0,100,500
54.05,48.5571902023442,48.5193141825998,32.9317978803644,0,100,500
6.45,48.5571902023442,56.2439041713963,39.0261740735689,0,100,500
74.5,48.5571902023442,45.4457613087094,31.5712483522877,0,100,500
71,48.5571902023442,46.0589630764129,32.8859962303783,0,100,500
47.05,48.5571902023442,49.1744759117353,33.5404458495667,0,100,500
99.35,48.5571902023442,37.5065288606027,27.8367609621404,0,100,500
26.2,48.5571902023442,53.091361447983,34.3853828839117,0,100,500
92.4,48.5571902023442,41.7006599125832,29.9081451533909,0,100,500
89.75,48.5571902023442,41.2772598127693,27.3084217109896,0,100,500
63.3,48.5571902023442,46.7874382474131,31.1631449872408,0,100,500
51.25,48.5571902023442,48.8697670238147,31.2723918141285,0,100,500
94.35,48.5571902023442,40.0171229827635,27.5978432071615,0,100,500
5.6,48.5571902023442,61.9037043646107,35.7411291347457,0,100,500
99.25,48.5571902023442,37.0081687059297,26.9288927775867,0,100,500
70.1,48.5571902023442,45.9214849996944,31.7445757291324,0,100,500
90.25,48.5571902023442,42.3408269740322,29.6445534813262,0,100,500
88.25,48.5571902023442,43.1085581544916,30.7406450826,0,100,500
58.1,48.5571902023442,47.8141878403923,30.1769643913088,0,100,500
75.25,48.5571902023442,45.41561045724,32.8036314753262,0,100,500
43.2,48.5571902023442,49.7532814003405,34.2120570454337,0,100,500
81.5,48.5571902023442,43.2145206963592,28.0392982370885,0,100,500
64.05,48.5571902023442,46.9268573789595,33.005421935694,0,100,500
4.3,48.5571902023442,60.1495795040218,37.8699908066474,0,100,500
66.6,48.5571902023442,46.5828204213671,31.3659543271451,0,100,500
64.85,48.5571902023442,46.6684611460725,31.4774197687541,0,100,500
55.6,48.5571902023442,48.1751103924307,32.6602580684746,0,100,500
33.7,48.5571902023442,51.8091031251479,33.5555448398901,0,100,500
38.8,48.5571902023442,50.2804243371868,34.7610912973434,0,100,500
11.25,48.5571902023442,56.1860519613667,36.4696830140448,0,100,500
93.8,48.5571902023442,37.9622900729043,24.8544847570297,0,100,500
76.95,48.5571902023442,44.6820302390357,30.1298201741159,0,100,500
55.8,48.5571902023442,48.1928539674746,30.5994600551835,0,100,500
86.3,48.5571902023442,42.6393642311544,29.3765836164873,0,100,500
78.95,48.5571902023442,43.9693192655354,29.3988927699028,0,100,500
95.1,48.5571902023442,41.4721597271876,30.8715778330769,0,100,500
75.9,48.5571902023442,43.6601943369631,27.1222685375122,0,100,500
31.85,48.5571902023442,52.2297342371614,32.8255583144286,0,100,500
97.95,48.5571902023442,38.9066755798001,28.5792098017981,0,100,500
57.85,48.5571902023442,47.9449029320726,34.5179545349616,0,100,500
43.15,48.5571902023442,50.052886792197,32.3072560975004,0,100,500
1.15,48.5571902023442,61.2949090814426,40.3852395058367,0,100,500
68.9,48.5571902023442,46.1025664954006,31.2397925221713,0,100,500
11.4,48.5571902023442,57.0235720557831,35.4621306730183,0,100,500
93.05,48.5571902023442,40.6662602192557,28.4680620419565,0,100,500
74.85,48.5571902023442,45.6405403723119,32.9661628107018,0,100,500
96.95,48.5571902023442,40.4554362757726,29.7234156130284,0,100,500
34.05,48.5571902023442,50.9307641873997,35.5215606810266,0,100,500
92.5,48.5571902023442,42.5206567880629,31.9411788046362,0,100,500
3.15,48.5571902023442,61.8992629766999,37.8029669833139,0,100,500
40.85,48.5571902023442,51.1780245150532,31.1747570232855,0,100,500
49.4,48.5571902023442,49.0907075702841,32.1086354946888,0,100,500
18.4,48.5571902023442,55.786210298055,34.0140958982266,0,100,500
33.55,48.5571902023442,52.284867020427,32.5461628761234,0,100,500
89.35,48.5571902023442,41.4022136143612,28.0654104930705,0,100,500
84.65,48.5571902023442,42.6170328720674,28.6526139653088,0,100,500
85.55,48.5571902023442,42.757625467433,29.1249704668766,0,100,500
78.75,48.5571902023442,44.6315990915886,30.4510647379575,0,100,500
93.75,48.5571902023442,41.3834601054545,29.9879629873238,0,100,500
51.3,48.5571902023442,48.6007821999383,35.0138860783497,0,100,500
64.1,48.5571902023442,46.9614424683578,31.1198111695994,0,100,500
68.15,48.5571902023442,46.3003578567755,32.4986167993164,0,100,500
92.6,48.5571902023442,41.2079625323465,28.7940306986464,0,100,500
20.55,48.5571902023442,54.3995954923056,34.8282812188082,0,100,500
56.35,48.5571902023442,48.1599353583924,33.9752642549382,0,100,500
26.45,48.5571902023442,54.1286899536276,33.0246110873459,0,100,500
72.1,48.5571902023442,45.6798423968337,31.1678019730429,0,100,500
83.9,48.5571902023442,41.9442081838321,26.9180648458674,0,100,500
50.6,48.5571902023442,49.9689789992777,26.4685672245715,0,100,500
35.7,48.5571902023442,50.618298671918,35.7487256624698,0,100,500
43,48.5571902023442,49.9874610286138,33.9317053809624,0,100,500
77.85,48.5571902023442,45.2468185954395,32.6881044954562,0,100,500
52.7,48.5571902023442,48.6277016121825,32.1934772395823,0,100,500
36.9,48.5571902023442,51.1263685690552,33.3741326917943,0,100,500
95.75,48.5571902023442,39.8097102190809,28.1140891739339,0,100,500
41.05,48.5571902023442,50.883948898954,31.670212694565,0,100,500
86.45,48.5571902023442,43.9052883609164,31.9748124538331,0,100,500
95.85,48.5571902023442,38.4589951341684,26.8410979327818,0,100,500
74.25,48.5571902023442,45.1745275321841,30.8220984312104,0,100,500
89.45,48.5571902023442,42.7541528230445,29.9362518588275,0,100,500
94.05,48.5571902023442,40.1757582969439,27.7070587094367,0,100,500
58.3,48.5571902023442,47.7581407617825,31.090519439246,0,100,500
99.15,48.5571902023442,37.5139598382211,27.6091769541414,0,100,500
87.65,48.5571902023442,42.3647847703251,29.396332806995,0,100,500
76.95,48.5571902023442,45.9347660357235,34.9405716515155,0,100,500
99.5,48.5571902023442,36.3649082176685,26.0109580189623,0,100,500
99.25,48.5571902023442,36.6549101805494,26.672032715717,0,100,500
73.45,48.5571902023442,44.9448119049351,29.1658862024662,0,100,500
14.9,48.5571902023442,54.8091654420524,36.8854639046409,0,100,500
98.8,48.5571902023442,37.6925442624391,27.6643649507229,0,100,500
98.35,48.5571902023442,36.5184430496041,25.138951871207,0,100,500
19.9,48.5571902023442,54.4971709039443,35.1010445112366,0,100,500
66.8,48.5571902023442,45.9476059474507,25.7288419425584,0,100,500
19.4,48.5571902023442,54.5524076224424,35.5621596462932,0,100,500
99.75,48.5571902023442,33.9993028434857,25.1552507549786,0,100,500
28.2,48.5571902023442,53.3082924807335,33.1866097525133,0,100,500
58.95,48.5571902023442,47.5378653695061,30.5153153591234,0,100,500
87.45,48.5571902023442,41.5116327720172,27.1567980368967,0,100,500
49.55,48.5571902023442,49.0709754646356,32.3429380876538,0,100,500
52.65,48.5571902023442,49.0032085472712,30.5394061139751,0,100,500
97.35,48.5571902023442,38.8208493955888,27.834866430515,0,100,500
56.55,48.5571902023442,47.9984469293287,28.4763527104703,0,100,500
32.05,48.5571902023442,52.3140128164117,33.4558056646384,0,100,500
99.95,48.5571902023442,32.500472041818,23.7522876135984,0,100,500
70,48.5571902023442,46.1270646954798,32.212883466086,0,100,500
37,48.5571902023442,50.7975748752063,33.7871090068071,0,100,500
18.5,48.5571902023442,56.5130176546433,34.0861146389404,0,100,500
92.7,48.5571902023442,40.1645405902237,27.3777105697003,0,100,500
82.35,48.5571902023442,44.5764303835519,33.0075044031065,0,100,500
62.45,48.5571902023442,47.2536512871683,32.0772249540623,0,100,500
92.2,48.5571902023442,40.7824035286935,28.2499501475357,0,100,500
36.35,48.5571902023442,50.2343547014657,35.9925000271056,0,100,500
38.1,48.5571902023442,51.5126586951751,31.5740852484231,0,100,500
94.2,48.5571902023442,41.9541918024929,30.9372354895488,0,100,500
68.1,48.5571902023442,46.2453794172143,31.1878904102654,0,100,500
6.7,48.5571902023442,63.1090082655273,35.4724176141685,0,100,500
90.9,48.5571902023442,41.7084829493359,29.2077246233626,0,100,500
17.1,48.5571902023442,59.7844023491908,31.5118871680528,0,100,500
99.9,48.5571902023442,35.6691306468951,27.4106001814086,0,100,500
37.15,48.5571902023442,52.4909681777799,30.3100892618751,0,100,500
39.3,48.5571902023442,50.8963721752319,32.9546016462795,0,100,500
38.85,48.5571902023442,50.024433569164,35.3276248111741,0,100,500
59.15,48.5571902023442,47.6538618775006,31.7235127022056,0,100,500
53.3,48.5571902023442,48.6962365263619,31.782066779992,0,100,500
49.3,48.5571902023442,49.1245489166155,32.3789819582435,0,100,500
80.6,48.5571902023442,44.0966077548756,30.7150088418067,0,100,500
96.2,48.5571902023442,39.1111563694221,27.6186058628185,0,100,500
91.35,48.5571902023442,40.6847057260846,27.3464552485513,0,100,500
89.1,48.5571902023442,42.1836899174666,29.5413458926958,0,100,500
95.35,48.5571902023442,40.2776512498892,28.5497627416181,0,100,500
57.9,48.5571902023442,47.7170958568663,33.2731481279539,0,100,500
78.55,48.5571902023442,44.3522323936257,29.9053946273403,0,100,500
9.5,48.5571902023442,59.7437564966149,34.5103750254619,0,100,500
55.5,48.5571902023442,48.4195989309916,30.2533094021646,0,100,500
86.8,48.5571902023442,41.9964916584064,27.7529295515954,0,100,500
94.3,48.5571902023442,40.7112734748574,29.3062608880254,0,100,500
38.05,48.5571902023442,50.6849282625344,33.6792083083697,0,100,500
13.8,48.5571902023442,55.8529041023016,36.1776503631056,0,100,500
44.25,48.5571902023442,49.6522936160639,33.4940435986173,0,100,500
96.85,48.5571902023442,39.1672306366105,28.0226602265806,0,100,500
59.95,48.5571902023442,47.5537938713722,33.5899304032054,0,100,500
51.15,48.5571902023442,48.8138287965082,32.1732299852881,0,100,500
80.7,48.5571902023442,44.9050812751883,32.795689255085,0,100,500
45.1,48.5571902023442,49.4253810144453,34.3333340523988,0,100,500
37.15,48.5571902023442,51.0072874532064,33.7457942978995,0,100,500
97.25,48.5571902023442,40.0137425459896,29.2909457832606,0,100,500
2.4,48.5571902023442,68.2866446608201,35.6205650573834,0,100,500
37,48.5571902023442,51.3220173050595,32.2519641163939,0,100,500
52.5,48.5571902023442,48.5212052635342,33.2615531059456,0,100,500
94.25,48.5571902023442,42.4890708816142,31.881298766979,0,100,500
3.75,48.5571902023442,63.7466240550174,36.0863551241951,0,100,500
34.35,48.5571902023442,51.8356117189075,33.1480923226594,0,100,500
73.5,48.5571902023442,45.5606787684041,32.5292351594247,0,100,500
24.8,48.5571902023442,52.9401338701997,34.8653849413521,0,100,500
34.25,48.5571902023442,51.5008707893985,33.7511951016749,0,100,500
43.6,48.5571902023442,50.0010159792149,33.1283527103995,0,100,500
48.95,48.5571902023442,49.125354423113,34.0328633187955,0,100,500
29.55,48.5571902023442,51.7638910388422,34.659428846282,0,100,500
12.1,48.5571902023442,59.2287365171712,34.9405716515155,0,100,500
3,48.5571902023442,63.529267107032,37.7177911315912,0,100,500
14.95,48.5571902023442,54.9972878240176,36.6466574929311,0,100,500
99.5,48.5571902023442,37.3087533993058,27.4013730358605,0,100,500
20.7,48.5571902023442,53.0125492562954,36.6407933626227,0,100,500
90.15,48.5571902023442,42.4416635316547,30.8288678849671,0,100,500
37.65,48.5571902023442,50.9321864111513,33.3794740134491,0,100,500
32.6,48.5571902023442,53.8077955380798,30.5627058541124,0,100,500
100,48.5571902023442,34.0898706342556,26.0819914982668,0,100,500
24.5,48.5571902023442,53.7643561545091,33.8786952879834,0,100,500
6.4,48.5571902023442,58.8231121274162,37.8632107670552,0,100,500
99.9,48.5571902023442,34.745639910167,25.5515295519279,0,100,500
49.45,48.5571902023442,49.0401879807526,33.0617141834713,0,100,500
76.55,48.5571902023442,44.9078787027398,31.5785252761248,0,100,500
40.7,48.5571902023442,50.264783619278,34.2059319026396,0,100,500
97.4,48.5571902023442,37.2783333421621,25.0755130742147,0,100,500
96.65,48.5571902023442,40.435957431268,29.9791610647018,0,100,500
36.35,48.5571902023442,51.8292799300261,32.6546504973034,0,100,500
2.3,48.5571902023442,61.9856152329476,38.5217051724151,0,100,500
92.25,48.5571902023442,41.581490207319,29.6552415271417,0,100,500
42.1,48.5571902023442,50.3547007102973,33.5929266826664,0,100,500
38.65,48.5571902023442,51.0892502738508,31.3137404837644,0,100,500
100,48.5571902023442,31.6948179066258,24.5118087758445,0,100,500
99.85,48.5571902023442,33.3388182042523,24.1738573676782,0,100,500
19.55,48.5571902023442,56.1696564387443,33.5838369257839,0,100,500
52.55,48.5571902023442,48.5906671795942,31.8079417957339,0,100,500
99.1,48.5571902023442,38.3111573065037,28.6455672244226,0,100,500
64.2,48.5571902023442,46.6411992269502,30.6630702675163,0,100,500
70.85,48.5571902023442,46.2016809553618,33.8732740818641,0,100,500
90.65,48.5571902023442,42.1792199310592,30.1465427472064,0,100,500
53.6,48.5571902023442,48.5365790119618,32.2849002786283,0,100,500
57.15,48.5571902023442,47.9860140994678,34.3853828839117,0,100,500
51.15,48.5571902023442,48.7761377621585,33.1866097525133,0,100,500
99.3,120,66.7039285714286,48,1,100,500
98.5,120,69.62,43,1,100,500
99.75,120,51.672,39,1,100,500
91.6,120,88.8275,47,1,100,500
98.1,120,71.78125,46,1,100,500
95.8,120,80.375,46,1,100,500
97.35,120,77.42,47,1,100,500
67.7,120,117.171,45,1,100,500
98.35,120,70.92,45,1,100,500
99.5,120,58.2307692307692,43,1,100,500
99.45,120,55.038,39,1,100,500
99.3,120,66.008,47,1,100,500
92.75,120,86.095,46,1,100,500
98.5,120,71.78125,46,1,100,500
99,120,65.8295,44,1,100,500
99.35,120,63.19125,45,1,100,500
97.1,120,77.2257142857143,43,1,100,500
99.5,120,56.855,37,1,100,500
97.75,120,73.512,45,1,100,500
98.95,120,63,41,1,100,500
98.85,120,65.75,41,1,100,500
67.25,120,115.3825,46,1,100,500
99,120,62.9114285714286,40,1,100,500
97.85,120,77.9375,47,1,100,500
97.7,120,71.095,42,1,100,500
76.65,120,106.470714285714,47,1,100,500
95.95,120,76.3825,40,1,100,500
74,120,110.765,38,1,100,500
99.55,120,64.457,47,1,100,500
93.9,120,82.93,43,1,100,500
93.6,120,84.7314285714286,44,1,100,500
51.7,120,133.21375,43,1,100,500
99.95,120,49.52,38,1,100,500
86.95,120,93.371,41,1,100,500
98.95,120,62.78,41,1,100,500
99.75,120,54.58,40,1,100,500
99.45,120,51.921875,38,1,100,500
95.55,120,79.64,44,1,100,500
99.25,120,72.5534375,50,1,100,500
99.35,120,68.9323076923077,47,1,100,500
97.75,120,70.9475,41,1,100,500
99.15,120,64.78,43,1,100,500
96.45,120,82.34,50,1,100,500
94.45,120,82.18,45,1,100,500
48.65,120,140.02,43,1,100,500
92.9,120,85.6425,42,1,100,500
97.9,120,69.1855,43,1,100,500
93.65,120,88.808,50,1,100,500
96.9,120,72.185,41,1,100,500
79.7,120,103.6875,48,1,100,500
94.4,120,85.0855,49,1,100,500
99.2,120,62.336875,40,1,100,500
98.35,120,62.75,38,1,100,500
99.8,120,51.375,39,1,100,500
99.75,120,47.1375,36,1,100,500
99.55,120,59.245,43,1,100,500
92.85,120,85.7314285714286,45,1,100,500
82.6,120,99.77,44,1,100,500
97.4,120,76.68,45,1,100,500
97.3,120,64.73,38,1,100,500
79.75,120,103.6875,48,1,100,500
94.85,120,78.4078571428571,41,1,100,500
94.2,120,81.671875,43,1,100,500
41.85,120,142.02,45,1,100,500
93.25,120,87.808,49,1,100,500
86.95,120,94.51,46,1,100,500
94.65,120,82.18,45,1,100,500
99.9,120,57.913,46,1,100,500
99.2,120,64.8295,43,1,100,500
99.15,120,63.9114285714286,41,1,100,500
39.65,120,143.139,48,1,100,500
87.7,120,90.8028571428571,43,1,100,500
77.15,120,106.461875,47,1,100,500
97.3,120,76.7580769230769,49,1,100,500
99.55,120,53.005,40,1,100,500
99.95,120,55.4557142857143,44,1,100,500
91.15,120,87.1964285714286,43,1,100,500
99.4,120,65.78,44,1,100,500
92.1,120,87.095,47,1,100,500
99.3,120,63.1426923076923,43,1,100,500
98.9,120,59.8,40,1,100,500
93.15,120,87.095,47,1,100,500
98.05,120,70.1855,44,1,100,500
84.3,120,97.5507142857143,46,1,100,500
94,120,82.93,43,1,100,500
99.3,120,55.5625,37,1,100,500
99.1,120,63.965,44,1,100,500
94.7,120,78.6,39,1,100,500
89.4,120,90.106875,45,1,100,500
98.15,120,64.958,41,1,100,500
98.45,120,73.78125,48,1,100,500
77,120,104.875,43,1,100,500
95.45,120,78.64,43,1,100,500
95.05,120,82.0855,46,1,100,500
99.2,120,62.845,43,1,100,500
99.5,120,57.8695,40,1,100,500
99.45,120,59.7919230769231,43,1,100,500
93.25,120,86.808,48,1,100,500
85.2,120,96.5625,45,1,100,500
99.25,120,63.8295,42,1,100,500
96.55,120,80.7,51,1,100,500
98.25,120,69.7980769230769,46,1,100,500
98.85,120,65.958,42,1,100,500
88.65,120,91.52,44,1,100,500
98.45,120,72.1855,46,1,100,500
99.7,120,49.56,39,1,100,500
99.3,120,66.82125,45,1,100,500
98.95,120,66.1426923076923,46,1,100,500
98.8,120,69.958,46,1,100,500
98.95,120,61.8425,38,1,100,500
99.15,120,64.8295,43,1,100,500
96.65,120,70.076,38,1,100,500
99.8,120,58.2,45,1,100,500
96.1,120,79.805,47,1,100,500
99,120,72.92,47,1,100,500
97.7,120,63.611,35,1,100,500
99.25,120,68.1426923076923,48,1,100,500
99.55,120,56.89125,42,1,100,500
85.05,120,97.5507142857143,46,1,100,500
69.6,120,113.68,49,1,100,500
96.4,120,80.805,48,1,100,500
96,120,75.739,40,1,100,500
99,120,57.82,40,1,100,500
98.3,120,65.255,41,1,100,500
89.9,120,83.6425,40,1,100,500
98.55,120,72.885,45,1,100,500
98.85,120,68.805,45,1,100,500
97.85,120,59.344,34,1,100,500
99.65,120,58.2,45,1,100,500
89.1,120,92.8028571428571,45,1,100,500
96.35,120,79.462,46,1,100,500
86.85,120,93.51,45,1,100,500
97.35,120,77.9375,47,1,100,500
97.35,120,75.885,48,1,100,500
98.35,120,64.75,40,1,100,500
98.1,120,68.286875,41,1,100,500
90.95,120,91.6295,50,1,100,500
90.6,120,92.12,49,1,100,500
99.25,120,66.78,45,1,100,500
98.7,120,66.75,42,1,100,500
76.2,120,106.470714285714,47,1,100,500
95.8,120,83.2692307692308,49,1,100,500
95.95,120,81.375,47,1,100,500
99.6,120,53.365,40,1,100,500
78.55,120,106.1425,46,1,100,500
98.8,120,69.0982142857143,47,1,100,500
98.9,120,68.76,45,1,100,500
99.6,120,57.038,41,1,100,500
89.2,120,92.55,48,1,100,500
87.45,120,94.255,48,1,100,500
97.55,120,67.2857142857143,39,1,100,500
98.35,120,67.62,41,1,100,500
59.4,120,122.25,48,1,100,500
95.35,120,83.671875,45,1,100,500
99.8,120,48.5673076923077,40,1,100,500
90,120,88.12,45,1,100,500
97.7,120,71.512,43,1,100,500
97.65,120,67.2857142857143,39,1,100,500
76.45,120,105.46375,40,1,100,500
98.3,120,68.2857142857143,40,1,100,500
96,120,79.462,46,1,100,500
98.65,120,70.1855,44,1,100,500
86.45,120,93.5625,42,1,100,500
98.1,120,68.2857142857143,40,1,100,500
91.9,120,88.1964285714286,44,1,100,500
99.35,120,61.845,42,1,100,500
98.3,120,71.92,46,1,100,500
98.4,120,68.805,45,1,100,500
99.6,120,60.5925,45,1,100,500
92.35,120,85.6425,42,1,100,500
76.05,120,106.470714285714,47,1,100,500
96.3,120,77.731875,45,1,100,500
99.9,120,48.7476923076923,39,1,100,500
95.3,120,73.2257142857143,39,1,100,500
92.8,120,85.659,42,1,100,500
98.65,120,72.1855,46,1,100,500
74.2,120,109.68,45,1,100,500
99.25,120,62.845,43,1,100,500
99.9,120,50.7476923076923,41,1,100,500
99.8,120,46.085,38,1,100,500
98.3,120,69.286875,42,1,100,500
99.55,120,52.3055,38,1,100,500
93.4,120,83.7314285714286,43,1,100,500
98.6,120,73.78125,48,1,100,500
93.65,120,79.93,40,1,100,500
99.45,120,52.08,38,1,100,500
94.7,120,84.671875,46,1,100,500
88.35,120,92.255,46,1,100,500
98.3,120,71.1855,45,1,100,500
98.6,120,65.255,41,1,100,500
92.85,120,87.095,47,1,100,500
96.05,120,79.462,46,1,100,500
99.75,120,64.4292307692308,46,1,100,500
99.85,120,58.553,44,1,100,500
93.05,120,83.7314285714286,43,1,100,500
97.15,120,77.9375,47,1,100,500
99.05,120,63.336875,41,1,100,500
98.5,120,73.78125,48,1,100,500
86.55,120,94.51,46,1,100,500
81.85,120,98.024,41,1,100,500
99.6,120,65.457,48,1,100,500
99.4,120,64.255,40,1,100,500
100,120,58.375,46,1,100,500
93.1,120,83.7314285714286,43,1,100,500
99.7,120,56.89125,42,1,100,500
92.25,120,87.095,47,1,100,500
91.7,120,87.1964285714286,43,1,100,500
100,120,49.0514285714286,40,1,100,500
94.9,120,83.671875,45,1,100,500
99.7,120,56.365,43,1,100,500
99.65,120,54.58,40,1,100,500
75.4,120,107.32,51,1,100,500
98.45,120,70.1855,44,1,100,500
99.9,120,56.7457692307692,43,1,100,500
99.75,120,50.28125,41,1,100,500
99.8,120,53.4557142857143,42,1,100,500
97.2,120,73.125,45,1,100,500
96.5,120,74.731875,42,1,100,500
99.35,120,61.8,42,1,100,500
97.7,120,66.286875,39,1,100,500
93.15,120,82.7314285714286,42,1,100,500
90.35,120,90.12,47,1,100,500
95.6,120,81.4078571428571,44,1,100,500
99,120,71.0982142857143,49,1,100,500
95.95,120,83.805,51,1,100,500
97.1,120,74.731875,42,1,100,500
97.85,120,73.512,45,1,100,500
94.05,120,80.93,41,1,100,500
95.15,120,79.93,40,1,100,500
88.85,120,90.8028571428571,43,1,100,500
99.45,120,58.8695,41,1,100,500
99.75,120,56.58,42,1,100,500
97.4,120,67.2857142857143,39,1,100,500
85.85,120,94.5507142857143,43,1,100,500
90.35,120,89.1964285714286,45,1,100,500
98.05,120,66.286875,39,1,100,500
47.25,120,131.259,48,1,100,500
99.9,120,51.0514285714286,42,1,100,500
95.75,120,81.805,49,1,100,500
99.7,120,64.845,45,1,100,500
98.05,120,66.62,40,1,100,500
95.4,120,80.375,46,1,100,500
97.5,120,73.095,44,1,100,500
99.65,120,50.375,38,1,100,500
96.4,120,79.805,47,1,100,500
99.25,120,64.8295,43,1,100,500
99.1,120,68.805,45,1,100,500
99.95,120,46.82,38,1,100,500
99.35,120,61.3659375,45,1,100,500
91.55,120,90.6295,49,1,100,500
93.75,120,84.7314285714286,44,1,100,500
99.9,120,43.605,36,1,100,500
91.35,120,91.1964285714286,47,1,100,500
99.45,120,54.84,39,1,100,500
98.95,120,67.82125,46,1,100,500
84.9,120,95.371,43,1,100,500
99.65,120,53.89125,39,1,100,500
98.05,120,69.1855,43,1,100,500
94.85,120,78.4078571428571,41,1,100,500
67.1,120,116.171,44,1,100,500
76.2,120,107.461875,48,1,100,500
94.55,120,85.69125,51,1,100,500
81.1,120,102.44,47,1,100,500
94.35,120,73.3825,37,1,100,500
90.45,120,90.12,47,1,100,500
99,120,67.805,44,1,100,500
89.85,120,92.12,49,1,100,500
83.9,120,98.036875,46,1,100,500
87.75,120,93.8028571428571,46,1,100,500
99.75,120,54.3055,40,1,100,500
95.95,120,79.375,45,1,100,500
98.9,120,72.9014285714286,49,1,100,500
94.65,120,80.671875,42,1,100,500
98.5,120,72.78125,47,1,100,500
95.85,120,79.462,46,1,100,500
98.85,120,70.7980769230769,47,1,100,500
99.2,120,65.965,46,1,100,500
91.55,120,88.8275,47,1,100,500
97.55,120,61.5278571428571,36,1,100,500
96.5,120,76.2257142857143,42,1,100,500
94.65,120,79.6,40,1,100,500
99.9,120,56.365,43,1,100,500
97.65,120,72.9475,43,1,100,500
94.6,120,83.18,46,1,100,500
93.65,120,84.7314285714286,44,1,100,500
90,120,89.52,42,1,100,500
99.75,120,54.3369230769231,42,1,100,500
99.8,120,49.7476923076923,40,1,100,500
99.85,120,54.3369230769231,42,1,100,500
87.65,120,90.8028571428571,43,1,100,500
98.45,120,64,42,1,100,500
98.05,120,71.74,46,1,100,500
95.25,120,75.2257142857143,41,1,100,500
86.7,120,94.5625,43,1,100,500
97.7,120,73.885,46,1,100,500
80,120,102.44,47,1,100,500
99.4,120,62.845,43,1,100,500
99.95,120,54.0042307692308,43,1,100,500
99.25,120,61.4292307692308,43,1,100,500
99.85,120,51.2182142857143,41,1,100,500
96.4,120,79.462,46,1,100,500
99.75,120,43.128,36,1,100,500
96.95,120,76.68,45,1,100,500
99.5,120,57.8695,40,1,100,500
98.25,120,69.62,43,1,100,500
99.15,120,70.805,47,1,100,500
96.05,120,80.64,45,1,100,500
97.55,120,76.9375,46,1,100,500
95.2,120,82.671875,44,1,100,500
99.85,120,53.365,40,1,100,500
94.65,120,79.4078571428571,42,1,100,500
99.45,120,64.78,43,1,100,500
99.25,120,62.9114285714286,40,1,100,500
99.5,120,67.845,48,1,100,500
95.5,120,79.462,46,1,100,500
91.45,120,89.1964285714286,45,1,100,500
98.55,120,64.255,40,1,100,500
99.1,120,63.8295,42,1,100,500
96.8,120,76.07125,46,1,100,500
98.75,120,67.805,44,1,100,500
99.4,120,69.625,49,1,100,500
97.5,120,80.07125,50,1,100,500
99,120,68.805,45,1,100,500
90.85,120,89.1964285714286,45,1,100,500
99.5,120,56.365,43,1,100,500
99.7,120,51.9409375,43,1,100,500
99.7,120,56.365,43,1,100,500
99.35,120,64.972,49,1,100,500
99.85,120,55.7457692307692,42,1,100,500
99.15,120,67.1426923076923,47,1,100,500
96.25,120,74.731875,42,1,100,500
98.65,120,64.82125,43,1,100,500
97.65,120,72.885,45,1,100,500
90.75,120,88.8275,47,1,100,500
94.55,120,85.28,50,1,100,500
99.8,120,53.0042307692308,42,1,100,500
98.75,120,76.125,48,1,100,500
95.5,120,79.64,44,1,100,500
56.8,120,128.259,45,1,100,500
99.05,120,68.958,45,1,100,500
96.8,120,76.9375,46,1,100,500
99.55,120,65,43,1,100,500
98.95,120,66.82125,45,1,100,500
99.85,120,55.3369230769231,43,1,100,500
92,120,87.8275,46,1,100,500
65.2,120,115.58,52,1,100,500
83.1,120,98.77,43,1,100,500
99.65,120,58.5,42,1,100,500
99.15,120,63.965,44,1,100,500
99.45,120,61.19125,43,1,100,500
99.4,120,64.845,45,1,100,500
99.3,120,64.965,45,1,100,500
94.95,120,80.4078571428571,43,1,100,500
89.75,120,86.916,39,1,100,500
99.7,120,56.038,40,1,100,500
99.6,120,63.19125,45,1,100,500
99.75,120,61.972,46,1,100,500
81,120,102.44,47,1,100,500
99.15,120,63.78,42,1,100,500
97.5,120,76.9375,46,1,100,500
98.7,120,67.805,44,1,100,500
99.65,120,66.965,47,1,100,500
99.55,120,49.672,37,1,100,500
77.45,120,105.32,49,1,100,500
93.85,120,81.93,42,1,100,500
98.3,120,71.78125,46,1,100,500
99.2,120,65.78,44,1,100,500
98.45,120,69.1855,43,1,100,500
99.1,120,59.8,40,1,100,500
92.15,120,85.6425,42,1,100,500
98.75,120,66.75,42,1,100,500
99.55,120,55.881875,38,1,100,500
68.7,120,114.381875,47,1,100,500
99.8,120,61.97375,47,1,100,500
98.75,120,64.8295,43,1,100,500
84.45,120,97.5507142857143,46,1,100,500
90.75,120,86.1964285714286,42,1,100,500
96.85,120,74.9375,44,1,100,500
70.65,120,111.924,45,1,100,500
88.85,120,90.52,43,1,100,500
99.3,120,61.7919230769231,45,1,100,500
99.8,120,59.6434375,46,1,100,500
94.3,120,86.808,48,1,100,500
98.45,120,69.62,43,1,100,500
95.65,120,77.375,43,1,100,500
91.7,120,88.8275,47,1,100,500
97.35,120,76.42,46,1,100,500
99.05,120,70.92,45,1,100,500
99.65,120,52.84,37,1,100,500
98.7,120,68.255,44,1,100,500
98.65,120,73.78125,48,1,100,500
99.05,120,71.76,48,1,100,500
74.05,120,108.924,42,1,100,500
98.55,120,67.958,44,1,100,500
92.45,120,91.5,51,1,100,500
99.9,120,57.3369230769231,45,1,100,500
99.6,120,66.78,45,1,100,500
99.7,120,52.005,39,1,100,500
98.45,120,69.286875,42,1,100,500
99.8,120,55.4557142857143,44,1,100,500
98.85,120,70.7980769230769,47,1,100,500
99.1,120,64.8295,43,1,100,500
99.75,120,46.82,38,1,100,500
98.6,120,70.92,45,1,100,500
77.55,120,106.470714285714,47,1,100,500
97,120,75.68,44,1,100,500
99.95,120,52.2182142857143,42,1,100,500
99.8,120,59.1428571428571,45,1,100,500
97.7,120,67.286875,40,1,100,500
95.85,120,81.64,46,1,100,500
95.35,120,73.3825,37,1,100,500
99.65,120,51.92125,40,1,100,500
98.55,120,70.76,47,1,100,500
99.65,120,54.58,40,1,100,500
95,120,80.64,45,1,100,500
99.6,120,58.82,41,1,100,500
99.2,120,60.845,41,1,100,500
57.2,120,124.25,50,1,100,500
91.65,120,87.1964285714286,43,1,100,500
97.1,120,76.9375,46,1,100,500
97.9,120,69.62,43,1,100,500
97.4,120,70.9475,41,1,100,500
99.35,120,63.965,44,1,100,500
99.85,120,55.58,41,1,100,500
88.2,120,92.8028571428571,45,1,100,500
95.05,120,83.28,48,1,100,500
99.6,120,59.8695,42,1,100,500
87.15,120,95.255,49,1,100,500
99.3,120,63.336875,41,1,100,500
53.65,120,133.1,44,1,100,500
100,120,49.92,42,1,100,500
90.2,120,89.916,42,1,100,500
68.1,120,114.58,51,1,100,500
97.35,120,80.805,48,1,100,500
57.75,120,126.007857142857,49,1,100,500
98.6,120,77.0184375,51,1,100,500
99.4,120,59.4364285714286,39,1,100,500
99.95,120,52.415,44,1,100,500
99.1,120,62.336875,40,1,100,500
99.7,120,59.5,43,1,100,500
97,120,76.731875,44,1,100,500
98.35,120,75.7753571428571,50,1,100,500
92.55,120,87.808,49,1,100,500
99.95,120,49.56,39,1,100,500
100,120,48.468,42,1,100,500
95.15,120,77.375,43,1,100,500
88.6,120,91.8028571428571,44,1,100,500
99.7,120,59.5925,44,1,100,500
99.1,120,64.8295,43,1,100,500
93.15,120,86.095,46,1,100,500
99.15,120,65.8295,44,1,100,500
82.1,120,97.77,42,1,100,500
99.55,120,57.2307692307692,42,1,100,500
95.75,120,75.2257142857143,41,1,100,500
97.75,120,74.095,45,1,100,500
99.9,120,44.435,38,1,100,500
98.1,120,72.125,44,1,100,500
99.95,120,53.0042307692308,42,1,100,500
99,120,59.855,40,1,100,500
99.9,120,48.52,37,1,100,500
98.75,120,68.78125,43,1,100,500
99.6,120,62.1128571428571,45,1,100,500
66.15,120,117.171,45,1,100,500
97.1,120,75.9375,45,1,100,500
24.55,120,153.0625,52,1,100,500
99.3,120,56.82,39,1,100,500
77.1,120,105.46375,40,1,100,500
99.15,120,64.7039285714286,46,1,100,500
99.7,120,57.7457692307692,44,1,100,500
91.95,120,85.6425,42,1,100,500
99.4,120,55.58,41,1,100,500
98.1,120,73.512,45,1,100,500
99.3,120,60.855,41,1,100,500
97.75,120,69.286875,42,1,100,500
93.45,120,83.7314285714286,43,1,100,500
99.15,120,70.805,47,1,100,500
97.7,120,72.512,44,1,100,500
99.65,120,56.038,40,1,100,500
99.8,120,50.52,39,1,100,500
99.5,120,58.8695,41,1,100,500
96.5,120,77.731875,45,1,100,500
97.2,120,75.68,44,1,100,500
98.75,120,61.9114285714286,39,1,100,500
94,120,84.808,46,1,100,500
83.1,120,100.036875,48,1,100,500
99.7,120,52.005,39,1,100,500
78.3,120,105.470714285714,46,1,100,500
93.3,120,82.671875,44,1,100,500
93.45,120,87.095,47,1,100,500
100,120,45.128,38,1,100,500
77.55,120,106.470714285714,47,1,100,500
99.8,120,51.672,39,1,100,500
99.9,120,51.92125,40,1,100,500
99.25,120,52.08,38,1,100,500
99.85,120,46.06375,40,1,100,500
2.2,120,230.695,52,1,100,500
94.85,120,78.4078571428571,41,1,100,500
98.7,120,64.78,43,1,100,500
99.75,120,52.08,38,1,100,500
96.75,120,74.095,45,1,100,500
45.3,26.8519167514429,27.3489583333333,23.8225563909774,-1,178,500
37,26.8519167514429,28.4350180505415,24.6376360808709,-1,178,500
2.9,26.8519167514429,34.245652173913,28.856102003643,-1,178,500
71.55,26.8519167514429,25.164536741214,22.1566433566434,-1,178,500
66.15,26.8519167514429,25.5730519480519,22.4709219858156,-1,178,500
53.15,26.8519167514429,26.7453310696095,23.3657817109145,-1,178,500
3.25,26.8519167514429,32.9560669456067,27.9400352733686,-1,178,500
37.95,26.8519167514429,28.1806797853309,24.4475308641975,-1,178,500
2.15,26.8519167514429,34.245652173913,28.856102003643,-1,178,500
26.7,26.8519167514429,29.3899253731343,25.3472,-1,178,500
62.7,26.8519167514429,25.8245901639344,22.6638054363376,-1,178,500
40.65,26.8519167514429,27.9308510638297,24.260336906585,-1,178,500
90.3,26.8519167514429,22.5364806866952,20.1040609137056,-1,178,500
57.05,26.8519167514429,26.4312080536912,23.1270072992701,-1,178,500
10.2,26.8519167514429,32.0182926829268,27.2667814113597,-1,178,500
53.75,26.8519167514429,26.7453310696095,23.3657817109145,-1,178,500
9.15,26.8519167514429,31.6325301204819,26.9880749574106,-1,178,500
41.45,26.8519167514429,27.9308510638297,24.260336906585,-1,178,500
18.3,26.8519167514429,30.1204588910133,25.8856209150327,-1,178,500
7,26.8519167514429,33.2341772151898,28.1385435168739,-1,178,500
26.65,26.8519167514429,29.4448598130841,25.3878205128205,-1,178,500
37.6,26.8519167514429,28.0802139037433,24.3723076923077,-1,178,500
50.75,26.8519167514429,27.0205831903945,23.5744047619048,-1,178,500
39.75,26.8519167514429,28.0302491103203,24.3348694316436,-1,178,500
3.95,26.8519167514429,33.8774193548387,28.5956678700361,-1,178,500
15.4,26.8519167514429,30.9489194499017,26.4916387959866,-1,178,500
4.3,26.8519167514429,32.280737704918,27.4558058925477,-1,178,500
4.1,26.8519167514429,32.6149068322981,27.6958041958042,-1,178,500
7,26.8519167514429,31.6325301204819,26.9880749574106,-1,178,500
83.05,26.8519167514429,24.1240428790199,21.3504043126685,-1,178,500
75.35,26.8519167514429,24.3101851851852,21.4952510176391,-1,178,500
51,26.8519167514429,27.1135972461274,23.644776119403,-1,178,500
51.75,26.8519167514429,26.9282051282051,23.5044510385757,-1,178,500
61.3,26.8519167514429,26.0811258278145,22.8600288600289,-1,178,500
87,26.8519167514429,22.9970802919708,20.4677002583979,-1,178,500
64.45,26.8519167514429,25.8245901639344,22.6638054363376,-1,178,500
52.9,26.8519167514429,26.8364565587734,23.4349112426036,-1,178,500
39.45,26.8519167514429,28.0302491103202,24.3348694316436,-1,178,500
10.2,26.8519167514429,32.0835030549898,27.3137931034483,-1,178,500
12.45,26.8519167514429,32.0182926829268,27.2667814113597,-1,178,500
16.2,26.8519167514429,30.8277886497064,26.4033333333333,-1,178,500
83.05,26.8519167514429,23.9407294832826,21.2074966532798,-1,178,500
64.35,26.8519167514429,25.8669950738916,22.6962750716332,-1,178,500
66.05,26.8519167514429,25.4491114701131,22.3757062146893,-1,178,500
72,26.8519167514429,25.1244019138755,22.1256983240223,-1,178,500
64.1,26.8519167514429,25.6982055464926,22.5669515669516,-1,178,500
5.25,26.8519167514429,33.375,28.2388591800357,-1,178,500
42.25,26.8519167514429,27.5884413309982,24.0030303030303,-1,178,500
73.4,26.8519167514429,24.8470031545741,21.911479944675,-1,178,500
87,26.8519167514429,23.6176911544227,20.9550264550265,-1,178,500
90.85,26.8519167514429,22.6661870503597,20.2066326530612,-1,178,500
89.1,26.8519167514429,22.472182596291,20.053164556962,-1,178,500
73.7,26.8519167514429,25.0047619047619,22.0333796940195,-1,178,500
75.45,26.8519167514429,24.3854489164087,21.5537414965986,-1,178,500
5.05,26.8519167514429,33.8047210300429,28.5441441441441,-1,178,500
25.25,26.8519167514429,29.1722222222222,25.1860095389507,-1,178,500
41.35,26.8519167514429,27.8321554770318,24.1862595419847,-1,178,500
60.4,26.8519167514429,26.2113144758735,22.9594202898551,-1,178,500
58.35,26.8519167514429,26.2988313856427,23.0261627906977,-1,178,500
68.9,26.8519167514429,25.2857142857143,22.25,-1,178,500
68.1,26.8519167514429,25.164536741214,22.1566433566434,-1,178,500
69,26.8519167514429,25.2857142857143,22.25,-1,178,500
58,26.8519167514429,26.3428093645485,23.0596797671033,-1,178,500
81,26.8519167514429,23.9407294832826,21.2074966532798,-1,178,500
80.15,26.8519167514429,23.8681818181818,21.150867823765,-1,178,500
43.05,26.8519167514429,27.7341549295774,24.1126331811263,-1,178,500
13.45,26.8519167514429,30.5290697674418,26.1851239669422,-1,178,500
6.6,26.8519167514429,32.4135802469136,27.5513043478261,-1,178,500
28.75,26.8519167514429,29.1722222222222,25.1860095389507,-1,178,500
57.95,26.8519167514429,26.3869346733668,23.0932944606414,-1,178,500
42.45,26.8519167514429,27.6854130052724,24.0759878419453,-1,178,500
28,26.8519167514429,28.9045871559633,24.98738170347,-1,178,500
10.75,26.8519167514429,31.443113772455,26.8508474576271,-1,178,500
45.8,26.8519167514429,27.4442508710801,23.894419306184,-1,178,500
15.55,26.8519167514429,30.4700193423597,26.1419141914191,-1,178,500
17.6,26.8519167514429,30.6478599221789,26.2719734660033,-1,178,500
9.65,26.8519167514429,31.7600806451613,27.0803418803419,-1,178,500
7.5,26.8519167514429,32.6149068322981,27.6958041958042,-1,178,500
58.25,26.8519167514429,26.3428093645485,23.0596797671034,-1,178,500
50.7,26.8519167514429,26.9282051282051,23.5044510385757,-1,178,500
65.45,26.8519167514429,25.6982055464926,22.5669515669516,-1,178,500
11.6,26.8519167514429,31.009842519685,26.536013400335,-1,178,500
0,26.8519167514429,39.982233502538,32.7991718426501,-1,178,500
51.05,26.8519167514429,26.9743150684931,23.5393759286776,-1,178,500
63.5,26.8519167514429,25.6563517915309,22.5348506401138,-1,178,500
80.7,26.8519167514429,24.3477588871715,21.5244565217391,-1,178,500
1.15,26.8519167514429,36.2137931034482,30.2328244274809,-1,178,500
23.4,26.8519167514429,29.5553470919324,25.4694533762058,-1,178,500
99.5,26.8519167514429,18.8207885304659,17.1079913606911,-1,178,500
84,26.8519167514429,23.3032544378698,20.7084967320261,-1,178,500
3.5,26.8519167514429,34.023758099352,28.6992753623188,-1,178,500
76.85,26.8519167514429,24.4992223950233,21.6420765027322,-1,178,500
50.95,26.8519167514429,26.9743150684931,23.5393759286776,-1,178,500
65.4,26.8519167514429,25.5316045380875,22.4390934844193,-1,178,500
1.75,26.8519167514429,36.1307339449541,30.1752380952381,-1,178,500
22.85,26.8519167514429,30.1204588910133,25.8856209150327,-1,178,500
93.6,26.8519167514429,22.3130311614731,19.9270440251572,-1,178,500
71.35,26.8519167514429,24.9651347068146,22.0027777777778,-1,178,500
0.05,26.8519167514429,42.008,34.1422413793103,-1,178,500
67.15,26.8519167514429,25.408064516129,22.3441466854725,-1,178,500
9.95,26.8519167514429,31.9533468559837,27.2199312714777,-1,178,500
55.8,26.8519167514429,26.520202020202,23.194729136164,-1,178,500
25.25,26.8519167514429,29.8918406072106,25.7175324675325,-1,178,500
0.9,26.8519167514429,34.17136659436,28.8036363636364,-1,178,500
16.5,26.8519167514429,31.1940594059405,26.6700336700337,-1,178,500
55.85,26.8519167514429,26.520202020202,23.194729136164,-1,178,500
23.15,26.8519167514429,30.0629770992366,25.8433931484502,-1,178,500
7.05,26.8519167514429,32.547520661157,27.6474694589878,-1,178,500
32.5,26.8519167514429,28.9045871559633,24.98738170347,-1,178,500
22.4,26.8519167514429,30.3526011560693,26.0559210526316,-1,178,500
99.75,26.8519167514429,18.5329411764706,16.8711395101171,-1,178,500
2.75,26.8519167514429,35.0066666666666,29.39146567718,-1,178,500
86.75,26.8519167514429,23.0644216691069,20.520725388601,-1,178,500
79.65,26.8519167514429,23.9407294832827,21.2074966532798,-1,178,500
76.55,26.8519167514429,24.3854489164086,21.5537414965986,-1,178,500
74.95,26.8519167514429,24.6912225705329,21.7909215955984,-1,178,500
69.85,26.8519167514429,25.164536741214,22.1566433566434,-1,178,500
0.2,26.8519167514429,36.9788732394366,30.7611650485437,-1,178,500
11.3,26.8519167514429,31.2559523809523,26.7150084317032,-1,178,500
92.8,26.8519167514429,21.7582872928177,19.4858548585486,-1,178,500
8.8,26.8519167514429,31.9533468559837,27.2199312714777,-1,178,500
99,26.8519167514429,19.3288343558282,17.5243362831858,-1,178,500
10.2,26.8519167514429,31.6961770623742,27.0341296928328,-1,178,500
77,26.8519167514429,24.6525821596244,21.760989010989,-1,178,500
74.5,26.8519167514429,24.807874015748,21.8812154696133,-1,178,500
61.45,26.8519167514429,25.9950495049505,22.7942446043165,-1,178,500
37.75,26.8519167514429,28.0302491103203,24.3348694316436,-1,178,500
14.4,26.8519167514429,30.8277886497064,26.4033333333333,-1,178,500
13.65,26.8519167514429,31.0710059171597,26.5805369127517,-1,178,500
61.9,26.8519167514429,25.9950495049504,22.7942446043165,-1,178,500
9.8,26.8519167514429,31.1324110671937,26.6252100840336,-1,178,500
53,26.8519167514429,26.7,23.3313696612666,-1,178,500
48.1,26.8519167514429,27.2543252595155,23.7511244377811,-1,178,500
6.7,26.8519167514429,34.0974025974025,28.7513611615245,-1,178,500
76.6,26.8519167514429,24.7299843014128,21.8209366391185,-1,178,500
93.55,26.8519167514429,21.5794520547945,19.3431013431013,-1,178,500
91.05,26.8519167514429,21.7582872928177,19.4858548585486,-1,178,500
54.45,26.8519167514429,26.7,23.3313696612666,-1,178,500
90.3,26.8519167514429,22.5042857142857,20.0785804816223,-1,178,500
73.65,26.8519167514429,24.7299843014128,21.8209366391185,-1,178,500
63.4,26.8519167514429,25.9522240527182,22.7614942528736,-1,178,500
41.2,26.8519167514429,27.8814159292035,24.2232415902141,-1,178,500
49.6,26.8519167514429,27.1135972461273,23.644776119403,-1,178,500
38.3,26.8519167514429,28.3837837837837,24.5993788819876,-1,178,500
97.05,26.8519167514429,21.144966442953,18.9952038369305,-1,178,500
73.5,26.8519167514429,24.8470031545741,21.911479944675,-1,178,500
95.6,26.8519167514429,21.144966442953,18.9952038369305,-1,178,500
40.25,26.8519167514429,27.9804618117229,24.2975460122699,-1,178,500
9.25,26.8519167514429,32.6149068322981,27.6958041958042,-1,178,500
0.45,26.8519167514429,37.241134751773,30.94140625,-1,178,500
2.1,26.8519167514429,34.6982378854625,29.1749539594843,-1,178,500
7.4,26.8519167514429,33.4458598726114,28.2892857142857,-1,178,500
95.45,26.8519167514429,21.0320427236315,18.9045346062052,-1,178,500
8.8,26.8519167514429,31.7600806451613,27.0803418803419,-1,178,500
81.2,26.8519167514429,23.9044006069803,21.1791443850267,-1,178,500
42.25,26.8519167514429,27.6368421052631,24.0394537177542,-1,178,500
77.8,26.8519167514429,24.575663026521,21.7013698630137,-1,178,500
64.15,26.8519167514429,25.7401960784313,22.5991440798859,-1,178,500
42.6,26.8519167514429,27.7341549295774,24.1126331811263,-1,178,500
27.6,26.8519167514429,29.4448598130841,25.3878205128205,-1,178,500
65.15,26.8519167514429,25.6146341463414,22.5028409090909,-1,178,500
61.6,26.8519167514429,25.9095394736842,22.7288378766141,-1,178,500
78.9,26.8519167514429,24.3101851851851,21.4952510176391,-1,178,500
98.35,26.8519167514429,20.4584415584415,18.442374854482,-1,178,500
6.3,26.8519167514429,32.2147239263803,27.4083044982699,-1,178,500
86.5,26.8519167514429,22.9970802919708,20.4677002583979,-1,178,500
7.1,26.8519167514429,33.1642105263157,28.0886524822695,-1,178,500
27.6,26.8519167514429,29.3351955307262,25.3067092651757,-1,178,500
14.45,26.8519167514429,30.8882352941176,26.4474123539232,-1,178,500
0.05,26.8519167514429,38.0507246376811,31.4950298210736,-1,178,500
62.6,26.8519167514429,25.8669950738916,22.6962750716332,-1,178,500
87.55,26.8519167514429,23.0644216691069,20.520725388601,-1,178,500
25.65,26.8519167514429,29.4448598130841,25.3878205128205,-1,178,500
15.8,26.8519167514429,30.5290697674418,26.1851239669422,-1,178,500
95.55,26.8519167514429,21.6090534979424,19.3667481662592,-1,178,500
25.9,26.8519167514429,29.1722222222222,25.1860095389507,-1,178,500
98.95,26.8519167514429,19.4962871287128,17.6610925306577,-1,178,500
2.05,26.8519167514429,33.8047210300429,28.5441441441441,-1,178,500
99,26.8519167514429,18.7535714285714,17.0527448869752,-1,178,500
54,26.8519167514429,26.7,23.3313696612666,-1,178,500
93.75,26.8519167514429,21.698347107438,19.438036809816,-1,178,500
26.7,26.8519167514429,29.4999999999999,25.4285714285714,-1,178,500
82.3,26.8519167514429,23.8681818181818,21.150867823765,-1,178,500
26.05,26.8519167514429,29.5553470919324,25.4694533762058,-1,178,500
62.95,26.8519167514429,25.7401960784313,22.5991440798859,-1,178,500
80,26.8519167514429,23.8681818181818,21.150867823765,-1,178,500
19.15,26.8519167514429,29.8352272727272,25.6758508914101,-1,178,500
90.1,26.8519167514429,22.9970802919708,20.4677002583979,-1,178,500
59.65,26.8519167514429,26.3428093645485,23.0596797671034,-1,178,500
43.1,26.8519167514429,27.7830687830687,24.1493902439024,-1,178,500
96.4,26.8519167514429,21.2304582210242,19.0637785800241,-1,178,500
21.85,26.8519167514429,30.1204588910133,25.8856209150327,-1,178,500
0.45,26.8519167514429,35.4797297297297,29.7223264540338,-1,178,500
69.15,26.8519167514429,24.9651347068146,22.0027777777778,-1,178,500
9,26.8519167514429,32.0835030549898,27.3137931034483,-1,178,500
1.7,26.8519167514429,35.4,29.6666666666667,-1,178,500
88.75,26.8519167514429,22.764450867052,20.2842509603073,-1,178,500
30.8,26.8519167514429,28.589836660617,24.753125,-1,178,500
32.3,26.8519167514429,28.6418181818181,24.79186228482,-1,178,500
43.75,26.8519167514429,27.6854130052724,24.0759878419453,-1,178,500
26.2,26.8519167514429,29.2806691449814,25.2663476874003,-1,178,500
17.45,26.8519167514429,30.2942307692307,26.0131362889984,-1,178,500
39.45,26.8519167514429,27.9804618117229,24.2975460122699,-1,178,500
2.05,26.8519167514429,36.0480549199084,30.1178707224335,-1,178,500
42.3,26.8519167514429,27.6368421052631,24.0394537177542,-1,178,500
64.7,26.8519167514429,25.8245901639344,22.6638054363376,-1,178,500
15.7,26.8519167514429,31.009842519685,26.536013400335,-1,178,500
50,26.8519167514429,27.0670103092783,23.6095380029806,-1,178,500
17.55,26.8519167514429,30.3526011560693,26.0559210526316,-1,178,500
75.4,26.8519167514429,24.4992223950233,21.6420765027322,-1,178,500
54.1,26.8519167514429,26.7453310696095,23.3657817109145,-1,178,500
5.3,26.8519167514429,32.8872651356993,27.8908450704225,-1,178,500
35.95,26.8519167514429,28.589836660617,24.753125,-1,178,500
71.75,26.8519167514429,24.8862559241706,21.9418282548476,-1,178,500
48.55,26.8519167514429,27.2072538860103,23.7155688622754,-1,178,500
64.4,26.8519167514429,25.6982055464926,22.5669515669516,-1,178,500
30,26.8519167514429,29.1722222222222,25.1860095389507,-1,178,500
64.55,26.8519167514429,25.6563517915309,22.5348506401138,-1,178,500
39.9,26.8519167514429,27.8321554770318,24.1862595419847,-1,178,500
23.1,26.8519167514429,29.5,25.4285714285714,-1,178,500
65.85,26.8519167514429,25.6982055464926,22.5669515669516,-1,178,500
77.35,26.8519167514429,24.53738317757,21.671682626539,-1,178,500
99,26.8519167514429,19.8400503778337,17.9411098527746,-1,178,500
4.85,26.8519167514429,32.9560669456067,27.9400352733686,-1,178,500
92.05,26.8519167514429,22.4082503556188,20.0025252525253,-1,178,500
10.9,26.8519167514429,31.3804780876494,26.8054145516074,-1,178,500
25.15,26.8519167514429,29.4448598130841,25.3878205128205,-1,178,500
99.9,26.8519167514429,16.9023605150214,15.5161606268364,-1,178,500
6.95,26.8519167514429,32.2147239263803,27.4083044982699,-1,178,500
63.05,26.8519167514429,26.0380165289256,22.8270893371758,-1,178,500
3.2,26.8519167514429,33.6602564102564,28.4416517055655,-1,178,500
53.05,26.8519167514429,26.7,23.3313696612666,-1,178,500
70.2,26.8519167514429,25.0843949044585,22.094839609484,-1,178,500
85.1,26.8519167514429,23.0307017543859,20.4941785252264,-1,178,500
3,26.8519167514429,33.6602564102564,28.4416517055655,-1,178,500
26.95,26.8519167514429,29.2806691449814,25.2663476874003,-1,178,500
25.8,26.8519167514429,29.1722222222222,25.1860095389507,-1,178,500
7.5,26.8519167514429,32.0182926829268,27.2667814113597,-1,178,500
46.25,26.8519167514429,27.4442508710801,23.894419306184,-1,178,500
3.6,26.8519167514429,33.5170212765957,28.3398926654741,-1,178,500
19.8,26.8519167514429,30.2942307692307,26.0131362889984,-1,178,500
9.2,26.8519167514429,31.5691382765531,26.9421768707483,-1,178,500
43.95,26.8519167514429,27.5402097902097,23.9667170953101,-1,178,500
60.25,26.8519167514429,26.0811258278146,22.8600288600289,-1,178,500
99.55,26.8519167514429,17.6801346801347,16.165306122449,-1,178,500
45.5,26.8519167514429,27.5402097902097,23.9667170953101,-1,178,500
4.3,26.8519167514429,32.81875,27.8418277680141,-1,178,500
4.95,26.8519167514429,33.3044397463002,28.1886120996441,-1,178,500
95.3,26.8519167514429,21.2018842530282,19.0408653846154,-1,178,500
93.2,26.8519167514429,22.0013966480447,19.6795031055901,-1,178,500
57.5,26.8519167514429,26.3428093645484,23.0596797671034,-1,178,500
10.7,26.8519167514429,31.5059999999999,26.8964346349745,-1,178,500
1.95,26.8519167514429,34.7748344370861,29.2287822878229,-1,178,500
6.4,26.8519167514429,32.347022587269,27.5034722222222,-1,178,500
8.65,26.8519167514429,32.280737704918,27.4558058925477,-1,178,500
87.75,26.8519167514429,23.1661764705882,20.6007802340702,-1,178,500
72.8,26.8519167514429,24.6140625,21.7311385459534,-1,178,500
46.55,26.8519167514429,27.4442508710801,23.894419306184,-1,178,500
31.45,26.8519167514429,28.798903107861,24.9088050314465,-1,178,500
75.55,26.8519167514429,24.9256329113924,21.9722607489598,-1,178,500
25.7,26.8519167514429,29.6109022556391,25.5104669887279,-1,178,500
79.1,26.8519167514429,23.9771689497716,21.2359249329759,-1,178,500
39.35,26.8519167514429,28.0302491103202,24.3348694316436,-1,178,500
60.35,26.8519167514429,26.1243781094527,22.893063583815,-1,178,500
75.7,26.8519167514429,24.4992223950233,21.6420765027322,-1,178,500
83.6,26.8519167514429,23.5119402985075,20.8722002635046,-1,178,500
87.25,26.8519167514429,23.0982404692082,20.5473411154345,-1,178,500
76.15,26.8519167514429,24.575663026521,21.7013698630137,-1,178,500
59.45,26.8519167514429,26.2113144758735,22.9594202898551,-1,178,500
0.05,26.8519167514429,41.130548302872,33.5635593220339,-1,178,500
77.75,26.8519167514429,24.3854489164086,21.5537414965986,-1,178,500
78.5,26.8519167514429,24.0503816793893,21.2930107526882,-1,178,500
34.75,26.8519167514429,28.4864376130198,24.6760124610592,-1,178,500
91.95,26.8519167514429,21.4911323328786,19.2725060827251,-1,178,500
87.65,26.8519167514429,22.764450867052,20.2842509603073,-1,178,500
24.05,26.8519167514429,30.0629770992366,25.8433931484502,-1,178,500
5.65,26.8519167514429,33.5170212765957,28.3398926654741,-1,178,500
0.7,26.8519167514429,36.1307339449541,30.1752380952381,-1,178,500
58.65,26.8519167514429,26.255,22.9927431059507,-1,178,500
1.25,26.8519167514429,35.0066666666666,29.39146567718,-1,178,500
47.5,26.8519167514429,27.2543252595156,23.7511244377811,-1,178,500
5.65,26.8519167514429,32.6825726141079,27.7443082311734,-1,178,500
45.8,26.8519167514429,27.3965217391304,23.8584337349398,-1,178,500
68.95,26.8519167514429,25.1244019138756,22.1256983240223,-1,178,500
86.8,26.8519167514429,23.1661764705882,20.6007802340702,-1,178,500
1.05,26.8519167514429,34.245652173913,28.856102003643,-1,178,500
3.25,26.8519167514429,34.023758099352,28.6992753623188,-1,178,500
2.3,26.8519167514429,34.3202614379085,28.9087591240876,-1,178,500
17.9,26.8519167514429,30.4700193423597,26.1419141914191,-1,178,500
4.75,26.8519167514429,32.6149068322981,27.6958041958042,-1,178,500
93.25,26.8519167514429,21.698347107438,19.438036809816,-1,178,500
69.1,26.8519167514429,25.2048,22.187675070028,-1,178,500
50.25,26.8519167514429,26.9743150684931,23.5393759286776,-1,178,500
0.95,26.8519167514429,37.241134751773,30.94140625,-1,178,500
83.05,26.8519167514429,23.4419642857143,20.8173455978975,-1,178,500
2.4,26.8519167514429,34.6982378854625,29.1749539594843,-1,178,500
66.75,26.8519167514429,25.7823240589198,22.6314285714286,-1,178,500
23.6,26.8519167514429,29.8918406072106,25.7175324675325,-1,178,500
67.85,26.8519167514429,25.408064516129,22.3441466854725,-1,178,500
27.7,26.8519167514429,29.3351955307262,25.3067092651757,-1,178,500
28.9,26.8519167514429,28.9045871559633,24.98738170347,-1,178,500
70.75,26.8519167514429,25.164536741214,22.1566433566434,-1,178,500
2.9,26.8519167514429,34.6982378854625,29.1749539594843,-1,178,500
73.15,26.8519167514429,24.8862559241706,21.9418282548476,-1,178,500
70,26.8519167514429,25.164536741214,22.1566433566434,-1,178,500
96.75,26.8519167514429,21.2878378378378,19.1097708082027,-1,178,500
0,26.8519167514429,42.6910569105691,34.589519650655,-1,178,500
80.6,26.8519167514429,23.9407294832827,21.2074966532798,-1,178,500
7.2,26.8519167514429,32.280737704918,27.4558058925477,-1,178,500
60,26.8519167514429,26.1243781094527,22.893063583815,-1,178,500
98.3,26.8519167514429,19.1642335766423,17.3896816684962,-1,178,500
94.8,26.8519167514429,20.9203187250996,18.8147268408551,-1,178,500
63.35,26.8519167514429,25.7401960784314,22.5991440798859,-1,178,500
38.6,26.8519167514429,28.1806797853309,24.4475308641975,-1,178,500
36.5,26.8519167514429,28.4864376130198,24.6760124610592,-1,178,500
34.95,26.8519167514429,28.3327338129496,24.5612403100775,-1,178,500
53.3,26.8519167514429,26.7453310696095,23.3657817109145,-1,178,500
66.65,26.8519167514429,25.5730519480519,22.4709219858156,-1,178,500
58.55,26.8519167514429,26.4312080536913,23.1270072992701,-1,178,500
85.9,26.8519167514429,23.030701754386,20.4941785252264,-1,178,500
85.45,26.8519167514429,23.3032544378698,20.7084967320261,-1,178,500
6.95,26.8519167514429,32.4135802469135,27.5513043478261,-1,178,500
30.5,26.8519167514429,28.7463503649635,24.8697017268446,-1,178,500
54.6,26.8519167514429,26.7453310696095,23.3657817109145,-1,178,500
69.3,26.8519167514429,25.2048,22.187675070028,-1,178,500
82.85,26.8519167514429,23.4769001490313,20.8447368421053,-1,178,500
84.7,26.8519167514429,23.8681818181818,21.150867823765,-1,178,500
25.05,26.8519167514429,29.6666666666666,25.5516129032258,-1,178,500
78.05,26.8519167514429,24.6140625,21.7311385459534,-1,178,500
3.5,26.8519167514429,33.5170212765957,28.3398926654741,-1,178,500
16.35,26.8519167514429,30.4700193423597,26.1419141914191,-1,178,500
59.6,26.8519167514429,26.1243781094527,22.893063583815,-1,178,500
67.7,26.8519167514429,25.449111470113,22.3757062146893,-1,178,500
0.2,26.8519167514429,38.9925742574257,32.1338742393509,-1,178,500
73.25,26.8519167514429,24.8862559241706,21.9418282548476,-1,178,500
91.3,26.8519167514429,22.3446808510638,19.9521410579345,-1,178,500
36.5,26.8519167514429,28.589836660617,24.753125,-1,178,500
41.25,26.8519167514429,27.8321554770318,24.1862595419847,-1,178,500
8.05,26.8519167514429,32.8187499999999,27.8418277680141,-1,178,500
54,26.8519167514429,26.8364565587734,23.4349112426036,-1,178,500
30.45,26.8519167514429,28.589836660617,24.753125,-1,178,500
50.75,26.8519167514429,27.0670103092783,23.6095380029806,-1,178,500
94.75,26.8519167514429,21.144966442953,18.9952038369305,-1,178,500
54.45,26.8519167514429,26.6548223350253,23.2970588235294,-1,178,500
28.3,26.8519167514429,28.9045871559632,24.98738170347,-1,178,500
29.4,26.8519167514429,28.9045871559633,24.98738170347,-1,178,500
98.4,26.8519167514429,19.2579462102689,17.4663726571114,-1,178,500
9.3,26.8519167514429,31.7600806451612,27.0803418803419,-1,178,500
33.6,26.8519167514429,28.4350180505415,24.6376360808709,-1,178,500
6.9,26.8519167514429,33.094537815126,28.0389380530973,-1,178,500
1.8,26.8519167514429,35.3999999999999,29.6666666666667,-1,178,500
88.2,26.8519167514429,23.4769001490313,20.8447368421053,-1,178,500
38.45,26.8519167514429,28.2818671454219,24.5232198142415,-1,178,500
29.55,26.8519167514429,29.0110497237569,25.0664556962025,-1,178,500
80.25,26.8519167514429,24.3101851851852,21.4952510176391,-1,178,500
94.45,26.8519167514429,22.4401709401709,20.0278128950695,-1,178,500
27.7,26.8519167514429,29.6109022556391,25.5104669887279,-1,178,500
2.85,26.8519167514429,34.023758099352,28.6992753623188,-1,178,500
52.75,26.8519167514429,26.8364565587734,23.4349112426036,-1,178,500
94.05,26.8519167514429,21.7582872928177,19.4858548585486,-1,178,500
88.5,26.8519167514429,22.2186177715091,19.8521303258145,-1,178,500
74.45,26.8519167514429,24.7688679245283,21.8510344827586,-1,178,500
33.05,26.8519167514429,28.8516483516483,24.948031496063,-1,178,500
79.65,26.8519167514429,24.1240428790199,21.3504043126685,-1,178,500
40.4,26.8519167514429,27.8814159292035,24.2232415902141,-1,178,500
76.8,26.8519167514429,24.2353846153846,21.4370771312585,-1,178,500
90.6,26.8519167514429,22.6336206896552,20.1808917197452,-1,178,500
95.4,26.8519167514429,21.1733870967742,19.0180072028812,-1,178,500
34.45,26.8519167514429,28.6418181818181,24.79186228482,-1,178,500
91.15,26.8519167514429,22.4401709401709,20.0278128950695,-1,178,500
40.95,26.8519167514429,28.1303571428571,24.4098613251156,-1,178,500
70.5,26.8519167514429,25.2047999999999,22.187675070028,-1,178,500
97.1,26.8519167514429,20.4850455136541,18.4638694638695,-1,178,500
91.5,26.8519167514429,22.6336206896552,20.1808917197452,-1,178,500
47.3,26.8519167514429,27.4442508710801,23.894419306184,-1,178,500
17.45,26.8519167514429,30.647859922179,26.2719734660033,-1,178,500
40.95,26.8519167514429,27.9804618117229,24.2975460122699,-1,178,500
45,26.8519167514429,27.5884413309982,24.0030303030303,-1,178,500
57.05,26.8519167514429,26.4312080536912,23.1270072992701,-1,178,500
99.85,26.8519167514429,18.0446735395189,16.4677754677755,-1,178,500
95.9,26.8519167514429,21.2018842530282,19.0408653846154,-1,178,500
73,26.8519167514429,24.8862559241706,21.9418282548476,-1,178,500
64.15,26.8519167514429,25.7823240589197,22.6314285714286,-1,178,500
20.6,26.8519167514429,30.0057142857143,25.8013029315961,-1,178,500
69.05,26.8519167514429,25.3263665594855,22.28129395218,-1,178,500
40.6,26.8519167514429,27.9308510638297,24.260336906585,-1,178,500
74.05,26.8519167514429,25.0445151033386,22.0640668523677,-1,178,500
92.45,26.8519167514429,22.09396914446,19.7531172069825,-1,178,500
41.05,26.8519167514429,27.8814159292035,24.2232415902141,-1,178,500
77.8,26.8519167514429,24.3854489164086,21.5537414965986,-1,178,500
4.4,26.8519167514429,33.8047210300429,28.5441441441441,-1,178,500
20.85,26.8519167514429,30.588349514563,26.2284768211921,-1,178,500
45.35,26.8519167514429,27.2543252595156,23.7511244377811,-1,178,500
97.6,26.8519167514429,20.619109947644,18.5720984759672,-1,178,500
0.25,26.8519167514429,37.3293838862559,31.0019569471624,-1,178,500
30.05,26.8519167514429,29.1182994454713,25.1460317460317,-1,178,500
11.7,26.8519167514429,30.6478599221789,26.2719734660033,-1,178,500
92.3,26.8519167514429,21.9707112970711,19.6550868486352,-1,178,500
1.4,26.8519167514429,34.621978021978,29.1213235294118,-1,178,500
60.15,26.8519167514429,26.1677740863787,22.9261939218524,-1,178,500
12.95,26.8519167514429,30.8882352941176,26.4474123539232,-1,178,500
43.25,26.8519167514429,27.6368421052631,24.0394537177542,-1,178,500
44.45,26.8519167514429,27.4921465968586,23.9305135951662,-1,178,500
3.6,26.8519167514429,33.6602564102564,28.4416517055655,-1,178,500
5.85,26.8519167514429,33.094537815126,28.0389380530973,-1,178,500
81.75,26.8519167514429,23.8681818181818,21.150867823765,-1,178,500
21.05,26.8519167514429,29.7226415094339,25.5928917609047,-1,178,500
97.55,26.8519167514429,20.6191099476439,18.5720984759672,-1,178,500
6.85,26.8519167514429,32.6149068322981,27.6958041958042,-1,178,500
65.15,26.8519167514429,25.8669950738916,22.6962750716332,-1,178,500
0.9,26.8519167514429,36.5498839907192,30.4653846153846,-1,178,500
34.75,26.8519167514429,28.6418181818182,24.79186228482,-1,178,500
27.65,26.8519167514429,28.798903107861,24.9088050314465,-1,178,500
91.25,26.8519167514429,22.5687679083094,20.1296060991105,-1,178,500
27.65,26.8519167514429,29.0110497237569,25.0664556962025,-1,178,500
60.65,26.8519167514429,26.1243781094527,22.893063583815,-1,178,500
40.5,26.8519167514429,27.9308510638298,24.260336906585,-1,178,500
33.35,26.8519167514429,28.5380434782609,24.7145085803432,-1,178,500
26.6,26.8519167514429,29.1722222222222,25.1860095389507,-1,178,500
4.75,26.8519167514429,33.5884861407249,28.3906810035842,-1,178,500
60.75,26.8519167514429,25.9950495049505,22.7942446043165,-1,178,500
20.7,26.8519167514429,29.8918406072106,25.7175324675325,-1,178,500
69.65,26.8519167514429,25.0843949044586,22.094839609484,-1,178,500
0.15,26.8519167514429,37.7769784172662,31.3083003952569,-1,178,500
67.6,26.8519167514429,25.5316045380875,22.4390934844193,-1,178,500
60.05,26.8519167514429,26.1677740863787,22.9261939218524,-1,178,500
91.75,26.8519167514429,22.1561181434599,19.8025,-1,178,500
41.45,26.8519167514429,27.7341549295774,24.1126331811263,-1,178,500
3.75,26.8519167514429,33.2341772151898,28.1385435168739,-1,178,500
64.2,26.8519167514429,25.7401960784313,22.5991440798859,-1,178,500
81.15,26.8519167514429,23.8681818181818,21.150867823765,-1,178,500
69.25,26.8519167514429,25.408064516129,22.3441466854725,-1,178,500
51.75,26.8519167514429,26.9282051282051,23.5044510385757,-1,178,500
100,26.8519167514429,15.2055984555984,14.0817777777778,-1,178,500
45.7,26.8519167514429,27.4921465968586,23.9305135951662,-1,178,500
87.15,26.8519167514429,23.3032544378698,20.7084967320261,-1,178,500
40.9,26.8519167514429,28.0302491103203,24.3348694316436,-1,178,500
19.15,26.8519167514429,30.1781609195402,25.9279869067103,-1,178,500
38.3,26.8519167514429,28.2311827956989,24.4853168469861,-1,178,500
96.15,26.8519167514429,21.4035326086956,19.2024242424242,-1,178,500
34.95,26.8519167514429,28.3837837837838,24.5993788819876,-1,178,500
7.4,26.8519167514429,32.0182926829268,27.2667814113597,-1,178,500
69.85,26.8519167514429,25.2451923076923,22.218793828892,-1,178,500
75.95,26.8519167514429,24.575663026521,21.7013698630137,-1,178,500
90.15,26.8519167514429,22.5042857142857,20.0785804816223,-1,178,500
88.6,26.8519167514429,23.0982404692082,20.5473411154345,-1,178,500
87.1,26.8519167514429,23.0644216691069,20.520725388601,-1,178,500
44.25,26.8519167514429,27.5402097902097,23.9667170953101,-1,178,500
0.15,26.8519167514429,39.780303030303,32.6639175257732,-1,178,500
71.25,26.8519167514429,24.8862559241706,21.9418282548476,-1,178,500
5.3,26.8519167514429,33.0251572327044,27.9893992932862,-1,178,500
8.6,26.8519167514429,32.480412371134,27.5993031358885,-1,178,500
26.6,26.8519167514429,29.0645756457564,25.1061806656101,-1,178,500
38.45,26.8519167514429,27.9804618117229,24.2975460122699,-1,178,500
24.6,26.8519167514429,29.6109022556391,25.5104669887279,-1,178,500
80,26.8519167514429,24.0503816793893,21.2930107526882,-1,178,500
8.9,26.8519167514429,32.2147239263803,27.4083044982699,-1,178,500
78.8,26.8519167514429,24.2727272727272,21.4661246612466,-1,178,500
27.05,26.8519167514429,29.0110497237569,25.0664556962025,-1,178,500
10.35,26.8519167514429,31.0710059171597,26.5805369127517,-1,178,500
92.85,26.8519167514429,22.2186177715091,19.8521303258145,-1,178,500
83.95,26.8519167514429,23.0307017543859,20.4941785252264,-1,178,500
24.1,26.8519167514429,29.6666666666666,25.5516129032258,-1,178,500
57.05,26.8519167514429,26.4312080536912,23.1270072992701,-1,178,500
0.6,26.8519167514429,34.4704595185995,29.014652014652,-1,178,500
39.9,26.8519167514429,28.1806797853309,24.4475308641975,-1,178,500
52.5,26.8519167514429,26.8364565587734,23.4349112426036,-1,178,500
30.7,26.8519167514429,28.9045871559633,24.98738170347,-1,178,500
0,26.8519167514429,37.6866028708133,31.2465483234714,-1,178,500
83.5,26.8519167514429,23.6176911544228,20.9550264550265,-1,178,500
3.1,26.8519167514429,33.5170212765957,28.3398926654741,-1,178,500
0.25,26.8519167514429,37.7769784172661,31.3083003952569,-1,178,500
2.7,26.8519167514429,34.0974025974026,28.7513611615245,-1,178,500
24.5,26.8519167514429,29.2806691449814,25.2663476874003,-1,178,500
72.45,26.8519167514429,24.8862559241706,21.9418282548476,-1,178,500
37.4,26.8519167514429,28.1806797853309,24.4475308641975,-1,178,500
79.8,26.8519167514429,24.0871559633027,21.321668909825,-1,178,500
87.7,26.8519167514429,22.4401709401709,20.0278128950695,-1,178,500
98.05,26.8519167514429,20.5921568627451,18.5503512880562,-1,178,500
81.95,26.8519167514429,23.8320726172466,21.1226666666667,-1,178,500
98.2,26.8519167514429,20.0931122448979,18.1466208476518,-1,178,500
24.35,26.8519167514429,29.7226415094339,25.5928917609047,-1,178,500
49.85,26.8519167514429,27.1135972461273,23.644776119403,-1,178,500
8.8,26.8519167514429,31.8242424242424,27.1267123287671,-1,178,500
44.1,26.8519167514429,27.6368421052631,24.0394537177542,-1,178,500
35.55,26.8519167514429,28.3837837837837,24.5993788819876,-1,178,500
38,26.8519167514429,28.1806797853309,24.4475308641975,-1,178,500
0.8,26.8519167514429,36.1307339449541,30.1752380952381,-1,178,500
93.25,26.8519167514429,21.6090534979424,19.3667481662592,-1,178,500
15.9,26.8519167514429,30.2942307692307,26.0131362889984,-1,178,500
69.7,26.8519167514429,24.9651347068145,22.0027777777778,-1,178,500
4.95,26.8519167514429,32.8872651356993,27.8908450704225,-1,178,500
51.15,26.8519167514429,26.9743150684931,23.5393759286776,-1,178,500
69.65,26.8519167514429,25.408064516129,22.3441466854725,-1,178,500
43,26.8519167514429,27.7830687830687,24.1493902439024,-1,178,500
50.5,26.8519167514429,27.0670103092783,23.6095380029806,-1,178,500
8.45,26.8519167514429,32.2147239263803,27.4083044982699,-1,178,500
47.05,26.8519167514429,27.3489583333333,23.8225563909774,-1,178,500
78.9,26.8519167514429,24.2353846153846,21.4370771312585,-1,178,500
36.1,26.8519167514429,28.3837837837837,24.5993788819876,-1,178,500
46.4,48.5571902023442,49.6464651114413,32.6381012437643,0,178,500
25.85,48.5571902023442,52.5321204794621,37.6954838780136,0,178,500
94.55,48.5571902023442,42.5548243603193,34.0344852020559,0,178,500
87.25,48.5571902023442,44.3216628716462,35.0946742661879,0,178,500
29.65,48.5571902023442,50.6360446339019,40.1383078173629,0,178,500
94.6,48.5571902023442,41.9471862363062,32.5371369379552,0,178,500
90.3,48.5571902023442,43.7612871714639,34.9893265755106,0,178,500
37.55,48.5571902023442,49.8811257303508,38.6689195590992,0,178,500
55.45,48.5571902023442,48.2423006276026,35.8750497167076,0,178,500
84.05,48.5571902023442,44.9477989103668,36.4144612235905,0,178,500
37.2,48.5571902023442,50.2387355121916,38.884550938649,0,178,500
90.1,48.5571902023442,43.2503177948002,33.5493531579367,0,178,500
68.35,48.5571902023442,46.923989127699,37.6007475698708,0,178,500
74.95,48.5571902023442,45.9113458764979,35.6344441286522,0,178,500
66.1,48.5571902023442,47.2191148241708,38.8505079974739,0,178,500
25.5,48.5571902023442,51.224173515833,40.7332971864658,0,178,500
59,48.5571902023442,47.7679732114028,37.0368842216174,0,178,500
63.8,48.5571902023442,47.276118433376,37.0208935514396,0,178,500
13.45,48.5571902023442,53.9727337648216,40.0240888531414,0,178,500
76,48.5571902023442,45.7958029689705,35.8485995967149,0,178,500
30,48.5571902023442,50.9468608185677,39.8581334947837,0,178,500
94.2,48.5571902023442,42.8407042008,34.1433475792628,0,178,500
77.4,48.5571902023442,46.1257172176903,37.924730670959,0,178,500
11.7,48.5571902023442,54.2975340597365,40.8252888980306,0,178,500
85.4,48.5571902023442,44.4344468125926,34.9068447682439,0,178,500
54.35,48.5571902023442,48.2468342024115,37.4703252711483,0,178,500
12.55,48.5571902023442,53.9068040232251,41.0013227801827,0,178,500
79.85,48.5571902023442,45.339940983706,36.2276839106601,0,178,500
76.3,48.5571902023442,45.7191345951171,35.7297877392956,0,178,500
97.3,48.5571902023442,41.5121802097123,33.3438072427016,0,178,500
28.65,48.5571902023442,50.7647481291558,40.0274939043795,0,178,500
43.35,48.5571902023442,49.3223252467041,38.3541054308783,0,178,500
60.6,48.5571902023442,47.625584689021,37.7333210459507,0,178,500
6.2,48.5571902023442,55.1681937606778,42.9613636322837,0,178,500
78.05,48.5571902023442,45.1457930137745,33.9279602742294,0,178,500
63.4,48.5571902023442,47.2419970045661,38.0546047873649,0,178,500
95.5,48.5571902023442,41.4614261121732,32.8247133187372,0,178,500
94.65,48.5571902023442,42.4366405610399,34.1102169439637,0,178,500
24.45,48.5571902023442,51.5083570745467,39.9342595645506,0,178,500
21.7,48.5571902023442,52.0067999213559,40.2831525937382,0,178,500
84.05,48.5571902023442,44.1533983904022,33.2214709721933,0,178,500
1.25,48.5571902023442,58.5504470498922,44.4830797145224,0,178,500
94.2,48.5571902023442,42.5776224564046,34.115466981221,0,178,500
16.05,48.5571902023442,53.2037718332962,40.2950933467934,0,178,500
18.9,48.5571902023442,53.4302558787801,38.7583384413395,0,178,500
83.7,48.5571902023442,44.8141398192092,35.6091969140944,0,178,500
93.55,48.5571902023442,42.4692931978681,33.7410868134274,0,178,500
20.95,48.5571902023442,52.907542901523,38.9879754907058,0,178,500
41.35,48.5571902023442,49.5652127233996,38.1540056790814,0,178,500
26.7,48.5571902023442,51.2656153369204,40.2215858037656,0,178,500
28.05,48.5571902023442,51.1524360711419,39.4028174581636,0,178,500
93.2,48.5571902023442,43.2668631078236,34.6022339200764,0,178,500
28.35,48.5571902023442,51.7489751876015,38.2498821297501,0,178,500
97.8,48.5571902023442,42.070407032146,34.6929071886475,0,178,500
21.25,48.5571902023442,52.7392183599151,39.0898705153003,0,178,500
56.95,48.5571902023442,48.0248442638336,35.985819905989,0,178,500
22.25,48.5571902023442,51.6747932821635,40.6329677237281,0,178,500
18.45,48.5571902023442,53.381612307795,39.271389659024,0,178,500
92.55,48.5571902023442,42.9142157979732,34.160801655771,0,178,500
17.95,48.5571902023442,52.487963033885,40.8602553058871,0,178,500
27.3,48.5571902023442,51.0725746912637,39.9372021022364,0,178,500
30.15,48.5571902023442,50.972322449298,38.9402423186183,0,178,500
37.3,48.5571902023442,50.2975391147702,37.173767913372,0,178,500
70.35,48.5571902023442,46.4223904939901,36.1584036875853,0,178,500
8.9,48.5571902023442,54.2528191745652,41.9376365475988,0,178,500
72,48.5571902023442,46.1333508923495,35.8281916897133,0,178,500
88.9,48.5571902023442,44.071028915963,35.1259361990714,0,178,500
47.3,48.5571902023442,48.8511087513736,38.6246216067896,0,178,500
61,48.5571902023442,47.521402759921,37.2903858020093,0,178,500
95.05,48.5571902023442,41.8080612462808,32.467769688859,0,178,500
95.35,48.5571902023442,42.7748209611954,34.841709627812,0,178,500
98.9,48.5571902023442,40.8934858506568,33.0872615789131,0,178,500
62.4,48.5571902023442,47.4405763006216,36.6806242350933,0,178,500
28.5,48.5571902023442,51.0875960606485,39.6075045358493,0,178,500
68.2,48.5571902023442,46.5867175715091,36.0049356804901,0,178,500
71.8,48.5571902023442,46.2067851143386,35.9965880531132,0,178,500
13,48.5571902023442,54.1096933524035,41.0419481196765,0,178,500
0.85,48.5571902023442,61.5011845593095,44.3086383373113,0,178,500
60.35,48.5571902023442,47.6088475313223,37.612617055597,0,178,500
78.5,48.5571902023442,45.751405631543,36.4708155978288,0,178,500
24.35,48.5571902023442,52.4003366891484,38.8650092465156,0,178,500
99.65,48.5571902023442,36.8664468778607,29.6973797011952,0,178,500
58.3,48.5571902023442,47.8412788805905,38.2958639443314,0,178,500
11.55,48.5571902023442,54.1682177503256,40.8467759525122,0,178,500
78.55,48.5571902023442,45.6664183280832,36.6565780559109,0,178,500
99.05,48.5571902023442,40.1579221768844,32.9615501084905,0,178,500
39.85,48.5571902023442,50.0009229116152,36.3392412951215,0,178,500
38.2,48.5571902023442,50.1180888189572,38.7100460693303,0,178,500
52.25,48.5571902023442,48.4409006320112,37.8947562795495,0,178,500
16.1,48.5571902023442,52.7123573932363,41.096062860335,0,178,500
37.75,48.5571902023442,50.2475530931402,37.8307978057224,0,178,500
66.8,48.5571902023442,47.1978514308589,37.8876195887334,0,178,500
99.05,48.5571902023442,40.7654644199595,33.4425745078293,0,178,500
66.4,48.5571902023442,46.973158074388,36.5275858541549,0,178,500
1.5,48.5571902023442,61.8436454756362,42.7617115663673,0,178,500
8.65,48.5571902023442,55.0918545740093,41.0947102132035,0,178,500
89.55,48.5571902023442,43.4361533103783,33.8137143943541,0,178,500
35.6,48.5571902023442,50.2393980102801,38.4878300825059,0,178,500
79.1,48.5571902023442,45.2724631638752,34.8785010309328,0,178,500
40.45,48.5571902023442,50.0542276470726,36.2670363512953,0,178,500
36.4,48.5571902023442,50.6443115122032,36.9745289460349,0,178,500
90.55,48.5571902023442,42.8720664485084,32.8164010300158,0,178,500
9.3,48.5571902023442,55.679861754606,41.041615468895,0,178,500
75.7,48.5571902023442,45.6648469889816,35.2524540912309,0,178,500
44.65,48.5571902023442,49.3240649017447,38.5879154316861,0,178,500
75.6,48.5571902023442,45.8455289907446,35.9191109985909,0,178,500
98.45,48.5571902023442,42.0704436079845,35.1140885767387,0,178,500
87.25,48.5571902023442,43.9121678922621,34.3037060776948,0,178,500
7.8,48.5571902023442,55.2163501265686,41.5103783772576,0,178,500
73.75,48.5571902023442,46.2675410835967,37.2523268993485,0,178,500
6.15,48.5571902023442,56.2901635060978,41.4940361454126,0,178,500
85.3,48.5571902023442,44.5822105913876,35.9751597391941,0,178,500
80.3,48.5571902023442,45.1513280261806,35.2520111365974,0,178,500
91.8,48.5571902023442,44.0108208254182,35.7368768526542,0,178,500
80.35,48.5571902023442,45.1803854748042,35.7111504233333,0,178,500
90.45,48.5571902023442,44.212095655648,36.2655827715811,0,178,500
89.8,48.5571902023442,43.3400886362543,33.6818435817191,0,178,500
96.45,48.5571902023442,41.9783184066362,34.2563342038909,0,178,500
45.55,48.5571902023442,49.1108902995778,38.644615917805,0,178,500
40.05,48.5571902023442,49.9963316242607,36.8886013311486,0,178,500
71.25,48.5571902023442,46.6095805426542,37.0567788969547,0,178,500
97.25,48.5571902023442,41.7046923159889,33.6811701996947,0,178,500
46.45,48.5571902023442,48.9567036744983,38.6072365684397,0,178,500
18.35,48.5571902023442,53.1264109326641,40.0624052322513,0,178,500
5.25,48.5571902023442,55.7681566210244,42.9317023776048,0,178,500
25.2,48.5571902023442,51.2838348323702,40.530085783203,0,178,500
9.4,48.5571902023442,54.8340559031437,41.0901624401312,0,178,500
44,48.5571902023442,49.463066615287,36.7675732732701,0,178,500
99.5,48.5571902023442,38.5653283757763,31.0891940892446,0,178,500
74.55,48.5571902023442,46.2761229710481,37.1550873181311,0,178,500
32.7,48.5571902023442,51.4402734964114,36.0291654946516,0,178,500
32.1,48.5571902023442,50.4823460720062,39.3400935347475,0,178,500
59.15,48.5571902023442,47.8473362981312,38.2151204448589,0,178,500
66.3,48.5571902023442,46.5559612916212,34.0335475220856,0,178,500
57.4,48.5571902023442,47.8838548720001,36.5316328751597,0,178,500
98.7,48.5571902023442,40.4783181315704,32.5289493720491,0,178,500
35.85,48.5571902023442,50.0650679529611,39.5856534663169,0,178,500
52.15,48.5571902023442,48.4696726987228,37.8409664562882,0,178,500
87.45,48.5571902023442,43.1234292550464,32.1815850293123,0,178,500
51.35,48.5571902023442,48.5987844168258,37.752599704763,0,178,500
58.35,48.5571902023442,47.8305953206136,36.9814233268079,0,178,500
98.2,48.5571902023442,42.1220214250973,34.7581696922001,0,178,500
28.35,48.5571902023442,51.1358395213596,39.9878751825266,0,178,500
59.8,48.5571902023442,47.6103218524821,36.228077056124,0,178,500
35.5,48.5571902023442,50.8079951926104,37.6532900734692,0,178,500
84.7,48.5571902023442,43.6901957374925,32.7697421146747,0,178,500
63.15,48.5571902023442,47.3063257662627,37.8033724402033,0,178,500
99.5,48.5571902023442,40.2663913934552,33.6010662912284,0,178,500
96.85,48.5571902023442,41.2624946768003,33.3239810595552,0,178,500
28.55,48.5571902023442,51.5567445877777,38.2265625624795,0,178,500
0.8,48.5571902023442,58.3152971102008,45.4493247467475,0,178,500
66.65,48.5571902023442,46.6812228426965,34.8179511093713,0,178,500
95,48.5571902023442,41.8793389102315,32.9951179931189,0,178,500
18.75,48.5571902023442,52.3179297273945,41.1268856778198,0,178,500
53.7,48.5571902023442,48.4609612184266,37.6339151705465,0,178,500
3,48.5571902023442,56.5859699932592,44.217584188195,0,178,500
81.1,48.5571902023442,44.6994258270511,34.4490190871326,0,178,500
13.3,48.5571902023442,54.7883541149957,39.1684510264378,0,178,500
64.85,48.5571902023442,47.0912796904231,37.323954476613,0,178,500
69.4,48.5571902023442,46.558152943695,36.685317103184,0,178,500
55.65,48.5571902023442,48.1449137509029,35.3665244868364,0,178,500
29.05,48.5571902023442,51.6601615409467,37.8342832534006,0,178,500
22.45,48.5571902023442,51.3063930616704,41.061468950387,0,178,500
29.25,48.5571902023442,50.9038951421934,39.8417651573721,0,178,500
87.85,48.5571902023442,43.5628532710708,33.4675156670777,0,178,500
19.45,48.5571902023442,53.0977899185298,39.4822705628692,0,178,500
77.15,48.5571902023442,45.2818574640084,34.0264999638841,0,178,500
80.8,48.5571902023442,45.1772137525746,36.0959331042529,0,178,500
62.6,48.5571902023442,47.1023510071683,36.0177077903218,0,178,500
98.55,48.5571902023442,39.6002391148727,31.1201324829282,0,178,500
98.4,48.5571902023442,41.1449915571741,33.4374614744346,0,178,500
2.6,48.5571902023442,60.963106509223,41.5586125517818,0,178,500
43.35,48.5571902023442,49.5889693608901,37.2421218756141,0,178,500
57.35,48.5571902023442,48.0047325471649,38.8241655291677,0,178,500
15.65,48.5571902023442,53.1873092755078,39.8643432494541,0,178,500
96.1,48.5571902023442,40.6552913664107,31.4936779859982,0,178,500
51.1,48.5571902023442,48.6745011246157,37.3464273943496,0,178,500
96.8,48.5571902023442,41.9439623431558,34.055395006329,0,178,500
56.15,48.5571902023442,47.9821050571687,37.951233377392,0,178,500
58.75,48.5571902023442,47.8854757082688,38.146296177793,0,178,500
57.3,48.5571902023442,48.0762420243698,38.5896955553091,0,178,500
20.1,48.5571902023442,52.471418519603,39.8362954914475,0,178,500
45.1,48.5571902023442,49.1810163429862,38.0646318075034,0,178,500
96.3,48.5571902023442,42.1282907199607,33.9623798684642,0,178,500
59.9,48.5571902023442,47.6732400450909,37.9818855425828,0,178,500
96.6,48.5571902023442,41.2692993130987,32.6177895515572,0,178,500
54.2,48.5571902023442,48.2336879336335,38.2699722133493,0,178,500
99.45,48.5571902023442,39.1351426082062,31.7214716216226,0,178,500
15.15,48.5571902023442,52.9737156750789,41.1941144119885,0,178,500
99.85,48.5571902023442,38.4667752285601,32.2546807901565,0,178,500
93.65,48.5571902023442,43.0775217194632,34.8927026745281,0,178,500
65.15,48.5571902023442,47.04315775466,33.9430231609234,0,178,500
6.6,48.5571902023442,54.4786787462735,43.187171024322,0,178,500
16.65,48.5571902023442,52.7823885751219,40.3060902618533,0,178,500
69.5,48.5571902023442,46.8621705741594,37.9265070886268,0,178,500
72.55,48.5571902023442,46.23817542699,36.3897084238729,0,178,500
53.2,48.5571902023442,48.4422193787621,37.3738565727979,0,178,500
14.3,48.5571902023442,54.3440513131941,39.7989142506429,0,178,500
71.3,48.5571902023442,46.1608914522314,35.720068015297,0,178,500
73.8,48.5571902023442,46.023719308049,36.2227559911056,0,178,500
29.45,48.5571902023442,50.8549050331422,40.0245447140737,0,178,500
99.9,48.5571902023442,38.289108777436,31.6105940088837,0,178,500
94.05,48.5571902023442,41.2577804781532,31.1318353509206,0,178,500
10.95,48.5571902023442,55.9033468848171,39.2021146594586,0,178,500
24.1,48.5571902023442,52.2298070388815,38.8758753385183,0,178,500
15.25,48.5571902023442,53.0591313504418,40.9654592356676,0,178,500
97.75,48.5571902023442,41.9306297823221,34.3252265798924,0,178,500
58.2,48.5571902023442,47.737020781117,35.7447911676345,0,178,500
30.1,48.5571902023442,51.2289527822409,37.5201795610403,0,178,500
31.65,48.5571902023442,50.6478482380619,39.3906176795428,0,178,500
23.6,48.5571902023442,53.2153331238253,37.4258158546528,0,178,500
78.1,48.5571902023442,45.9599703542563,37.311394344734,0,178,500
23.65,48.5571902023442,52.5154077861815,38.0576933111543,0,178,500
96.45,48.5571902023442,41.5159194431505,33.2910183650258,0,178,500
33.55,48.5571902023442,50.3175585001086,39.4865321208205,0,178,500
12.6,48.5571902023442,55.5373652318731,39.2599642409702,0,178,500
2.7,48.5571902023442,60.5540428352375,41.1314913183392,0,178,500
97.2,48.5571902023442,42.1117071135531,34.9303635958002,0,178,500
3.4,48.5571902023442,57.5547040373153,43.1095695392718,0,178,500
100,48.5571902023442,36.7351051930509,29.9415842856043,0,178,500
13.95,48.5571902023442,53.9533495836337,40.4262095837631,0,178,500
98.7,48.5571902023442,38.8460427109506,30.1186003737408,0,178,500
76.15,48.5571902023442,45.6793508541205,35.7784588871286,0,178,500
82.5,48.5571902023442,45.1538788097883,36.294559119866,0,178,500
20.45,48.5571902023442,51.4017948497007,41.7152592859475,0,178,500
62.6,48.5571902023442,47.4402914305061,37.0566571869297,0,178,500
6.35,48.5571902023442,55.709779166526,42.6203548450202,0,178,500
26.6,48.5571902023442,51.5066733613629,39.2716982648116,0,178,500
0.2,48.5571902023442,62.7570369284188,45.5921664464701,0,178,500
90.35,48.5571902023442,43.2209255476912,33.5249715567797,0,178,500
66.8,48.5571902023442,46.9406046603096,37.2528758132087,0,178,500
45.1,48.5571902023442,49.5870785887355,37.2402356577541,0,178,500
62.5,48.5571902023442,47.4378228058379,36.2289837967285,0,178,500
72.1,48.5571902023442,46.041550890989,34.5437803785519,0,178,500
68.35,48.5571902023442,46.6931466287615,36.1306545608259,0,178,500
38.55,48.5571902023442,50.0185482140445,37.9940971606988,0,178,500
24.65,48.5571902023442,51.4195800973111,40.5535943892568,0,178,500
96.45,48.5571902023442,41.8544992043323,33.135107170229,0,178,500
91.25,48.5571902023442,42.910185189151,33.5205060386517,0,178,500
71.95,48.5571902023442,45.9398369838242,35.4199426218635,0,178,500
92.1,48.5571902023442,43.1103597542426,34.4525295831299,0,178,500
85.7,48.5571902023442,44.1203522845644,34.0000838319995,0,178,500
13.8,48.5571902023442,53.3573610121475,40.8231170042399,0,178,500
65.8,48.5571902023442,47.163215474476,38.0688677033231,0,178,500
93.55,48.5571902023442,42.5235639240901,33.7622911256851,0,178,500
93.3,48.5571902023442,42.8715024708303,34.1809723575292,0,178,500
54.3,48.5571902023442,48.4023170797289,36.7647891801493,0,178,500
34.05,48.5571902023442,50.7041781909081,38.4704915423575,0,178,500
34.25,48.5571902023442,50.9156786900689,37.0428700856255,0,178,500
86.85,48.5571902023442,43.906200221937,33.7962449191613,0,178,500
7.45,48.5571902023442,55.7043479295809,41.3403810337272,0,178,500
28.6,48.5571902023442,51.7887005446222,38.312920183491,0,178,500
20.65,48.5571902023442,51.8925350829323,40.7977842024921,0,178,500
8.85,48.5571902023442,54.8718041910722,41.1844758421699,0,178,500
22.9,48.5571902023442,51.9441626931568,40.0839250917664,0,178,500
99.95,48.5571902023442,37.4043349772031,29.9622475175652,0,178,500
60.9,48.5571902023442,47.6096385825664,37.721429270683,0,178,500
97.65,48.5571902023442,40.8083289878948,32.6033254880852,0,178,500
72.6,48.5571902023442,45.9559247902478,35.0729858494233,0,178,500
99.2,48.5571902023442,39.5187405437461,31.8587007427378,0,178,500
28.4,48.5571902023442,51.9288882852433,36.6575591562685,0,178,500
42.15,48.5571902023442,49.6816488561782,37.6916485819211,0,178,500
88.5,48.5571902023442,43.7155562973365,34.4011507443187,0,178,500
83.75,48.5571902023442,44.7845243086562,35.7099767851068,0,178,500
55.1,48.5571902023442,48.1357137250007,38.0830306342835,0,178,500
80.15,48.5571902023442,45.4306331839685,36.226941950027,0,178,500
22.4,48.5571902023442,51.9363615489643,40.3036851464462,0,178,500
100,48.5571902023442,38.1679166557256,31.5826830885372,0,178,500
76.75,48.5571902023442,45.424972660021,35.2159979133226,0,178,500
98.35,48.5571902023442,40.6928470604232,32.4556368248653,0,178,500
18.7,48.5571902023442,53.554401314159,38.8084955887568,0,178,500
31.85,48.5571902023442,50.7348674351535,39.1458739488045,0,178,500
29.8,48.5571902023442,51.2098097505017,38.7050591148287,0,178,500
50.45,48.5571902023442,48.6466047733447,39.1762710586579,0,178,500
31.1,48.5571902023442,50.6602066625794,39.8500020380695,0,178,500
86.45,48.5571902023442,43.6090549240332,33.0164942505917,0,178,500
81.25,48.5571902023442,45.0500685094308,34.8842071620741,0,178,500
36.7,48.5571902023442,50.493388329276,37.8056525729329,0,178,500
100,48.5571902023442,35.6348800448353,30.4527458230661,0,178,500
58.75,48.5571902023442,47.7804567976839,38.1830039770911,0,178,500
98.25,48.5571902023442,41.3778339934891,34.0088879650384,0,178,500
87.4,48.5571902023442,43.7562206673233,33.7283283662989,0,178,500
30.05,48.5571902023442,51.8321661352573,37.1668425844947,0,178,500
98.15,48.5571902023442,40.7780213257017,33.1009802346035,0,178,500
73.55,48.5571902023442,45.9558630948016,35.0749844557531,0,178,500
65,48.5571902023442,47.2087419162067,37.2227605698539,0,178,500
28.9,48.5571902023442,51.0401464574672,39.3208990343742,0,178,500
35.3,48.5571902023442,50.7665620530596,37.8579757331223,0,178,500
0.55,48.5571902023442,63.5533834626092,44.3073005533859,0,178,500
88,48.5571902023442,43.1619041033423,32.8310542448702,0,178,500
70.85,48.5571902023442,46.3477275330974,36.1444190274738,0,178,500
100,48.5571902023442,35.8538967489461,30.2869533289722,0,178,500
48.6,48.5571902023442,49.1241000519388,34.9625792368549,0,178,500
0.05,48.5571902023442,65.0529321729731,45.4810535753793,0,178,500
59.45,48.5571902023442,47.7297576191028,37.1158861582545,0,178,500
36.2,48.5571902023442,50.4405603782998,38.1930381149744,0,178,500
93.9,48.5571902023442,43.0905856210095,34.9697971453793,0,178,500
48.65,48.5571902023442,48.9400070522515,36.4862147012357,0,178,500
33.25,48.5571902023442,50.9854422966939,37.1062353357415,0,178,500
20.7,48.5571902023442,52.3990985228237,40.0393849856141,0,178,500
27,48.5571902023442,51.2695642152894,39.7981673347814,0,178,500
86.45,48.5571902023442,44.2844447088104,35.1489750534648,0,178,500
36.05,48.5571902023442,50.3842220298972,38.6607059967638,0,178,500
64.75,48.5571902023442,47.2446012786182,38.0381597354935,0,178,500
97.3,48.5571902023442,41.7779982177457,34.0197829815994,0,178,500
76.55,48.5571902023442,45.6345345436583,35.7697693972252,0,178,500
60.3,48.5571902023442,47.7482119363778,39.3267193860784,0,178,500
77.95,48.5571902023442,45.8999735925632,36.2364124023137,0,178,500
41.75,48.5571902023442,50.143197648343,35.0135850508081,0,178,500
61.1,48.5571902023442,47.461912316189,35.5362971418491,0,178,500
28.95,48.5571902023442,52.1936572719247,36.7748064844026,0,178,500
0.9,48.5571902023442,62.1628234601048,42.8234851865797,0,178,500
94.05,48.5571902023442,43.0698324135127,34.8629062752007,0,178,500
31.5,48.5571902023442,50.715802488481,39.6762180818786,0,178,500
43.3,48.5571902023442,49.4433188937323,37.8966779811284,0,178,500
26.5,48.5571902023442,51.9023756232188,38.5810023611694,0,178,500
6.3,48.5571902023442,57.6475360617995,40.9336362592602,0,178,500
81.65,48.5571902023442,45.142352075122,35.9410265124326,0,178,500
81.55,48.5571902023442,44.9507827674055,35.2673356714722,0,178,500
8.45,48.5571902023442,55.2825785373766,41.5626237105577,0,178,500
99.05,48.5571902023442,40.242543318552,31.9286502364119,0,178,500
37.7,48.5571902023442,50.1806487717432,37.7777721257243,0,178,500
72.55,48.5571902023442,46.1003900225426,36.0850521478959,0,178,500
35.9,48.5571902023442,50.0605875671432,39.5634434907228,0,178,500
65.05,48.5571902023442,46.8942160288065,35.8145095096561,0,178,500
16.8,48.5571902023442,51.9865197480225,41.7054163543776,0,178,500
41.95,48.5571902023442,49.7444907388717,36.041491368244,0,178,500
51.4,48.5571902023442,48.7067949445655,36.5818849216855,0,178,500
27.95,48.5571902023442,51.0917664380628,39.7723717903017,0,178,500
15.55,48.5571902023442,52.4168817618163,41.9900259071879,0,178,500
4.4,48.5571902023442,56.2496062077099,42.7066341218216,0,178,500
24.5,48.5571902023442,50.9797048811139,40.8387276492139,0,178,500
83,48.5571902023442,44.7229637131875,35.1350268010645,0,178,500
62.75,48.5571902023442,47.3120174198638,37.30529119014,0,178,500
71.6,48.5571902023442,46.120001254647,35.6859126285222,0,178,500
50.75,48.5571902023442,48.5814539534456,38.7047804831159,0,178,500
22.45,48.5571902023442,52.9248960274836,38.1964979382266,0,178,500
35.8,48.5571902023442,49.8321169487712,40.8816815669763,0,178,500
73.7,48.5571902023442,46.0096072054273,35.9505958267654,0,178,500
39.7,48.5571902023442,49.6048743500358,38.8737928162984,0,178,500
14.5,48.5571902023442,54.3597674456622,39.4396708675583,0,178,500
7.1,48.5571902023442,55.6048343289756,41.5595358242028,0,178,500
93.65,48.5571902023442,42.3934959216166,33.2822718804493,0,178,500
54.75,48.5571902023442,48.1210088999527,37.4231578936283,0,178,500
70.9,48.5571902023442,46.1395767347489,35.3511589310904,0,178,500
30.75,48.5571902023442,51.0762452886021,38.8008489009641,0,178,500
8.15,48.5571902023442,54.9275542439106,41.6316300013067,0,178,500
90.6,48.5571902023442,43.9879669352682,35.1815025796825,0,178,500
52.95,48.5571902023442,48.4254787828027,37.2747817162567,0,178,500
59,48.5571902023442,47.7260912649935,36.8015102754913,0,178,500
34.9,48.5571902023442,50.454281659753,38.9297440705636,0,178,500
18.2,48.5571902023442,51.8711814386117,41.6525695406158,0,178,500
60.65,48.5571902023442,47.5775490786755,36.9202982107109,0,178,500
17.7,48.5571902023442,53.2334644673825,39.8627933812196,0,178,500
53.15,48.5571902023442,48.2529874628137,34.6362125670427,0,178,500
60.1,48.5571902023442,47.6693989062082,35.9049893612976,0,178,500
75.35,48.5571902023442,45.6560092436032,34.4599898442925,0,178,500
38.05,48.5571902023442,50.5047947322039,36.4486441246372,0,178,500
31.4,48.5571902023442,50.773887874588,38.5680192117557,0,178,500
47.7,48.5571902023442,48.8920880776036,38.754062377349,0,178,500
57.35,48.5571902023442,47.9795637548218,35.5955313068399,0,178,500
10.85,48.5571902023442,53.7417066223259,41.6250388054703,0,178,500
84.6,48.5571902023442,45.1363510132436,37.0475093171126,0,178,500
62.05,48.5571902023442,47.2882345313024,36.7692138092577,0,178,500
95.25,48.5571902023442,41.7590924900761,32.1797160836735,0,178,500
69.05,48.5571902023442,46.5176074876654,35.9142933399072,0,178,500
84.85,48.5571902023442,43.9760811976149,33.5590544177588,0,178,500
77.05,48.5571902023442,45.8067178078956,36.5775658800535,0,178,500
86.3,48.5571902023442,44.7862886320037,37.1527258536867,0,178,500
41.25,48.5571902023442,49.5461351864865,38.1948331284405,0,178,500
91.05,48.5571902023442,42.8606796110188,33.6685697162487,0,178,500
90.1,48.5571902023442,43.3670201618975,34.0971138570976,0,178,500
48.85,48.5571902023442,49.0290578800753,35.1474742189958,0,178,500
86.05,48.5571902023442,44.3055660116288,34.863137778594,0,178,500
35.6,48.5571902023442,50.1603176883515,38.6164949992502,0,178,500
0.95,48.5571902023442,57.8720701132968,44.6947868586341,0,178,500
13.2,48.5571902023442,53.6149719658317,40.5286686771523,0,178,500
90.85,48.5571902023442,43.2326472119023,33.4955300049582,0,178,500
22.3,48.5571902023442,51.9328427652152,39.8574827508154,0,178,500
96.1,48.5571902023442,42.9605075616578,35.1562370919989,0,178,500
80.45,48.5571902023442,44.8701904809384,34.0217453866055,0,178,500
99.45,48.5571902023442,37.8808939616621,30.1690212952461,0,178,500
53.2,48.5571902023442,48.4295400195412,37.9266873940848,0,178,500
70.1,48.5571902023442,46.334579728294,35.4480657766261,0,178,500
76.55,48.5571902023442,45.6598825109038,35.5424069240869,0,178,500
62.8,48.5571902023442,47.2898236564571,36.6896026921554,0,178,500
90.9,48.5571902023442,43.5167833643444,34.1460974418218,0,178,500
47.8,48.5571902023442,49.0467039062536,37.5633803553581,0,178,500
98.4,48.5571902023442,40.3593338296046,32.1053167217822,0,178,500
69.4,48.5571902023442,46.7635167732241,36.6388079309443,0,178,500
53.4,48.5571902023442,48.4930066761132,37.7781736328456,0,178,500
79.95,48.5571902023442,44.1968060743711,31.7907984354953,0,178,500
99.25,48.5571902023442,40.7836070691297,33.7091562449749,0,178,500
56.4,48.5571902023442,47.9163335568467,37.9656149928098,0,178,500
98.4,48.5571902023442,40.7174962784041,32.5692006944206,0,178,500
5.4,48.5571902023442,55.5030439143014,42.57294120082,0,178,500
67.95,48.5571902023442,46.9130884862322,38.0617591637075,0,178,500
71.9,48.5571902023442,46.489212360132,37.460526934029,0,178,500
39.95,48.5571902023442,49.5473974265345,39.9698608809196,0,178,500
74.35,48.5571902023442,45.9819811500056,36.0771256824615,0,178,500
65.5,48.5571902023442,47.0802208571529,35.5930973743068,0,178,500
98.95,48.5571902023442,40.0158814086538,32.4211955677036,0,178,500
72.95,48.5571902023442,46.1882314977073,36.6439838256352,0,178,500
7.55,48.5571902023442,56.2134569794447,40.8441514208446,0,178,500
92,48.5571902023442,42.932758199331,33.8711705578306,0,178,500
98.45,48.5571902023442,40.8391543086438,32.9241906474595,0,178,500
30.1,48.5571902023442,50.9434189256784,39.4514796319356,0,178,500
41.25,48.5571902023442,49.4204115909542,39.6103720710477,0,178,500
76.45,48.5571902023442,45.6339587399932,35.6514536043969,0,178,500
48.7,48.5571902023442,49.0014076949275,35.1057311985736,0,178,500
95.45,48.5571902023442,41.2323725685816,31.9542438014047,0,178,500
36.4,48.5571902023442,50.2440275256742,38.4809188229975,0,178,500
99.9,48.5571902023442,38.6822020952071,32.4820814491457,0,178,500
45.6,48.5571902023442,49.3281392655044,37.4245983535802,0,178,500
90.3,48.5571902023442,43.8184623987171,35.5390895862225,0,178,500
89.4,48.5571902023442,42.7268471377752,31.9848687984284,0,178,500
15.4,48.5571902023442,54.9515009206977,37.5460807060519,0,178,500
68.2,48.5571902023442,46.8813989553356,37.1118360274406,0,178,500
71.55,48.5571902023442,46.1136918361247,34.9741604135934,0,178,500
63.1,48.5571902023442,47.3462323608869,37.1197754025727,0,178,500
66,48.5571902023442,46.7875636373738,36.077650159524,0,178,500
96.1,48.5571902023442,41.2351249530808,32.389372802185,0,178,500
21.35,48.5571902023442,51.7350464700897,41.0129558797718,0,178,500
17.25,48.5571902023442,53.3362221397331,39.9039001668193,0,178,500
45.3,48.5571902023442,49.3448944754991,37.8672423750257,0,178,500
9.45,48.5571902023442,54.2924487127797,42.4013509756184,0,178,500
58.6,48.5571902023442,47.8114580200669,35.5549404101198,0,178,500
13.65,48.5571902023442,54.467082535854,40.1218508682007,0,178,500
26.7,48.5571902023442,51.3682148680114,39.8300193465696,0,178,500
92,48.5571902023442,43.8519739365073,35.8710364553492,0,178,500
51.6,48.5571902023442,48.670110899311,35.1055452746134,0,178,500
25.35,48.5571902023442,51.709203771061,39.2360910511793,0,178,500
99.1,48.5571902023442,39.2547502713437,31.2062790738939,0,178,500
94.65,48.5571902023442,42.2057246887788,33.3582998921336,0,178,500
14.3,48.5571902023442,52.8012757513869,41.7332822822928,0,178,500
48.7,48.5571902023442,48.8918640336962,37.8595051368948,0,178,500
2.45,48.5571902023442,58.1627078123154,42.7153111489145,0,178,500
84.25,48.5571902023442,44.922271862958,36.2942568196366,0,178,500
41.8,48.5571902023442,49.5835967478501,38.4830819769055,0,178,500
64.3,48.5571902023442,47.3829699595346,37.8328581151139,0,178,500
44.35,48.5571902023442,49.615244855438,36.2821838026712,0,178,500
94.85,48.5571902023442,43.0182002566258,34.8567718610818,0,178,500
76.85,48.5571902023442,45.7873756392595,36.4211948857471,0,178,500
82.75,48.5571902023442,44.2397241361896,32.9352843049612,0,178,500
97.8,48.5571902023442,39.7884996587153,31.1307094864354,0,178,500
27.45,48.5571902023442,51.0907728947534,39.9722129928723,0,178,500
87.8,48.5571902023442,43.7018595279803,33.8999163328381,0,178,500
71.7,48.5571902023442,46.3200383582712,36.3928114941829,0,178,500
49.4,48.5571902023442,48.9745633962092,34.9272479234384,0,178,500
98.4,48.5571902023442,41.1792371308111,33.7826849945679,0,178,500
37.35,48.5571902023442,49.9806068460136,39.4683184421095,0,178,500
86.55,48.5571902023442,44.2118163406534,35.1441261965891,0,178,500
24,48.5571902023442,52.0399945191366,39.2898517801251,0,178,500
21.2,48.5571902023442,52.5655504366988,38.8213761280399,0,178,500
56.7,48.5571902023442,47.966027260805,35.9138956221234,0,178,500
71.05,48.5571902023442,46.616168661067,37.0342028210248,0,178,500
90.3,48.5571902023442,43.5380028735453,34.8112325075792,0,178,500
45.45,48.5571902023442,49.2348207690483,38.7452921804286,0,178,500
48.7,48.5571902023442,48.7096883773395,38.8547697260145,0,178,500
67.45,48.5571902023442,46.8418611104904,36.2021852653807,0,178,500
78.1,48.5571902023442,44.9197962994997,33.1499043357287,0,178,500
78.9,48.5571902023442,44.9726381288469,34.078837763854,0,178,500
98.5,48.5571902023442,39.7642529993883,31.4225955161248,0,178,500
99.15,48.5571902023442,41.5046043064897,35.048134370064,0,178,500
19.75,48.5571902023442,51.996972896926,40.7554765350774,0,178,500
99.05,48.5571902023442,39.290759210427,31.0594043778045,0,178,500
88.95,48.5571902023442,42.6660130867924,31.9117498896476,0,178,500
49.5,48.5571902023442,48.7619196153909,37.1607426509551,0,178,500
94.15,48.5571902023442,42.5176830552298,33.7064879923242,0,178,500
94.15,48.5571902023442,42.1398222800188,32.8945213616767,0,178,500
86,48.5571902023442,44.2932258486184,34.8567923271629,0,178,500
9.9,48.5571902023442,54.4591622068149,41.0660383392506,0,178,500
59.45,48.5571902023442,47.878534512733,37.298258619898,0,178,500
94.95,48.5571902023442,40.8924410749831,30.816855658246,0,178,500
8.95,48.5571902023442,56.5785908728663,40.3400209132965,0,178,500
54.65,48.5571902023442,48.2105030506472,39.0775835612768,0,178,500
67.1,48.5571902023442,46.9918431682716,37.4742957766526,0,178,500
61.7,48.5571902023442,47.4543559998361,36.7856003940199,0,178,500
3.9,48.5571902023442,56.8455845123996,42.7488367591883,0,178,500
78.25,48.5571902023442,45.7062977543727,36.2804878886847,0,178,500
13.45,48.5571902023442,54.3604886974987,40.5834677194352,0,178,500
99.65,48.5571902023442,40.2231982022389,33.6001793117351,0,178,500
12.25,48.5571902023442,54.1343633989877,40.4122254655027,0,178,500
99.7,48.5571902023442,38.9322359795425,31.631194483097,0,178,500
8.05,48.5571902023442,55.6666647291229,41.6530707253302,0,178,500
1.85,48.5571902023442,61.6194183062547,42.0939687488134,0,178,500
4.55,48.5571902023442,57.5941823264061,42.187579789431,0,178,500
92.25,48.5571902023442,42.700087725571,32.8845059258623,0,178,500
59.55,48.5571902023442,47.6279625172657,36.1242523657616,0,178,500
95.25,48.5571902023442,41.5241952775563,32.5794007890199,0,178,500
70.35,48.5571902023442,46.3306652486201,35.2547506839322,0,178,500
99.4,48.5571902023442,39.8634319129497,32.3522094938704,0,178,500
94.05,48.5571902023442,42.7945092090079,34.2103806404194,0,178,500
62.6,48.5571902023442,47.3703886186821,36.0940629255041,0,178,500
90.95,48.5571902023442,42.8460339221401,33.0230022774224,0,178,500
56.85,48.5571902023442,48.0008808820225,37.9645165002546,0,178,500
71.1,48.5571902023442,46.406139177847,36.5872358257041,0,178,500
82.2,48.5571902023442,44.9078431012296,34.7307313447932,0,178,500
12,48.5571902023442,53.9020563047238,41.3029182005524,0,178,500
89.35,48.5571902023442,43.4652317059513,33.6125187377616,0,178,500
96.7,120,85.0800561797753,55,1,178,500
96.95,120,87.2494892747702,59,1,178,500
99.15,120,76.0921348314607,57,1,178,500
97.8,120,81.301404494382,55,1,178,500
99.2,120,71.2717696629213,53,1,178,500
98.05,120,84.4067415730337,62,1,178,500
99.3,120,75.0426966292135,59,1,178,500
99.85,120,64.3915298184961,52,1,178,500
22.2,120,148.008426966292,61,1,178,500
99.15,120,67.2981849611063,52,1,178,500
99.2,120,70.2717696629213,52,1,178,500
99.35,120,70.2981849611063,55,1,178,500
99.65,120,69.6445352400409,55,1,178,500
98.55,120,79.7162921348315,59,1,178,500
99.15,120,76.0533707865169,56,1,178,500
97.7,120,80.407654494382,53,1,178,500
99.85,120,63.790838375108,54,1,178,500
99.05,120,74.9261235955056,53,1,178,500
96.9,120,85.2494892747702,57,1,178,500
99.75,120,68.8204253611557,56,1,178,500
99.8,120,67.9571629213483,53,1,178,500
91.85,120,95.2452247191011,59,1,178,500
98.8,120,78.0293863439931,56,1,178,500
63.7,120,117.408707865169,57,1,178,500
100,120,52.1595505617978,45,1,178,500
99.95,120,55.1595505617978,48,1,178,500
98.9,120,76.9178370786517,55,1,178,500
99.25,120,79.8988764044944,62,1,178,500
99.05,120,73.0973782771536,51,1,178,500
97.5,120,79.407654494382,52,1,178,500
99.6,120,67.9571629213483,53,1,178,500
97.2,120,80.0347293156282,54,1,178,500
30.25,120,137.794382022472,66,1,178,500
99.9,120,63.186797752809,52,1,178,500
99.5,120,74.0796731358529,56,1,178,500
96.75,120,87.0084269662921,59,1,178,500
76.15,120,108.283963227783,62,1,178,500
96.65,120,85.2494892747702,57,1,178,500
99.9,120,61.9805126404494,53,1,178,500
99.25,120,72.8876404494382,53,1,178,500
99.65,120,78.9101123595506,63,1,178,500
98.15,120,83.0347293156282,57,1,178,500
97.65,120,79.0640449438202,55,1,178,500
91.7,120,95.4361593462717,60,1,178,500
99.95,120,63.2634430176565,53,1,178,500
93.1,120,88.5271535580524,54,1,178,500
93.15,120,92.6101123595506,59,1,178,500
99.45,120,71.9328396322778,52,1,178,500
87.9,120,101.753889369058,65,1,178,500
97.75,120,82.7378277153558,56,1,178,500
26.7,120,146.613061797753,56,1,178,500
98.8,120,76.9178370786517,55,1,178,500
95.7,120,87.5546475995914,57,1,178,500
92.85,120,89.5734349919743,52,1,178,500
98.65,120,75.6408507223114,50,1,178,500
99.65,120,66.8066119273984,53,1,178,500
87.45,120,99.2724719101124,59,1,178,500
99.45,120,71.8662489196197,55,1,178,500
97.8,120,83.0072231139647,59,1,178,500
96.6,120,83.2237827715356,54,1,178,500
89.6,120,95.9797752808989,57,1,178,500
99.85,120,70.0486891385768,59,1,178,500
88.85,120,97.3659711075441,61,1,178,500
91.5,120,93.2452247191011,57,1,178,500
96.95,120,86.2237827715356,57,1,178,500
99.65,120,69.2981849611063,54,1,178,500
91.1,120,96.1286115569823,62,1,178,500
99.4,120,74.8876404494382,55,1,178,500
97.15,120,80.7378277153558,54,1,178,500
90,120,97.3445692883895,60,1,178,500
100,120,66.0681179775281,56,1,178,500
97.6,120,77.7378277153558,51,1,178,500
93.95,120,92.6101123595506,59,1,178,500
98.35,120,77.8483146067416,51,1,178,500
98.8,120,82.9178370786517,61,1,178,500
99.45,120,74.5372191011236,59,1,178,500
97.8,120,81.301404494382,55,1,178,500
93.1,120,89.7977528089888,54,1,178,500
98.95,120,74.2318496110631,54,1,178,500
54.55,120,122.475280898876,65,1,178,500
95.2,120,91.2043539325843,61,1,178,500
89.3,120,99.9415730337079,66,1,178,500
99.65,120,74.6174157303371,60,1,178,500
99.95,120,58.8590398365679,50,1,178,500
99.5,120,73.9428838951311,54,1,178,500
96.45,120,86.8809420916162,59,1,178,500
81.85,120,104.310861423221,61,1,178,500
99.15,120,77.4558587479936,57,1,178,500
99.3,120,74.9428838951311,55,1,178,500
97.85,120,76.9103677221655,53,1,178,500
99.85,120,61.0529386343993,50,1,178,500
58.2,120,121.160112359551,61,1,178,500
99.3,120,79.0921348314607,60,1,178,500
99.25,120,75.0973782771536,53,1,178,500
98.9,120,77.0533707865169,57,1,178,500
96.5,120,86.0084269662921,58,1,178,500
96.35,120,86.0084269662921,58,1,178,500
98.55,120,79.0293863439931,57,1,178,500
99.6,120,70.9428838951311,51,1,178,500
99.5,120,71.8428444707274,58,1,178,500
2.55,120,193.379213483146,54,1,178,500
98.25,120,82.4067415730337,60,1,178,500
54.35,120,123.640449438202,60,1,178,500
99.65,120,71.9571629213483,57,1,178,500
60.45,120,119.144101123596,65,1,178,500
72.2,120,111.26720505618,59,1,178,500
99.65,120,69.2054574638844,55,1,178,500
77.65,120,107.778892455859,56,1,178,500
99.05,120,71.0533707865169,51,1,178,500
99.8,120,66.8204253611557,54,1,178,500
96.5,120,86.8809420916162,59,1,178,500
99.95,120,54.4634831460674,48,1,178,500
99,120,74.5342696629213,57,1,178,500
98.05,120,85.1634831460674,61,1,178,500
99.7,120,73.47141440846,58,1,178,500
99.55,120,72.0400280898876,57,1,178,500
98.25,120,81.8651685393259,58,1,178,500
96.35,120,83.0800561797753,53,1,178,500
98.15,120,78.9103677221655,55,1,178,500
46.1,120,128.680126404494,61,1,178,500
71.15,120,112.933988764045,57,1,178,500
92.8,120,93.6101123595506,60,1,178,500
98.25,120,78.9103677221655,55,1,178,500
98.3,120,83.6532654494382,61,1,178,500
92.45,120,91.5734349919743,54,1,178,500
96.4,120,85.2494892747702,57,1,178,500
98.45,120,82.9103677221655,59,1,178,500
99,120,77.4558587479936,57,1,178,500
99.05,120,76.0533707865169,56,1,178,500
96.65,120,86.2494892747702,58,1,178,500
98.8,120,76.9178370786517,55,1,178,500
79.75,120,107.283963227783,61,1,178,500
99.8,120,65.9740168539326,54,1,178,500
99.55,120,70.8988764044944,53,1,178,500
99.7,120,66.2178721910112,55,1,178,500
99.8,120,66.0681179775281,56,1,178,500
93.5,120,92.4831460674157,60,1,178,500
98,120,79.0640449438202,55,1,178,500
84.9,120,101.306530898876,56,1,178,500
94.2,120,95.1059153998678,67,1,178,500
99.8,120,64.3915298184961,52,1,178,500
97.85,120,80.7378277153558,54,1,178,500
97.8,120,79.7378277153558,53,1,178,500
95.2,120,89.8202247191011,58,1,178,500
95.6,120,88.5546475995914,58,1,178,500
94.65,120,91.866974317817,62,1,178,500
86.95,120,100.679264555669,60,1,178,500
89.55,120,98.0125127681307,60,1,178,500
98.3,120,78.8595505617978,54,1,178,500
97.85,120,81.301404494382,55,1,178,500
99.8,120,65.4241573033708,52,1,178,500
97.4,120,83.2494892747702,55,1,178,500
84.35,120,103.310861423221,60,1,178,500
89.7,120,95.2724719101124,55,1,178,500
99.7,120,72.665286812537,60,1,178,500
92.2,120,94.8448033707865,60,1,178,500
99.65,120,71.1089887640449,55,1,178,500
79.2,120,106.747191011236,62,1,178,500
97.35,120,83.301404494382,57,1,178,500
97.7,120,81.8953651685393,56,1,178,500
99.15,120,80.4558587479936,60,1,178,500
99.7,120,74.1553205551884,60,1,178,500
95.3,120,89.0744382022472,58,1,178,500
99.05,120,73.0533707865169,53,1,178,500
97.7,120,80.9103677221655,57,1,178,500
99.65,120,68.9571629213483,54,1,178,500
95.35,120,87.9844425237684,58,1,178,500
70.95,120,111.912359550562,61,1,178,500
95.25,120,90.9844425237684,61,1,178,500
85.1,120,102.310861423221,59,1,178,500
99.9,120,62.4522471910112,54,1,178,500
88.8,120,97.9797752808989,59,1,178,500
90.7,120,98.8494712491738,67,1,178,500
92.9,120,93.1067415730337,53,1,178,500
99.95,120,62.9805126404494,54,1,178,500
99.55,120,65.9571629213483,51,1,178,500
99.7,120,64.9571629213483,50,1,178,500
90.1,120,96.9797752808989,58,1,178,500
81,120,106.436414708887,63,1,178,500
99.65,120,71.0796731358529,53,1,178,500
99.7,120,63.3915298184961,51,1,178,500
99.8,120,70.5400650502661,59,1,178,500
98.45,120,78.8651685393259,55,1,178,500
2.1,120,186.280898876404,59,1,178,500
98.7,120,74.3623595505618,50,1,178,500
98.85,120,80.4558587479936,60,1,178,500
99.9,120,58.1698161389173,48,1,178,500
96.65,120,87.638202247191,59,1,178,500
92.4,120,94.5271535580524,60,1,178,500
93.45,120,89.5271535580524,55,1,178,500
98.95,120,78.7162921348315,58,1,178,500
66.05,120,115.933988764045,60,1,178,500
99.9,120,60.6067415730337,50,1,178,500
91.05,120,95.4361593462717,60,1,178,500
99.95,120,65.5064205457464,54,1,178,500
95.9,120,87.2043539325843,57,1,178,500
96.7,120,86.2494892747702,58,1,178,500
95.75,120,90.5546475995914,60,1,178,500
99.8,120,67.8204253611557,55,1,178,500
99.75,120,72.8662489196197,56,1,178,500
98.6,120,86.6532654494382,64,1,178,500
99.4,120,69.948595505618,52,1,178,500
92.9,120,92.9502042900919,60,1,178,500
98.45,120,81.4558587479936,61,1,178,500
99.9,120,61.9805126404494,53,1,178,500
99.95,120,54.4138576779026,49,1,178,500
82.65,120,103.014446227929,55,1,178,500
94.95,120,88.8202247191011,57,1,178,500
89.2,120,99.4209161624892,65,1,178,500
99.85,120,67.0625638406537,54,1,178,500
91.4,120,96.2452247191011,60,1,178,500
92.55,120,94.5734349919743,57,1,178,500
98.8,120,75.2635767790262,58,1,178,500
96.4,120,86.8894462279294,61,1,178,500
94.1,120,93.164433880726,61,1,178,500
99.45,120,73.2717696629213,55,1,178,500
91.25,120,92.9117174959872,52,1,178,500
89.6,120,97.0125127681307,59,1,178,500
86.7,120,101.679264555669,61,1,178,500
99.75,120,69.9571629213483,55,1,178,500
99.6,120,71.2054574638844,57,1,178,500
68.05,120,115.22191011236,66,1,178,500
99.2,120,77.4558587479936,57,1,178,500
99.8,120,62.9550561797753,55,1,178,500
99.8,120,60.0529386343993,49,1,178,500
99.4,120,67.8988764044944,50,1,178,500
92.5,120,92.4361593462717,57,1,178,500
98.1,120,79.9103677221655,56,1,178,500
99.45,120,71.8662489196197,55,1,178,500
99.6,120,68.2981849611063,53,1,178,500
99.05,120,71.8876404494382,52,1,178,500
87.65,120,99.0126404494382,57,1,178,500
97.1,120,84.638202247191,56,1,178,500
70.35,120,112.685393258427,57,1,178,500
99.3,120,74.5108038029386,56,1,178,500
85.65,120,101.679264555669,61,1,178,500
99.85,120,63.0529386343993,52,1,178,500
99.9,120,69.703827247191,56,1,178,500
96.15,120,88.2494892747702,60,1,178,500
99.55,120,69.2981849611063,54,1,178,500
97.5,120,78.7378277153558,52,1,178,500
99.9,120,71.703827247191,58,1,178,500
99.8,120,66.5064205457464,55,1,178,500
93.3,120,93.4831460674157,61,1,178,500
99.6,120,72.8876404494382,53,1,178,500
93.35,120,92.9502042900919,60,1,178,500
97.2,120,83.2237827715356,54,1,178,500
89.1,120,95.9797752808989,57,1,178,500
99.75,120,54.4966292134831,48,1,178,500
99.55,120,70.8662489196197,54,1,178,500
99.9,120,61.9805126404494,53,1,178,500
99.05,120,78.0921348314607,59,1,178,500
99.6,120,72.6174157303371,58,1,178,500
97.95,120,83.7378277153558,57,1,178,500
95.6,120,90.0744382022472,59,1,178,500
99.9,120,60.186797752809,49,1,178,500
97.95,120,84.6532654494382,62,1,178,500
98.9,120,80.2318496110631,60,1,178,500
99.8,120,70.2054574638844,56,1,178,500
100,120,63.9550561797753,56,1,178,500
95.65,120,91.5444756554307,65,1,178,500
99.75,120,60.9805126404494,52,1,178,500
99.55,120,74.6615168539326,59,1,178,500
99.7,120,66.3915298184961,54,1,178,500
99.65,120,67.2054574638844,53,1,178,500
96.9,120,84.638202247191,56,1,178,500
97.3,120,82.7378277153558,56,1,178,500
98.35,120,80.3623595505618,56,1,178,500
87.8,120,98.2724719101124,58,1,178,500
75.9,120,110.724719101124,62,1,178,500
93.55,120,92.9502042900919,60,1,178,500
93.8,120,89.7977528089888,54,1,178,500
93.55,120,93.6101123595506,60,1,178,500
98.8,120,76.3623595505618,52,1,178,500
97.9,120,81.8651685393259,58,1,178,500
97.75,120,83.8953651685393,58,1,178,500
99.5,120,72.0796731358529,54,1,178,500
99.7,120,72.948595505618,55,1,178,500
97.7,120,82.1634831460674,58,1,178,500
99.4,120,78.7867174959872,60,1,178,500
99.8,120,58.990569823435,51,1,178,500
97.2,120,85.9865168539326,60,1,178,500
99.8,120,64.8204253611557,52,1,178,500
99.4,120,73.5730337078652,57,1,178,500
99.25,120,66.9610252808989,49,1,178,500
99.8,120,71.0486891385768,60,1,178,500
99.8,120,71.9630617977528,61,1,178,500
100,120,67.485393258427,59,1,178,500
93.55,120,89.7977528089888,54,1,178,500
98.15,120,82.8651685393259,59,1,178,500
99.95,120,62.186797752809,51,1,178,500
92.2,120,94.8533707865168,63,1,178,500
98.15,120,78.0640449438202,54,1,178,500
99.4,120,75.0426966292135,59,1,178,500
98.7,120,80.9103677221655,57,1,178,500
97.75,120,82.4109149277689,54,1,178,500
80.05,120,106.426966292135,64,1,178,500
72.8,120,111.26720505618,59,1,178,500
93.05,120,92.3445692883895,55,1,178,500
97.85,120,84.8539325842697,59,1,178,500
82.4,120,104.813764044944,63,1,178,500
90.55,120,96.843047752809,58,1,178,500
99.6,120,74.8428444707274,61,1,178,500
99,120,80.0063202247191,59,1,178,500
96.3,120,87.0744382022472,56,1,178,500
92.9,120,90.5734349919743,53,1,178,500
91.5,120,92.843047752809,54,1,178,500
95.8,120,88.8809420916162,61,1,178,500
98.75,120,75.0973782771536,53,1,178,500
98.05,120,81.4109149277689,53,1,178,500
98.95,120,76.0533707865169,56,1,178,500
99.65,120,69.2584269662921,56,1,178,500
99.15,120,78.2318496110631,58,1,178,500
99.9,120,60.6052290406223,52,1,178,500
99.1,120,74.0533707865169,54,1,178,500
98.9,120,77.0533707865169,57,1,178,500
73.45,120,110.016853932584,54,1,178,500
63.1,120,117.933988764045,62,1,178,500
99.4,120,77.0533707865169,57,1,178,500
99.9,120,67.9571629213483,53,1,178,500
74.9,120,109.26720505618,57,1,178,500
99.85,120,67.4241573033708,54,1,178,500
88.7,120,99.0125127681307,61,1,178,500
97.45,120,79.7378277153558,53,1,178,500
10.1,120,156.560112359551,61,1,178,500
98.8,120,84.1362359550562,64,1,178,500
23.05,120,145.107544141252,63,1,178,500
99.75,120,66.5579973562459,56,1,178,500
99,120,74.0973782771536,52,1,178,500
99,120,74.0973782771536,52,1,178,500
96.95,120,88.8809420916162,61,1,178,500
98.7,120,79.876404494382,58,1,178,500
99.5,120,65.9657303370787,54,1,178,500
98.65,120,77.876404494382,56,1,178,500
99.05,120,77.9178370786517,56,1,178,500
99.6,120,65.3169050051073,49,1,178,500
98.35,120,83.0063202247191,62,1,178,500
99.9,120,65.8204253611557,53,1,178,500
87.6,120,101.674357945425,63,1,178,500
89.65,120,99.2452247191011,63,1,178,500
99.25,120,73.876404494382,52,1,178,500
98.8,120,72.7867174959872,54,1,178,500
96.6,120,89.8809420916162,62,1,178,500
99.65,120,71.47141440846,56,1,178,500
88.9,120,97.9117174959872,57,1,178,500
98.05,120,80.8651685393259,57,1,178,500
93.5,120,91.4831460674157,59,1,178,500
97.5,120,83.8539325842697,58,1,178,500
98.2,120,79.7378277153558,53,1,178,500
97.95,120,81.9034140017286,58,1,178,500
96.7,120,85.2237827715356,56,1,178,500
96.4,120,86.8809420916162,59,1,178,500
98.6,120,76.7162921348315,56,1,178,500
91.5,120,95.8448033707865,61,1,178,500
90.55,120,96.2724719101124,56,1,178,500
99.7,120,64.5064205457464,53,1,178,500
97.95,120,78.7378277153558,52,1,178,500
94.6,120,87.5435393258427,51,1,178,500
99.9,120,60.091492776886,51,1,178,500
97.9,120,81.9103677221655,58,1,178,500
94.15,120,92.9502042900919,60,1,178,500
100,120,56.7449438202247,47,1,178,500
99.75,120,66.8204253611557,54,1,178,500
97.55,120,85.8539325842697,60,1,178,500
32.05,120,138.633426966292,59,1,178,500
99.45,120,71.8876404494382,52,1,178,500
84.6,120,102.310861423221,59,1,178,500
99.95,120,58.7449438202247,49,1,178,500
99,120,76.876404494382,55,1,178,500
89.6,120,97.7538893690579,61,1,178,500
45.55,120,127.640449438202,64,1,178,500
96.25,120,87.8767556179775,55,1,178,500
99.45,120,68.5730337078652,52,1,178,500
89,120,98.0125127681307,60,1,178,500
99.5,120,72.1811797752809,60,1,178,500
97.9,120,84.8894462279294,59,1,178,500
98.8,120,74.9261235955056,53,1,178,500
99.55,120,70.4297752808989,58,1,178,500
99.55,120,75.0426966292135,59,1,178,500
98.3,120,77.8595505617978,53,1,178,500
99.85,120,65.3915298184961,53,1,178,500
99.25,120,74.1886035313002,57,1,178,500
97,120,76.407654494382,49,1,178,500
96.35,120,86.2237827715356,57,1,178,500
99.2,120,77.5108038029386,59,1,178,500
99.7,120,67.8204253611557,55,1,178,500
97.9,120,85.8539325842697,60,1,178,500
99,120,74.0533707865169,54,1,178,500
84.1,120,103.392054574639,59,1,178,500
96.8,120,86.638202247191,58,1,178,500
97.05,120,86.8539325842697,61,1,178,500
99.8,120,68.3169050051073,52,1,178,500
79,120,106.778892455859,55,1,178,500
98.7,120,80.9178370786517,59,1,178,500
99.85,120,71.5579973562459,61,1,178,500
99.4,120,78.0533707865169,58,1,178,500
99.2,120,77.0533707865169,57,1,178,500
98.95,120,74.0533707865169,54,1,178,500
93.75,120,95.7977528089888,60,1,178,500
99.75,120,63.7393258426966,53,1,178,500
90,120,96.2893258426966,59,1,178,500
98.5,120,79.9178370786517,58,1,178,500
93.45,120,91.6101123595506,58,1,178,500
90.45,120,98.1286115569823,64,1,178,500
98.65,120,79.0921348314607,60,1,178,500
66.3,120,116.088951310861,63,1,178,500
68.2,120,114.685393258427,59,1,178,500
98.95,120,73.9261235955056,52,1,178,500
99.15,120,72.8876404494382,53,1,178,500
99.65,120,65.3915298184961,53,1,178,500
87.45,120,99.3920545746388,55,1,178,500
99.95,120,60.790838375108,51,1,178,500
79.7,120,107.747191011236,63,1,178,500
98.45,120,76.9178370786517,55,1,178,500
97.4,120,85.8539325842697,60,1,178,500
96.4,120,88.2494892747702,60,1,178,500
99.8,120,65.0681179775281,55,1,178,500
37.15,120,134.731942215088,62,1,178,500
97.1,120,88.638202247191,60,1,178,500
96.3,120,89.8809420916162,62,1,178,500
99.75,120,68.8977197620621,56,1,178,500
99.85,120,69.6986120290813,58,1,178,500
99.7,120,63.6067415730337,53,1,178,500
89.25,120,96.0125127681307,58,1,178,500
98.9,120,80.4558587479936,60,1,178,500
99.25,120,75.9328396322778,56,1,178,500
99.9,120,63.0681179775281,53,1,178,500
95.7,120,89.0744382022472,58,1,178,500
99.2,120,77.0921348314607,58,1,178,500
85.15,120,102.310861423221,59,1,178,500
92,120,96.9502042900919,64,1,178,500
91.65,120,92.843047752809,54,1,178,500
98.4,120,83.1960272873194,61,1,178,500
97.65,120,83.301404494382,57,1,178,500
98.15,120,79.9103677221655,56,1,178,500
98.35,120,81.9034140017286,58,1,178,500
76,120,108.26720505618,56,1,178,500
92.35,120,94.8448033707865,60,1,178,500
99.3,120,76.7867174959872,58,1,178,500
99.8,120,72.8977197620621,60,1,178,500
99.8,120,64.4297752808989,52,1,178,500
98.85,120,79.0293863439931,57,1,178,500
99.8,120,63.0529386343993,52,1,178,500
76.65,120,108.790730337079,57,1,178,500
98.7,120,78.2318496110631,58,1,178,500
99.75,120,70.6445352400409,56,1,178,500
99.6,120,68.2584269662921,55,1,178,500
95.7,120,89.8426966292135,62,1,178,500
93.6,120,92.5271535580524,58,1,178,500
97.9,120,77.3623595505618,53,1,178,500
77.55,120,108.778892455859,57,1,178,500
92.7,120,95.96227929374,64,1,178,500
63.65,120,117.250255362615,65,1,178,500
84.5,120,102.306530898876,57,1,178,500
92.25,120,95.96227929374,64,1,178,500
96.35,120,85.2237827715356,56,1,178,500
99.85,120,54.6680711610487,50,1,178,500
98.65,120,78.0640449438202,54,1,178,500
99.95,120,67.8977197620621,55,1,178,500
98.25,120,81.1634831460674,57,1,178,500
98.45,120,78.8651685393259,55,1,178,500
98,120,85.1634831460674,61,1,178,500
99.7,120,68.8066119273984,55,1,178,500
98.95,120,81.4558587479936,61,1,178,500
99.8,120,69.703827247191,56,1,178,500
97.45,120,82.0347293156282,56,1,178,500
97.7,120,82.7378277153558,56,1,178,500
94.55,120,88.2043539325843,58,1,178,500
99.85,120,68.8066119273984,55,1,178,500
96.5,120,84.2494892747702,56,1,178,500
99.6,120,64.0681179775281,54,1,178,500
99.8,120,60.4297752808989,48,1,178,500
99.9,120,66.7393258426966,56,1,178,500
98.95,120,70.526886035313,50,1,178,500
99.55,120,68.2584269662921,55,1,178,500
99.45,120,72.8876404494382,53,1,178,500
98.2,120,77.0640449438202,53,1,178,500
65.75,120,116.144101123596,62,1,178,500
98.95,120,76.0640449438202,52,1,178,500
58.2,120,121.966292134831,57,1,178,500
97.3,120,83.638202247191,55,1,178,500
95.7,120,89.2043539325843,59,1,178,500
94.3,120,92.4831460674157,60,1,178,500
92.05,120,93.3445692883895,56,1,178,500
96.15,120,81.3230337078652,50,1,178,500
99.3,120,77.0533707865169,57,1,178,500
97.65,120,86.0347293156282,60,1,178,500
99.7,120,67.2981849611063,52,1,178,500
5.75,120,168.288202247191,60,1,178,500
99.45,120,75.1553205551884,61,1,178,500
99.9,120,64.2634430176565,54,1,178,500
99.85,120,63.4758757435558,54,1,178,500
96.65,120,86.8809420916162,59,1,178,500
98.7,120,80.0063202247191,59,1,178,500
95.3,120,89.9502042900919,57,1,178,500
99.75,120,67.8066119273984,54,1,178,500
91.45,120,96.8448033707865,62,1,178,500
97.3,120,87.638202247191,59,1,178,500
98.65,120,77.4558587479936,57,1,178,500
98.95,120,75.4558587479936,55,1,178,500
51.95,26.8519167514429,26.8736501079913,24.8398009950249,-1,316,500
78.9,26.8519167514429,24.773519163763,23.0401476695893,-1,316,500
33.05,26.8519167514429,28.1186440677966,25.896265560166,-1,316,500
77.8,26.8519167514429,24.9598796389167,23.2007434944238,-1,316,500
22.75,26.8519167514429,29.0204081632653,26.6567004805125,-1,316,500
4.6,26.8519167514429,32.027027027027,29.1635514018692,-1,316,500
91.75,26.8519167514429,23.3771723813997,21.8312199387844,-1,316,500
8.45,26.8519167514429,30.6276923076923,28.0022434099832,-1,316,500
93.95,26.8519167514429,23.0951276102088,21.5858192823173,-1,316,500
39.25,26.8519167514429,27.7115812917594,25.5516888433982,-1,316,500
0.25,26.8519167514429,35.1235003528581,31.7003174603175,-1,316,500
61.8,26.8519167514429,26.25,24.3076923076923,-1,316,500
41.95,26.8519167514429,27.5124378109453,25.3828164717844,-1,316,500
76.4,26.8519167514429,24.9598796389167,23.2007434944238,-1,316,500
66.5,26.8519167514429,25.6943727413526,23.8319809069212,-1,316,500
30.7,26.8519167514429,28.2623509369676,26.0177175612298,-1,316,500
10.95,26.8519167514429,30.1636363636363,27.6150442477876,-1,316,500
37.35,26.8519167514429,27.9292929292929,25.7360824742268,-1,316,500
66.85,26.8519167514429,25.7608695652174,23.888995215311,-1,316,500
98.85,26.8519167514429,21.1607142857143,19.8916334661355,-1,316,500
81.75,26.8519167514429,24.4449901768173,22.7566089334549,-1,316,500
62.5,26.8519167514429,26.1259842519685,24.2016480853127,-1,316,500
98.4,26.8519167514429,21.2601452370781,19.9791916766707,-1,316,500
4.6,26.8519167514429,31.8629961587708,29.0279069767442,-1,316,500
29.35,26.8519167514429,28.4888380080137,26.2089238845144,-1,316,500
23.2,26.8519167514429,29.0882524839275,26.7137506688069,-1,316,500
54.25,26.8519167514429,26.686327077748,24.6801779535344,-1,316,500
85.95,26.8519167514429,24.0202702702703,22.3892376681614,-1,316,500
44.75,26.8519167514429,27.1818678317859,25.1020613373555,-1,316,500
74.45,26.8519167514429,25.2255448555499,23.4293758798686,-1,316,500
7.75,26.8519167514429,31.067415730337,28.3681818181818,-1,316,500
14.85,26.8519167514429,29.8918918918919,27.3878222709819,-1,316,500
31.75,26.8519167514429,28.3428246013667,26.085684430512,-1,316,500
96.35,26.8519167514429,21.8193774660237,20.4706847068471,-1,316,500
33.9,26.8519167514429,28.1823329558324,25.9501039501039,-1,316,500
75.4,26.8519167514429,25.047810770005,23.2764568764569,-1,316,500
0.4,26.8519167514429,34.6829268292683,31.3421217827997,-1,316,500
28.5,26.8519167514429,28.4562607204116,26.1814368117462,-1,316,500
52,26.8519167514429,26.8591473286562,24.8274490303332,-1,316,500
48.15,26.8519167514429,27.1374045801526,25.0642570281124,-1,316,500
52.35,26.8519167514429,26.8301886792453,24.802781917536,-1,316,500
23.2,26.8519167514429,28.9866045428072,26.6282666666667,-1,316,500
51.9,26.8519167514429,26.8736501079913,24.8398009950249,-1,316,500
2.75,26.8519167514429,31.9243104554201,29.0786255096098,-1,316,500
67.1,26.8519167514429,25.6150283067421,23.7639219419324,-1,316,500
78.1,26.8519167514429,24.8601398601398,23.1148148148148,-1,316,500
80.85,26.8519167514429,24.5656465942744,22.8608058608059,-1,316,500
70.3,26.8519167514429,25.5492813141684,23.707502374169,-1,316,500
64.95,26.8519167514429,25.8814352574103,23.9923113887554,-1,316,500
21.9,26.8519167514429,29.1906158357771,26.7997852925389,-1,316,500
26.4,26.8519167514429,28.6528497409326,26.3472295514512,-1,316,500
1.8,26.8519167514429,33.2464929859719,30.1679758308157,-1,316,500
75.2,26.8519167514429,25.0730478589421,23.2981801213252,-1,316,500
70.65,26.8519167514429,25.6018518518518,23.7526165556613,-1,316,500
6.35,26.8519167514429,31.4800759013283,28.710753306498,-1,316,500
34.8,26.8519167514429,28.1663837011884,25.9366233766234,-1,316,500
9,26.8519167514429,30.9130434782608,28.2398190045249,-1,316,500
3.7,26.8519167514429,32.0889748549323,29.2147454651843,-1,316,500
96.65,26.8519167514429,21.9154557463672,20.5549608892548,-1,316,500
33.75,26.8519167514429,28.2463110102156,26.0041666666667,-1,316,500
24.8,26.8519167514429,28.8354577056778,26.5010615711253,-1,316,500
22.85,26.8519167514429,28.8856645385954,26.5433280170122,-1,316,500
75.75,26.8519167514429,25.0730478589421,23.2981801213252,-1,316,500
2.2,26.8519167514429,33.1137724550898,30.059000602047,-1,316,500
97.9,26.8519167514429,21.7336244541484,20.3954248366013,-1,316,500
65.15,26.8519167514429,25.8814352574103,23.9923113887554,-1,316,500
75.7,26.8519167514429,25.0856854838709,23.3090569561158,-1,316,500
22.1,26.8519167514429,29.3109540636042,26.9008620689655,-1,316,500
93,26.8519167514429,23.1596091205212,21.641959254443,-1,316,500
53.95,26.8519167514429,26.629213483146,24.6314750863345,-1,316,500
20.3,26.8519167514429,29.071261682243,26.6994652406417,-1,316,500
24.4,26.8519167514429,28.8187608569774,26.4870026525199,-1,316,500
42.25,26.8519167514429,27.7115812917595,25.5516888433982,-1,316,500
88.75,26.8519167514429,23.688719657306,22.1018149623727,-1,316,500
68.75,26.8519167514429,25.667870036101,23.8092513113972,-1,316,500
1.1,26.8519167514429,33.492597577389,30.3698296836983,-1,316,500
43.85,26.8519167514429,27.331136738056,25.2289034866094,-1,316,500
59.7,26.8519167514429,26.2916006339144,24.3432471964895,-1,316,500
69.5,26.8519167514429,25.5755395683453,23.7300380228137,-1,316,500
24.85,26.8519167514429,28.8521739130435,26.5151354221986,-1,316,500
13.3,26.8519167514429,29.8381294964029,27.3428258488499,-1,316,500
8.05,26.8519167514429,30.7222222222222,28.0809898762655,-1,316,500
70.4,26.8519167514429,25.4969262295082,23.6625592417062,-1,316,500
61.8,26.8519167514429,26.1809573908469,24.2486644001943,-1,316,500
64.6,26.8519167514429,26.0712414876899,24.1548137397194,-1,316,500
0.25,26.8519167514429,34.4667590027701,31.1660424469413,-1,316,500
34.25,26.8519167514429,27.9763912310286,25.7759421786267,-1,316,500
98.15,26.8519167514429,21.9154557463672,20.5549608892548,-1,316,500
97.35,26.8519167514429,21.5454545454545,20.2301458670989,-1,316,500
40.3,26.8519167514429,27.6039933444259,25.4604793472718,-1,316,500
52.5,26.8519167514429,26.8446601941747,24.8151093439364,-1,316,500
55.6,26.8519167514429,26.5581643543223,24.5708661417323,-1,316,500
71.05,26.8519167514429,25.3540499235863,23.5398396982555,-1,316,500
83.6,26.8519167514429,24.2543859649123,22.5918552036199,-1,316,500
12.9,26.8519167514429,30.0725075528701,27.5388858246001,-1,316,500
56.8,26.8519167514429,26.4312267657992,24.4625183733464,-1,316,500
48.05,26.8519167514429,27.152209492635,25.0768458061276,-1,316,500
79.25,26.8519167514429,24.6752602875558,22.9554022988506,-1,316,500
55.05,26.8519167514429,26.6434689507495,24.6436327739388,-1,316,500
90.45,26.8519167514429,23.9393939393939,22.3191774698257,-1,316,500
34.25,26.8519167514429,28.0869074492099,25.8694300518135,-1,316,500
58.55,26.8519167514429,26.3333333333333,24.37890625,-1,316,500
15.85,26.8519167514429,29.9098557692307,27.4028540065862,-1,316,500
30.75,26.8519167514429,28.44,26.167714884696,-1,316,500
15.85,26.8519167514429,29.7845601436265,27.297977036632,-1,316,500
1.7,26.8519167514429,33.2021347565043,30.1315630657815,-1,316,500
65.6,26.8519167514429,25.8545454545454,23.9692750840134,-1,316,500
12.9,26.8519167514429,30.2553191489361,27.6916250693289,-1,316,500
98.35,26.8519167514429,21.2692307692308,19.9871897518014,-1,316,500
6.4,26.8519167514429,31.2233375156838,28.4977168949772,-1,316,500
37.75,26.8519167514429,27.8511471740347,25.6699228791774,-1,316,500
60.65,26.8519167514429,26.2085308056872,24.2722411278561,-1,316,500
31.9,26.8519167514429,28.2463110102156,26.0041666666667,-1,316,500
68.15,26.8519167514429,25.7209302325581,23.8547539417105,-1,316,500
2.95,26.8519167514429,32.027027027027,29.1635514018692,-1,316,500
45,26.8519167514429,27.2712328767123,25.1780131114473,-1,316,500
98.7,26.8519167514429,21.3421955403087,20.05140562249,-1,316,500
83.5,26.8519167514429,24.3374083129584,22.6636404902406,-1,316,500
61.3,26.8519167514429,26.112277019937,24.1899224806202,-1,316,500
48.1,26.8519167514429,27.1078431372549,25.0391173520562,-1,316,500
88.25,26.8519167514429,23.8133971291866,22.2099644128114,-1,316,500
57.85,26.8519167514429,26.4593301435407,24.4865129965669,-1,316,500
53.5,26.8519167514429,26.7436861902203,24.7290737989103,-1,316,500
93.6,26.8519167514429,22.6536185707783,21.2008492569002,-1,316,500
8.2,26.8519167514429,31.10625,28.4004550625711,-1,316,500
6.1,26.8519167514429,31.7006369426751,28.8935185185185,-1,316,500
6.9,26.8519167514429,31.0093457943925,28.3199092456041,-1,316,500
29.55,26.8519167514429,28.4888380080137,26.2089238845144,-1,316,500
64.3,26.8519167514429,25.9218749999999,24.0269489894129,-1,316,500
40.65,26.8519167514429,27.6039933444259,25.4604793472718,-1,316,500
6.75,26.8519167514429,31.5199493350221,28.7438111686816,-1,316,500
86.35,26.8519167514429,23.8819577735124,22.2694023193577,-1,316,500
8.3,26.8519167514429,30.9900373599003,28.3038548752834,-1,316,500
54.55,26.8519167514429,26.6149732620321,24.6193293885602,-1,316,500
53.8,26.8519167514429,26.700643776824,24.6923837784372,-1,316,500
2.75,26.8519167514429,32.7218934911242,29.736748064324,-1,316,500
21.9,26.8519167514429,28.9697322467986,26.6140724946695,-1,316,500
55.5,26.8519167514429,26.5581643543223,24.5708661417323,-1,316,500
30.35,26.8519167514429,28.5870189546238,26.2917324907846,-1,316,500
12.9,26.8519167514429,30.2002427184466,27.6456256921373,-1,316,500
3.8,26.8519167514429,32.1927554980595,29.3004694835681,-1,316,500
55.85,26.8519167514429,26.5581643543223,24.5708661417323,-1,316,500
7.85,26.8519167514429,31.2429378531073,28.5139920045688,-1,316,500
46.95,26.8519167514429,27.2712328767123,25.1780131114473,-1,316,500
57.95,26.8519167514429,26.2916006339144,24.3432471964895,-1,316,500
83.7,26.8519167514429,24.1250605913718,22.4799639801891,-1,316,500
9.15,26.8519167514429,30.6654343807763,28.0336889387984,-1,316,500
67.45,26.8519167514429,25.7342295760083,23.8661567877629,-1,316,500
17.05,26.8519167514429,29.4322885866351,27.0027041644132,-1,316,500
8.05,26.8519167514429,31.067415730337,28.3681818181818,-1,316,500
44.15,26.8519167514429,27.3762376237623,25.2672064777328,-1,316,500
12.75,26.8519167514429,30.4963235294118,27.8927374301676,-1,316,500
64.45,26.8519167514429,26.0303347280335,24.119806763285,-1,316,500
14.25,26.8519167514429,30.4589963280293,27.8616071428571,-1,316,500
46.2,26.8519167514429,27.3011519473395,25.203432609793,-1,316,500
26.4,26.8519167514429,28.7189844200808,26.4029613960867,-1,316,500
78.25,26.8519167514429,25.0226244343891,23.2547741034001,-1,316,500
80.15,26.8519167514429,24.6508172362555,22.9343132751493,-1,316,500
13.3,26.8519167514429,29.7489539748954,27.2681594756963,-1,316,500
60.7,26.8519167514429,26.2223393045311,24.284046692607,-1,316,500
84.35,26.8519167514429,24.2189781021898,22.5612291007682,-1,316,500
75.65,26.8519167514429,24.9974886991461,23.2331316891577,-1,316,500
23.35,26.8519167514429,29.071261682243,26.6994652406417,-1,316,500
82.5,26.8519167514429,24.2189781021898,22.5612291007682,-1,316,500
32.75,26.8519167514429,28.4562607204116,26.1814368117462,-1,316,500
28.95,26.8519167514429,28.3589743589744,26.0993204391009,-1,316,500
23.45,26.8519167514429,28.9192330040674,26.5715806279936,-1,316,500
36.4,26.8519167514429,27.9606741573034,25.7626418988648,-1,316,500
47.75,26.8519167514429,27.1818678317859,25.1020613373555,-1,316,500
74.8,26.8519167514429,25.2383367139959,23.4403755868545,-1,316,500
85.65,26.8519167514429,24.1484716157205,22.5002253267238,-1,316,500
37.45,26.8519167514429,27.6961602671118,25.5386189258312,-1,316,500
31.8,26.8519167514429,28.3105802047781,26.0584551148225,-1,316,500
59,26.8519167514429,26.2777191129883,24.3313840155945,-1,316,500
98.25,26.8519167514429,21.0088644997889,19.7578155916106,-1,316,500
54.25,26.8519167514429,26.6577396893412,24.6558024691358,-1,316,500
95.45,26.8519167514429,22.27842435094,20.8729096989967,-1,316,500
1.65,26.8519167514429,33.1358189081225,30.0771084337349,-1,316,500
53.8,26.8519167514429,26.7293233082707,24.7168316831683,-1,316,500
40.35,26.8519167514429,27.6193118756936,25.4734693877551,-1,316,500
22,26.8519167514429,29.0034965034965,26.6424759871932,-1,316,500
41.4,26.8519167514429,27.5428887659103,25.4086513994911,-1,316,500
54.3,26.8519167514429,26.700643776824,24.6923837784372,-1,316,500
31.15,26.8519167514429,28.4725400457666,26.1951731374606,-1,316,500
15.05,26.8519167514429,30.2737226277372,27.7069922308546,-1,316,500
4.25,26.8519167514429,31.6804583068109,28.8768074031232,-1,316,500
56.3,26.8519167514429,26.600748262961,24.6071956628881,-1,316,500
22,26.8519167514429,29.1735052754982,26.7854077253219,-1,316,500
67.65,26.8519167514429,25.7742102537545,23.9004308281474,-1,316,500
32.65,26.8519167514429,28.2623509369676,26.0177175612298,-1,316,500
73.2,26.8519167514429,25.4317833418497,23.6066193853428,-1,316,500
6,26.8519167514429,31.5599239061509,28.7769452449568,-1,316,500
89.7,26.8519167514429,23.4985835694051,21.9367311072056,-1,316,500
59.45,26.8519167514429,26.3612288135593,24.4027370478983,-1,316,500
65.6,26.8519167514429,26.0303347280334,24.119806763285,-1,316,500
7,26.8519167514429,31.6401780038144,28.843443096476,-1,316,500
44.5,26.8519167514429,27.3762376237624,25.2672064777328,-1,316,500
16.1,26.8519167514429,29.7489539748954,27.2681594756963,-1,316,500
90.25,26.8519167514429,23.5541883577851,21.9850286217525,-1,316,500
53.75,26.8519167514429,26.758064516129,24.7413280475719,-1,316,500
70.35,26.8519167514429,25.5361723961005,23.6962505932606,-1,316,500
5.65,26.8519167514429,31.2429378531073,28.5139920045688,-1,316,500
20.95,26.8519167514429,29.2420681551116,26.8430107526882,-1,316,500
26.3,26.8519167514429,28.7024221453287,26.3890063424947,-1,316,500
91.45,26.8519167514429,23.2570093457944,21.7267188859878,-1,316,500
99.95,26.8519167514429,18.8237518910741,17.8187009279086,-1,316,500
1.95,26.8519167514429,32.7218934911243,29.736748064324,-1,316,500
79.35,26.8519167514429,24.6142433234421,22.902752293578,-1,316,500
69.05,26.8519167514429,25.5492813141684,23.707502374169,-1,316,500
71.45,26.8519167514429,25.3928571428571,23.5731822474032,-1,316,500
34.85,26.8519167514429,27.9763912310286,25.7759421786267,-1,316,500
56.55,26.8519167514429,26.5581643543223,24.5708661417323,-1,316,500
13.35,26.8519167514429,29.9819277108434,27.4631463146315,-1,316,500
64.45,26.8519167514429,26.0575916230366,24.1431334622824,-1,316,500
72.35,26.8519167514429,25.2255448555499,23.4293758798686,-1,316,500
28.35,26.8519167514429,28.2623509369676,26.0177175612298,-1,316,500
63.55,26.8519167514429,26.043956043956,24.1314644755921,-1,316,500
96.95,26.8519167514429,21.8098159509202,20.4622950819672,-1,316,500
31.35,26.8519167514429,28.2623509369676,26.0177175612298,-1,316,500
48.25,26.8519167514429,27.1670305676856,25.0894472361809,-1,316,500
94.35,26.8519167514429,22.6949384404925,21.236920459379,-1,316,500
95.1,26.8519167514429,22.9566420664206,21.4651762682717,-1,316,500
66.4,26.8519167514429,25.8411214953271,23.957773512476,-1,316,500
91.85,26.8519167514429,23.235294117647,21.7078260869565,-1,316,500
11.85,26.8519167514429,30.4776484996938,27.8771635957566,-1,316,500
42.55,26.8519167514429,27.4517374517374,25.3313039066464,-1,316,500
60.65,26.8519167514429,26.1534419337887,24.2251334303736,-1,316,500
68.2,26.8519167514429,25.7342295760082,23.8661567877629,-1,316,500
18.25,26.8519167514429,29.6957040572792,27.2235550708833,-1,316,500
85.45,26.8519167514429,24.0086830680174,22.3792021515016,-1,316,500
13,26.8519167514429,30.036210018105,27.5085399449036,-1,316,500
85.8,26.8519167514429,24.0550990816819,22.4193982936686,-1,316,500
23,26.8519167514429,28.9192330040674,26.5715806279936,-1,316,500
5.15,26.8519167514429,31.7613273771538,28.943768115942,-1,316,500
7.35,26.8519167514429,31.1257035647279,28.4166192373364,-1,316,500
36.5,26.8519167514429,27.8823529411764,25.6963458569223,-1,316,500
75.65,26.8519167514429,25.2127659574468,23.4183864915572,-1,316,500
94.95,26.8519167514429,22.4189189189189,20.9957947855341,-1,316,500
48.7,26.8519167514429,27.0195439739413,24.964,-1,316,500
75.7,26.8519167514429,24.7858565737051,23.050784856879,-1,316,500
3.8,26.8519167514429,32.2344559585492,29.3349001175088,-1,316,500
0.05,26.8519167514429,36.0652173913043,32.4629388816645,-1,316,500
88,26.8519167514429,23.6437054631829,22.0627485638533,-1,316,500
66.95,26.8519167514429,25.7608695652174,23.888995215311,-1,316,500
95.15,26.8519167514429,22.6021798365123,21.1559322033898,-1,316,500
7.3,26.8519167514429,31.0480349344978,28.3520726859739,-1,316,500
53.15,26.8519167514429,26.7724583109198,24.7535944471988,-1,316,500
43.55,26.8519167514429,27.4517374517374,25.3313039066464,-1,316,500
56.95,26.8519167514429,26.5015974440894,24.5225933202358,-1,316,500
4.95,26.8519167514429,31.9448010269576,29.0955710955711,-1,316,500
72,26.8519167514429,25.4317833418498,23.6066193853428,-1,316,500
0.35,26.8519167514429,33.9263803680981,30.7249230769231,-1,316,500
24.7,26.8519167514429,28.868909512761,26.529224229543,-1,316,500
9.7,26.8519167514429,30.2921485088253,27.7223764575236,-1,316,500
87.05,26.8519167514429,23.8934229476716,22.2793395805444,-1,316,500
22.1,26.8519167514429,29.2764705882353,26.8719052744887,-1,316,500
82.9,26.8519167514429,24.0434782608696,22.4093357271095,-1,316,500
9.65,26.8519167514429,30.7222222222222,28.0809898762655,-1,316,500
24.05,26.8519167514429,29.0204081632653,26.6567004805126,-1,316,500
15.65,26.8519167514429,30.10889292196,27.5692987299834,-1,316,500
5.45,26.8519167514429,31.8629961587708,29.0279069767442,-1,316,500
27.85,26.8519167514429,28.7024221453287,26.3890063424947,-1,316,500
85.95,26.8519167514429,24.1367604267701,22.4900900900901,-1,316,500
42.55,26.8519167514429,27.4668874172185,25.3441624365482,-1,316,500
42.3,26.8519167514429,27.5886917960088,25.44750254842,-1,316,500
72.35,26.8519167514429,25.2896341463415,23.4844778927564,-1,316,500
95.45,26.8519167514429,22.1593944790739,20.7687188019967,-1,316,500
3.75,26.8519167514429,31.7613273771538,28.943768115942,-1,316,500
61.6,26.8519167514429,26.1671924290221,24.2368932038835,-1,316,500
7.35,26.8519167514429,30.7792207792208,28.1284507042254,-1,316,500
35.55,26.8519167514429,27.992125984252,25.7892561983471,-1,316,500
60.7,26.8519167514429,26.1259842519685,24.2016480853127,-1,316,500
21.55,26.8519167514429,29.1222937390287,26.7423674343867,-1,316,500
63.9,26.8519167514429,25.9353830119854,24.0385170919596,-1,316,500
87.1,26.8519167514429,23.9393939393939,22.3191774698257,-1,316,500
60.5,26.8519167514429,26.1809573908469,24.2486644001943,-1,316,500
0.2,26.8519167514429,34.2768595041322,31.0111801242236,-1,316,500
35.1,26.8519167514429,27.9606741573034,25.7626418988648,-1,316,500
51.95,26.8519167514429,26.7868675995694,24.765873015873,-1,316,500
20.75,26.8519167514429,29.5020746887967,27.0612466124661,-1,316,500
61.3,26.8519167514429,26.1534419337887,24.2251334303736,-1,316,500
88,26.8519167514429,23.6324786324787,22.0530035335689,-1,316,500
36.55,26.8519167514429,28.0394366197183,25.8292809105018,-1,316,500
72.6,26.8519167514429,25.085685483871,23.3090569561158,-1,316,500
92.15,26.8519167514429,23.3114754098361,21.7740950719581,-1,316,500
84.95,26.8519167514429,24.3255131964809,22.6533575317604,-1,316,500
29.9,26.8519167514429,28.2142857142857,25.9771071800208,-1,316,500
61.3,26.8519167514429,26.263852242744,24.319532391622,-1,316,500
57.9,26.8519167514429,26.544,24.5587801278898,-1,316,500
47.25,26.8519167514429,27.1226158038147,25.0516808830908,-1,316,500
0.7,26.8519167514429,33.3579088471849,30.2593939393939,-1,316,500
85.45,26.8519167514429,23.9624458353395,22.3391498881432,-1,316,500
37.95,26.8519167514429,27.9449747332959,25.749355337803,-1,316,500
35.4,26.8519167514429,28.0394366197183,25.8292809105018,-1,316,500
49.45,26.8519167514429,26.9318181818182,24.889332003988,-1,316,500
67.8,26.8519167514429,25.6282183316169,23.7752380952381,-1,316,500
56.05,26.8519167514429,26.5723438334223,24.5829640571147,-1,316,500
49.9,26.8519167514429,27.0048833423765,24.9515242378811,-1,316,500
2.6,26.8519167514429,32.5294117647059,29.5781990521327,-1,316,500
24.8,26.8519167514429,28.9697322467986,26.6140724946695,-1,316,500
18.15,26.8519167514429,29.4497041420118,27.017316017316,-1,316,500
75.15,26.8519167514429,25.2,23.4074074074074,-1,316,500
92.7,26.8519167514429,23.2027972027972,21.6795484151107,-1,316,500
47.15,26.8519167514429,27.152209492635,25.0768458061276,-1,316,500
98.65,26.8519167514429,20.5321782178218,19.3369481022463,-1,316,500
18.75,26.8519167514429,29.2937021777516,26.8863758750673,-1,316,500
84.9,26.8519167514429,24.2071984435797,22.5510388437218,-1,316,500
94.55,26.8519167514429,22.8198074277854,21.3458743052587,-1,316,500
14.4,26.8519167514429,29.5546318289786,27.1053203040174,-1,316,500
76.55,26.8519167514429,25.0100502512563,23.243947858473,-1,316,500
0.85,26.8519167514429,33.8111413043478,30.6306748466258,-1,316,500
81.15,26.8519167514429,24.5172413793103,22.819012797075,-1,316,500
20.15,26.8519167514429,29.4148936170212,26.9881081081081,-1,316,500
38.35,26.8519167514429,28.0710659898477,25.856033143449,-1,316,500
78.65,26.8519167514429,24.7488811536548,23.0189027201475,-1,316,500
17.75,26.8519167514429,29.8739495798319,27.3728070175439,-1,316,500
4.65,26.8519167514429,32.130406714009,29.2489748096075,-1,316,500
64.45,26.8519167514429,25.8679833679833,23.9807877041306,-1,316,500
91.05,26.8519167514429,23.3005617977528,21.7646033129904,-1,316,500
36.75,26.8519167514429,27.8355704697986,25.6567317574512,-1,316,500
50.95,26.8519167514429,26.8446601941747,24.8151093439364,-1,316,500
3.15,26.8519167514429,32.1511627906976,29.2661195779601,-1,316,500
29.15,26.8519167514429,28.5542168674699,26.2640715412941,-1,316,500
77.75,26.8519167514429,24.8601398601398,23.1148148148148,-1,316,500
2.6,26.8519167514429,32.1096774193548,29.231850117096,-1,316,500
9.3,26.8519167514429,31.0286783042394,28.3359818388195,-1,316,500
64.3,26.8519167514429,26.0031347962382,24.0965250965251,-1,316,500
68.9,26.8519167514429,25.5361723961006,23.6962505932606,-1,316,500
92.55,26.8519167514429,23.235294117647,21.7078260869565,-1,316,500
72.35,26.8519167514429,25.3282442748091,23.5176636834668,-1,316,500
10,26.8519167514429,30.6088560885609,27.9865470852018,-1,316,500
76.6,26.8519167514429,24.7242921013413,22.9976969138646,-1,316,500
79.2,26.8519167514429,24.7120158887785,22.9871086556169,-1,316,500
37.3,26.8519167514429,27.9449747332959,25.749355337803,-1,316,500
89.85,26.8519167514429,23.355232285312,21.8121450415028,-1,316,500
88.95,26.8519167514429,23.6437054631829,22.0627485638533,-1,316,500
16.95,26.8519167514429,29.642644431209,27.179096352749,-1,316,500
95.8,26.8519167514429,22.6845943482224,21.2278911564626,-1,316,500
17.4,26.8519167514429,29.7311827956989,27.2532751091703,-1,316,500
55.7,26.8519167514429,26.7149758454106,24.7046016823355,-1,316,500
79.1,26.8519167514429,24.5899209486165,22.8817598533456,-1,316,500
67.25,26.8519167514429,25.7209302325581,23.8547539417105,-1,316,500
84.15,26.8519167514429,24.1367604267701,22.4900900900901,-1,316,500
64.15,26.8519167514429,25.948905109489,24.0500963391137,-1,316,500
4.9,26.8519167514429,31.6804583068109,28.8768074031232,-1,316,500
28.75,26.8519167514429,28.9192330040674,26.5715806279936,-1,316,500
99.35,26.8519167514429,20.4899135446686,19.2995747970622,-1,316,500
42.2,26.8519167514429,27.4972375690608,25.369918699187,-1,316,500
92.65,26.8519167514429,23.0630213160333,21.5578583765112,-1,316,500
30.05,26.8519167514429,28.44,26.167714884696,-1,316,500
19.65,26.8519167514429,29.1735052754982,26.7854077253219,-1,316,500
48.25,26.8519167514429,27.2115910333516,25.1273276295924,-1,316,500
3.25,26.8519167514429,32.2344559585492,29.3349001175088,-1,316,500
88.35,26.8519167514429,23.8819577735125,22.2694023193577,-1,316,500
17.35,26.8519167514429,29.8739495798319,27.3728070175439,-1,316,500
17.8,26.8519167514429,29.5020746887967,27.0612466124661,-1,316,500
88.05,26.8519167514429,23.4322033898305,21.8790534618755,-1,316,500
76.65,26.8519167514429,25.1109989909182,23.3308411214953,-1,316,500
37.25,26.8519167514429,27.9136287156477,25.7228232869655,-1,316,500
34.15,26.8519167514429,28.3105802047782,26.0584551148225,-1,316,500
28.9,26.8519167514429,28.5051546391752,26.2226890756302,-1,316,500
13.85,26.8519167514429,30.366076876144,27.7840845854201,-1,316,500
15,26.8519167514429,30.2553191489362,27.6916250693289,-1,316,500
6.15,26.8519167514429,31.4601769911504,28.6942528735632,-1,316,500
31.85,26.8519167514429,28.3105802047781,26.0584551148225,-1,316,500
88.45,26.8519167514429,23.7679083094556,22.1705150976909,-1,316,500
0.95,26.8519167514429,34.8041958041958,31.4408060453401,-1,316,500
21.2,26.8519167514429,29.1393442622951,26.7566988210075,-1,316,500
68.5,26.8519167514429,25.6150283067421,23.7639219419324,-1,316,500
75.35,26.8519167514429,25.0604229607251,23.2873134328358,-1,316,500
35.7,26.8519167514429,27.9292929292929,25.7360824742268,-1,316,500
75.7,26.8519167514429,25.0983358547655,23.3199439514246,-1,316,500
1.05,26.8519167514429,34.1358024691358,30.8960396039604,-1,316,500
99.7,26.8519167514429,19.245939675174,18.1953352769679,-1,316,500
2.95,26.8519167514429,32.0064308681672,29.1465265615879,-1,316,500
34.55,26.8519167514429,27.9606741573033,25.7626418988648,-1,316,500
12.5,26.8519167514429,30.8746898263027,28.2079096045198,-1,316,500
76.65,26.8519167514429,24.9849397590361,23.2223255813953,-1,316,500
3.4,26.8519167514429,31.8834080717489,29.0447934845841,-1,316,500
78.7,26.8519167514429,24.8725637181409,23.1255210745716,-1,316,500
86.5,26.8519167514429,23.5653409090909,21.9947136563877,-1,316,500
38.15,26.8519167514429,27.8667413213885,25.6831275720165,-1,316,500
75.1,26.8519167514429,24.934869739479,23.1792014856082,-1,316,500
75,26.8519167514429,24.8601398601399,23.1148148148148,-1,316,500
37.15,26.8519167514429,27.9921259842519,25.7892561983471,-1,316,500
21.05,26.8519167514429,29.1906158357771,26.7997852925389,-1,316,500
75.6,26.8519167514429,24.9473684210526,23.1899674872271,-1,316,500
11.75,26.8519167514429,30.2002427184466,27.6456256921373,-1,316,500
68.45,26.8519167514429,25.7076446280991,23.8433619866285,-1,316,500
20.25,26.8519167514429,29.3455188679245,26.9298813376483,-1,316,500
70.95,26.8519167514429,25.4187946884576,23.5954631379962,-1,316,500
99.5,26.8519167514429,20.5916425320645,19.3895145631068,-1,316,500
78.55,26.8519167514429,24.922383575363,23.1684454756381,-1,316,500
70,26.8519167514429,25.3799082100969,23.5620575743275,-1,316,500
47.95,26.8519167514429,27.1967213114754,25.1146881287726,-1,316,500
25.15,26.8519167514429,28.9360465116279,26.5857294994675,-1,316,500
20.55,26.8519167514429,29.3109540636042,26.9008620689655,-1,316,500
53.15,26.8519167514429,26.8301886792452,24.802781917536,-1,316,500
24.05,26.8519167514429,28.7189844200807,26.4029613960867,-1,316,500
41.9,26.8519167514429,27.65,25.4994892747702,-1,316,500
88.85,26.8519167514429,23.7452290076336,22.150842945874,-1,316,500
26.35,26.8519167514429,28.7521663778163,26.4309158284807,-1,316,500
2.05,26.8519167514429,33.2464929859719,30.1679758308157,-1,316,500
4.55,26.8519167514429,31.1842105263158,28.4652223489168,-1,316,500
9.35,26.8519167514429,30.7792207792207,28.1284507042254,-1,316,500
20,26.8519167514429,29.5546318289786,27.1053203040174,-1,316,500
86.2,26.8519167514429,23.9739884393063,22.3491495076097,-1,316,500
32.1,26.8519167514429,28.3913291500285,26.1266352694924,-1,316,500
72.05,26.8519167514429,25.3799082100969,23.5620575743275,-1,316,500
70.85,26.8519167514429,25.5230769230769,23.685009487666,-1,316,500
49.25,26.8519167514429,27.1078431372549,25.0391173520562,-1,316,500
89.15,26.8519167514429,23.7906309751434,22.1902222222222,-1,316,500
21.4,26.8519167514429,29.4322885866351,27.0027041644132,-1,316,500
11.7,26.8519167514429,30.7411982705373,28.0967923466517,-1,316,500
70,26.8519167514429,25.3153611393692,23.5065913370998,-1,316,500
61.9,26.8519167514429,26.0167276529011,24.1081603090295,-1,316,500
23.65,26.8519167514429,29.1906158357771,26.7997852925389,-1,316,500
55.55,26.8519167514429,26.6434689507494,24.6436327739388,-1,316,500
77.55,26.8519167514429,25.0856854838709,23.3090569561158,-1,316,500
50.25,26.8519167514429,27.0195439739413,24.964,-1,316,500
22.7,26.8519167514429,28.9528795811518,26.5998934469899,-1,316,500
10.2,26.8519167514429,30.4963235294117,27.8927374301676,-1,316,500
47.4,26.8519167514429,27.2562979189485,25.1653225806452,-1,316,500
63.05,26.8519167514429,26.0985841636077,24.1782082324455,-1,316,500
12.35,26.8519167514429,30.3290676416819,27.7531962201223,-1,316,500
32.05,26.8519167514429,28.2944855031268,26.0448617631716,-1,316,500
13,26.8519167514429,29.9638771824202,27.4480483782298,-1,316,500
88.65,26.8519167514429,23.6661911554921,22.0822644847413,-1,316,500
4.25,26.8519167514429,31.6,28.8101557991922,-1,316,500
1.8,26.8519167514429,33.2687165775401,30.186215235792,-1,316,500
87.7,26.8519167514429,23.7565632458234,22.1606746560142,-1,316,500
69.7,26.8519167514429,25.4838709677419,23.6513500710564,-1,316,500
1.3,26.8519167514429,33.4475806451613,30.3329283110571,-1,316,500
70.45,26.8519167514429,25.4317833418498,23.6066193853428,-1,316,500
79.8,26.8519167514429,24.9348697394789,23.1792014856082,-1,316,500
20.25,26.8519167514429,29.4671403197158,27.0319436924743,-1,316,500
10.65,26.8519167514429,30.8555486670799,28.1919819311124,-1,316,500
36.1,26.8519167514429,28.0236486486486,25.8159255429162,-1,316,500
89.45,26.8519167514429,23.6324786324786,22.0530035335689,-1,316,500
0.5,26.8519167514429,34.8285514345696,31.4606175173283,-1,316,500
45.35,26.8519167514429,27.3161361141602,25.2161616161616,-1,316,500
37,26.8519167514429,27.8667413213885,25.6831275720165,-1,316,500
14.35,26.8519167514429,30.036210018105,27.5085399449036,-1,316,500
57.55,26.8519167514429,26.4312267657992,24.4625183733464,-1,316,500
0,26.8519167514429,38.1087289433384,34.103825136612,-1,316,500
59.4,26.8519167514429,26.25,24.3076923076923,-1,316,500
0.85,26.8519167514429,34.6829268292683,31.3421217827997,-1,316,500
79.9,26.8519167514429,24.8601398601398,23.1148148148148,-1,316,500
16.3,26.8519167514429,30.0725075528701,27.5388858246001,-1,316,500
41.05,26.8519167514429,27.5276548672566,25.3957273652085,-1,316,500
29.2,26.8519167514429,28.7355658198614,26.4169312169312,-1,316,500
49.05,26.8519167514429,26.9756097560975,24.9266100848727,-1,316,500
21.05,26.8519167514429,29.3282262816735,26.9153638814016,-1,316,500
10.4,26.8519167514429,30.5900430239704,27.9708683473389,-1,316,500
93.05,26.8519167514429,23.1703910614525,21.6513443191674,-1,316,500
97.9,26.8519167514429,21.84811237928,20.495894909688,-1,316,500
65.65,26.8519167514429,25.827711468604,23.9462829736211,-1,316,500
62.3,26.8519167514429,26.0031347962382,24.0965250965251,-1,316,500
6.4,26.8519167514429,31.4601769911504,28.6942528735632,-1,316,500
6.75,26.8519167514429,31.4403032217309,28.6777713957496,-1,316,500
2.3,26.8519167514429,32.9384513567174,29.9149191132415,-1,316,500
42.15,26.8519167514429,27.6193118756936,25.4734693877551,-1,316,500
57,26.8519167514429,26.4312267657992,24.4625183733464,-1,316,500
4.4,26.8519167514429,32.2135922330097,29.3176746917205,-1,316,500
74.45,26.8519167514429,24.9598796389167,23.2007434944238,-1,316,500
1,26.8519167514429,33.357908847185,30.2593939393939,-1,316,500
64.2,26.8519167514429,25.9489051094891,24.0500963391137,-1,316,500
39.25,26.8519167514429,27.7734375,25.6041025641026,-1,316,500
5.85,26.8519167514429,31.7613273771537,28.943768115942,-1,316,500
2.65,26.8519167514429,32.6146788990825,29.6484560570071,-1,316,500
2.75,26.8519167514429,33.0917553191489,30.0409145607702,-1,316,500
81.4,26.8519167514429,24.4570024570025,22.7669858641131,-1,316,500
27.1,26.8519167514429,28.5706084959816,26.2778947368421,-1,316,500
14,26.8519167514429,30.1271186440678,27.5845303867403,-1,316,500
47.65,26.8519167514429,27.0195439739413,24.964,-1,316,500
18.75,26.8519167514429,29.4497041420118,27.017316017316,-1,316,500
6.3,26.8519167514429,31.4403032217309,28.6777713957496,-1,316,500
6.3,26.8519167514429,30.9514925373134,28.2718006795017,-1,316,500
49.55,26.8519167514429,27.0342205323194,24.9764882441221,-1,316,500
4,26.8519167514429,32.0476497102382,29.1805961426067,-1,316,500
37.6,26.8519167514429,27.8511471740346,25.6699228791774,-1,316,500
31.05,26.8519167514429,28.3266932270916,26.0720626631854,-1,316,500
5.4,26.8519167514429,31.5399239543726,28.7603686635945,-1,316,500
94.05,26.8519167514429,22.6742596810934,21.2188695282618,-1,316,500
27.5,26.8519167514429,28.8856645385954,26.5433280170122,-1,316,500
91.3,26.8519167514429,23.0951276102088,21.5858192823173,-1,316,500
72.85,26.8519167514429,25.3282442748091,23.5176636834668,-1,316,500
52.7,26.8519167514429,26.7724583109198,24.7535944471988,-1,316,500
87.05,26.8519167514429,24.0318686624819,22.3992821893226,-1,316,500
76.6,26.8519167514429,25.0352112676056,23.2656104380242,-1,316,500
94.05,26.8519167514429,22.7780320366133,21.3094323516859,-1,316,500
96.2,26.8519167514429,22.1791443850267,20.7860116569525,-1,316,500
39.35,26.8519167514429,27.7270194986072,25.5647721454173,-1,316,500
29.85,26.8519167514429,28.3589743589744,26.0993204391009,-1,316,500
57.25,26.8519167514429,26.4031830238727,24.4385707293196,-1,316,500
86.5,26.8519167514429,23.9048991354466,22.2892857142857,-1,316,500
94.2,26.8519167514429,22.8512396694215,21.3732876712329,-1,316,500
5.25,26.8519167514429,31.9448010269576,29.0955710955711,-1,316,500
83.8,26.8519167514429,24.2662116040955,22.6020823902218,-1,316,500
54,26.8519167514429,26.7149758454107,24.7046016823355,-1,316,500
34.1,48.5571902023442,49.8259897406275,43.1157348494894,0,316,500
29.7,48.5571902023442,50.7673525475166,42.15857138051,0,316,500
99.05,48.5571902023442,41.0958912031115,34.8051918168885,0,316,500
48.65,48.5571902023442,48.6633913828097,42.0325601111213,0,316,500
88.45,48.5571902023442,45.1323019436929,39.1184349156342,0,316,500
79.95,48.5571902023442,46.169355189572,40.2282023469869,0,316,500
45.75,48.5571902023442,49.0535789672242,41.132935017511,0,316,500
94.75,48.5571902023442,44.118111655268,38.5861093518914,0,316,500
37.1,48.5571902023442,49.6134994263875,42.7367379529497,0,316,500
31.55,48.5571902023442,50.1078899355039,42.8674991208774,0,316,500
53,48.5571902023442,48.4241401156969,41.2798149669222,0,316,500
29.6,48.5571902023442,50.4231153270365,42.2389278147842,0,316,500
39.85,48.5571902023442,49.4726952226475,41.4916911592418,0,316,500
75.5,48.5571902023442,46.6759150402881,40.7934272379082,0,316,500
95.6,48.5571902023442,43.146446960605,36.6818898733754,0,316,500
44,48.5571902023442,49.1768324203315,41.3426405073086,0,316,500
7,48.5571902023442,54.2040992320974,44.3067202962604,0,316,500
21.2,48.5571902023442,51.3894099588137,43.4485476161385,0,316,500
39.45,48.5571902023442,49.5153717159754,41.8704475670372,0,316,500
42.9,48.5571902023442,49.1076343455075,42.0473077669478,0,316,500
86.25,48.5571902023442,45.2862179645342,38.7407902857636,0,316,500
14.95,48.5571902023442,52.3944021796702,43.5180367280153,0,316,500
79.15,48.5571902023442,46.3084794297345,40.5077064904868,0,316,500
47.75,48.5571902023442,48.8743899304556,41.6702076376083,0,316,500
56.9,48.5571902023442,48.1393712045971,41.189210976147,0,316,500
66.4,48.5571902023442,47.3468364409391,40.970931659403,0,316,500
99.95,48.5571902023442,38.5040131779673,33.2894427636103,0,316,500
27.75,48.5571902023442,50.9928570015982,41.140930614783,0,316,500
64.95,48.5571902023442,47.4514346825348,41.1523685017615,0,316,500
50.85,48.5571902023442,48.6649165714202,41.3229770622185,0,316,500
80.2,48.5571902023442,45.918299285719,38.9561295693401,0,316,500
46.2,48.5571902023442,48.9007620128768,42.3369136945511,0,316,500
40.85,48.5571902023442,49.323163885958,42.8234625356866,0,316,500
78.9,48.5571902023442,45.9512924718641,38.9822602182341,0,316,500
56,48.5571902023442,48.1878546323127,40.7584957031863,0,316,500
94.25,48.5571902023442,43.2129636461734,36.4424706149906,0,316,500
63,48.5571902023442,47.427888727069,38.6094976070589,0,316,500
28.8,48.5571902023442,50.0252938385848,44.0611808318734,0,316,500
60.75,48.5571902023442,47.9005168521212,41.4945256282977,0,316,500
71.2,48.5571902023442,46.7499138539879,39.564403967768,0,316,500
97.45,48.5571902023442,43.2421655015331,38.0144317837142,0,316,500
58.5,48.5571902023442,47.8203353817489,39.267763703689,0,316,500
53.7,48.5571902023442,48.3719101049087,41.4684825917312,0,316,500
97,48.5571902023442,42.3589983573496,35.1765242849051,0,316,500
61,48.5571902023442,47.8894491688083,41.2381100191199,0,316,500
83.55,48.5571902023442,45.4679066988819,39.4781477415004,0,316,500
93.3,48.5571902023442,44.134103829439,38.5971435553731,0,316,500
23.85,48.5571902023442,51.1111647290192,42.2864285329128,0,316,500
93.4,48.5571902023442,43.6345686673044,37.0986152596826,0,316,500
95.75,48.5571902023442,43.6465636811366,38.0122661835385,0,316,500
5.2,48.5571902023442,54.3393976642127,45.7145218623069,0,316,500
53.95,48.5571902023442,48.2504746346001,41.6783502494278,0,316,500
0.2,48.5571902023442,57.7999227426937,48.9392422381379,0,316,500
83.35,48.5571902023442,45.7982474832078,39.9222126266307,0,316,500
86.4,48.5571902023442,45.2800701347098,38.8432117121171,0,316,500
74,48.5571902023442,46.682523318567,40.0045313964479,0,316,500
89.25,48.5571902023442,44.9414205157524,38.9755757298439,0,316,500
97.6,48.5571902023442,42.6916874103818,36.7740316599944,0,316,500
89.55,48.5571902023442,45.2709015911397,39.885719337,0,316,500
44.5,48.5571902023442,49.0095268107166,42.3075983364131,0,316,500
61.05,48.5571902023442,47.8034274750241,41.2486322475884,0,316,500
76.3,48.5571902023442,46.5498110234566,40.0925492157807,0,316,500
18.2,48.5571902023442,51.4858920683671,44.4899193865377,0,316,500
9.75,48.5571902023442,53.750965088382,43.9815307546241,0,316,500
15.5,48.5571902023442,51.8009644246159,44.2979110934345,0,316,500
52.95,48.5571902023442,48.3693759052013,40.7530580359215,0,316,500
9.7,48.5571902023442,52.8513377145334,44.5063746205937,0,316,500
20,48.5571902023442,51.39111452109,43.7461968040354,0,316,500
53.1,48.5571902023442,48.3680379559698,41.6098569007888,0,316,500
96.8,48.5571902023442,42.9482734895859,37.189793971089,0,316,500
15.4,48.5571902023442,52.5281058639897,43.0392021913476,0,316,500
42.8,48.5571902023442,49.1854777093587,42.1679281956552,0,316,500
59.25,48.5571902023442,47.9372485797923,40.8662740707422,0,316,500
34.55,48.5571902023442,49.8664062004439,43.3066302885082,0,316,500
15.85,48.5571902023442,52.0238896010681,43.683729896115,0,316,500
27.05,48.5571902023442,50.9375385732983,42.1720345933341,0,316,500
78.9,48.5571902023442,46.2489145470417,40.0801085433414,0,316,500
23.1,48.5571902023442,50.7863481370986,43.8383700777599,0,316,500
26.9,48.5571902023442,50.8233177033611,42.3503694274935,0,316,500
71.6,48.5571902023442,46.7712153636395,39.6194348562753,0,316,500
28.4,48.5571902023442,50.3203817972532,43.3876884785719,0,316,500
15.35,48.5571902023442,52.669512829759,42.9349753934157,0,316,500
16.15,48.5571902023442,51.7226770542856,43.9783899932288,0,316,500
16.85,48.5571902023442,51.8621598915215,43.3904550335066,0,316,500
4.6,48.5571902023442,55.2317335055898,44.9557440246849,0,316,500
5.1,48.5571902023442,54.6272773117818,44.679742969273,0,316,500
87.5,48.5571902023442,45.0643652549473,38.6788813081535,0,316,500
94.15,48.5571902023442,44.0547724690103,38.2669102162446,0,316,500
99.8,48.5571902023442,40.3842545546358,34.6017356936149,0,316,500
81.2,48.5571902023442,45.7313505543478,39.0130307839291,0,316,500
13.6,48.5571902023442,52.4761237513203,43.9689713184296,0,316,500
78.35,48.5571902023442,46.3566624057319,40.1484489899354,0,316,500
13.6,48.5571902023442,52.4045317980254,43.7690358332084,0,316,500
8.3,48.5571902023442,53.1849934802842,44.9410791358493,0,316,500
61.95,48.5571902023442,47.7166702473679,40.8494978019482,0,316,500
42.8,48.5571902023442,49.2967976272839,41.3841095759011,0,316,500
56.25,48.5571902023442,48.1033284265644,42.0965748555321,0,316,500
20.15,48.5571902023442,51.467421085363,43.4707105132745,0,316,500
33.85,48.5571902023442,49.9892076233799,42.3358129598983,0,316,500
75.7,48.5571902023442,46.5066298054221,39.8548665197956,0,316,500
32.1,48.5571902023442,49.9569012982165,43.6046445466733,0,316,500
1.25,48.5571902023442,55.8664007266477,47.8113899401799,0,316,500
82.45,48.5571902023442,45.8510041578656,39.992847987654,0,316,500
78.75,48.5571902023442,46.0553210591901,38.9096647043892,0,316,500
91.2,48.5571902023442,44.9072035028212,39.008625430374,0,316,500
87.1,48.5571902023442,45.0359781260996,38.3474506106121,0,316,500
16.55,48.5571902023442,51.7547031032481,43.6801191787858,0,316,500
1.85,48.5571902023442,55.9070610645662,47.210012202164,0,316,500
40.55,48.5571902023442,49.4499642286995,41.9970131550469,0,316,500
95.35,48.5571902023442,43.4509527030706,37.1670353779075,0,316,500
90.1,48.5571902023442,44.9772513100237,39.1374167805665,0,316,500
8.7,48.5571902023442,52.5998365943586,45.4907598499127,0,316,500
71.35,48.5571902023442,46.8623055346654,40.7811453840898,0,316,500
85.7,48.5571902023442,45.2156537084196,38.2942956860342,0,316,500
84.25,48.5571902023442,45.5102078066245,39.2239120785139,0,316,500
21.7,48.5571902023442,51.4868759389947,42.6316754920921,0,316,500
61.95,48.5571902023442,47.7342270308999,41.7864466123916,0,316,500
17.75,48.5571902023442,51.3131680132219,43.979828778695,0,316,500
88.1,48.5571902023442,44.8272100211635,38.3456484885112,0,316,500
59.5,48.5571902023442,47.8701774104578,40.042693650233,0,316,500
59,48.5571902023442,47.8529433151943,40.329430617002,0,316,500
89.65,48.5571902023442,44.6221651713336,38.1359501309266,0,316,500
80.95,48.5571902023442,45.3618967387026,37.0229408708432,0,316,500
85.75,48.5571902023442,45.2657006471131,38.8832718063661,0,316,500
15.4,48.5571902023442,52.3295889592957,42.9766990041685,0,316,500
99.85,48.5571902023442,40.728030318385,35.7358553370267,0,316,500
34.15,48.5571902023442,49.9922780276784,42.5781613623028,0,316,500
44.75,48.5571902023442,49.0784097881957,41.7408653842943,0,316,500
16.4,48.5571902023442,51.6679766753865,43.7616017108969,0,316,500
93.25,48.5571902023442,43.9565265284736,37.5377355994956,0,316,500
69.85,48.5571902023442,46.949080888358,40.8042853952721,0,316,500
99.65,48.5571902023442,40.0248921112975,33.8114041446335,0,316,500
27.5,48.5571902023442,50.4745748643777,43.4083522741481,0,316,500
79.45,48.5571902023442,46.1823948940879,40.2587771405826,0,316,500
46.1,48.5571902023442,48.9982492520341,41.7292626801582,0,316,500
22.9,48.5571902023442,51.1376780554537,42.826502337535,0,316,500
96,48.5571902023442,43.1111214461186,36.3671592576568,0,316,500
79.15,48.5571902023442,45.9315742530818,39.276768078436,0,316,500
54.85,48.5571902023442,48.3467326682713,42.3999418573517,0,316,500
96.65,48.5571902023442,42.9003374142287,36.6119991434856,0,316,500
70,48.5571902023442,47.1292724260473,41.2196202624217,0,316,500
41.1,48.5571902023442,49.3484817263948,42.2164311648077,0,316,500
36.4,48.5571902023442,49.7283559424365,42.8546793081481,0,316,500
90.65,48.5571902023442,44.155064481156,37.1248635512802,0,316,500
65.5,48.5571902023442,47.3977142011135,39.7594855735723,0,316,500
32,48.5571902023442,50.0096606090724,42.7626873385725,0,316,500
62.4,48.5571902023442,47.6780343742509,41.2426858462316,0,316,500
21.9,48.5571902023442,50.9980151633816,43.1909584334474,0,316,500
90.6,48.5571902023442,44.9016708975445,38.9383064864383,0,316,500
8.5,48.5571902023442,52.9603811179953,44.700330786944,0,316,500
71.4,48.5571902023442,46.8367233147096,39.9992015134419,0,316,500
63.15,48.5571902023442,47.5854412716573,41.6015241082321,0,316,500
12.4,48.5571902023442,51.9572446073394,45.0663618489339,0,316,500
4.6,48.5571902023442,54.321649271533,45.4699098192272,0,316,500
75.45,48.5571902023442,46.3251038664903,39.0384183184484,0,316,500
36,48.5571902023442,49.6550260827065,43.2700479192254,0,316,500
71.7,48.5571902023442,46.7143018817763,40.2557542079115,0,316,500
86.05,48.5571902023442,44.9367174613311,37.6406252757291,0,316,500
99.25,48.5571902023442,42.290071551505,36.9854234014958,0,316,500
95.55,48.5571902023442,43.0151556663969,36.6914548644343,0,316,500
10.65,48.5571902023442,52.90292975868,44.7118014578966,0,316,500
20.4,48.5571902023442,51.4823310172063,43.3108993261394,0,316,500
15.15,48.5571902023442,52.1362138322552,43.7918530526592,0,316,500
14.8,48.5571902023442,52.2306252963401,43.6812772808605,0,316,500
34,48.5571902023442,50.091949069738,41.6005101746742,0,316,500
70.6,48.5571902023442,46.8025466615742,39.7210921706115,0,316,500
99.8,48.5571902023442,41.7009516668672,36.7832470192703,0,316,500
4.05,48.5571902023442,53.8368288750113,46.1494815788197,0,316,500
94.75,48.5571902023442,43.9121613074956,38.4596039629607,0,316,500
83.2,48.5571902023442,45.775675691415,39.6990289453959,0,316,500
88.45,48.5571902023442,44.686138999525,37.4196617252132,0,316,500
90.9,48.5571902023442,44.6636813887992,38.4381440926143,0,316,500
14.35,48.5571902023442,51.9497121486046,44.3712607015148,0,316,500
88.6,48.5571902023442,44.8136670883296,38.1792716265078,0,316,500
69.95,48.5571902023442,47.1042120403816,40.7375507020024,0,316,500
18.65,48.5571902023442,51.704355309935,43.391683736152,0,316,500
34.75,48.5571902023442,50.0548943370696,42.2761025459103,0,316,500
78.6,48.5571902023442,46.058103375143,39.0575868157179,0,316,500
17.6,48.5571902023442,51.889743438638,43.7459190389916,0,316,500
56.85,48.5571902023442,48.0984972911734,41.2578831202504,0,316,500
33.5,48.5571902023442,50.179156573678,41.9082240849049,0,316,500
3.05,48.5571902023442,55.7128689464243,45.9073684470701,0,316,500
75.2,48.5571902023442,46.5812188466972,40.209076322958,0,316,500
14.85,48.5571902023442,52.2742294840916,43.4865415374682,0,316,500
61.3,48.5571902023442,47.6416379390396,40.1547108726238,0,316,500
65.85,48.5571902023442,47.3579914316993,40.1477612818249,0,316,500
95.7,48.5571902023442,43.2233275597839,37.0596215058586,0,316,500
66.45,48.5571902023442,47.0908268643151,38.703137318498,0,316,500
36.95,48.5571902023442,49.6533547927904,42.3256637900115,0,316,500
12.65,48.5571902023442,52.0660485160546,44.4712816013823,0,316,500
34.4,48.5571902023442,49.8813221351866,42.4458299279005,0,316,500
99.95,48.5571902023442,38.9007183263709,34.0599480041546,0,316,500
100,48.5571902023442,39.314332197142,34.5692491605098,0,316,500
89.1,48.5571902023442,44.7995642948888,38.064333325767,0,316,500
91.35,48.5571902023442,44.6395607331883,38.907122575278,0,316,500
82.3,48.5571902023442,45.6297951644349,38.2971126186169,0,316,500
91.25,48.5571902023442,44.7613782054559,38.6124016677589,0,316,500
77.15,48.5571902023442,46.3787463464865,40.0236270332214,0,316,500
57,48.5571902023442,48.0466389969289,40.9896137201373,0,316,500
97.9,48.5571902023442,42.6556263347644,37.2394032152864,0,316,500
82.8,48.5571902023442,45.7076552760791,39.1294215341319,0,316,500
39.9,48.5571902023442,49.5295106228793,42.3532273316054,0,316,500
12.8,48.5571902023442,52.2049926134301,44.8484756321987,0,316,500
75.4,48.5571902023442,46.7078194339241,40.5642574365543,0,316,500
72.45,48.5571902023442,46.7872133065225,39.7646296223708,0,316,500
3.75,48.5571902023442,53.8482803432275,46.4895282021514,0,316,500
85.6,48.5571902023442,45.3496515649014,39.4133327786679,0,316,500
79.45,48.5571902023442,45.9438217028093,39.3034482978664,0,316,500
33.35,48.5571902023442,49.9114446599377,42.745144552245,0,316,500
46.2,48.5571902023442,48.9021789044286,42.7494310749097,0,316,500
35.1,48.5571902023442,50.1580757485624,40.9836765757441,0,316,500
48.7,48.5571902023442,48.672807156167,41.0325114524078,0,316,500
51.65,48.5571902023442,48.4196111861001,41.3802605900623,0,316,500
72.65,48.5571902023442,46.5982651149978,39.2315739869601,0,316,500
24.5,48.5571902023442,50.8319046433398,43.7558398226639,0,316,500
63.55,48.5571902023442,47.5554236939089,40.6867346514039,0,316,500
10.35,48.5571902023442,53.0179363574449,44.7852777657508,0,316,500
41.7,48.5571902023442,49.1578953730561,42.5806277426787,0,316,500
7.5,48.5571902023442,53.2685803268589,45.2226187968473,0,316,500
99.9,48.5571902023442,40.9178485694132,36.2560597046451,0,316,500
53.55,48.5571902023442,48.4623675876773,40.1736820159794,0,316,500
66.05,48.5571902023442,47.2603822362837,39.4448210532545,0,316,500
79.5,48.5571902023442,45.7687591127042,38.0808568609944,0,316,500
91.9,48.5571902023442,44.5267973829918,38.5948041585854,0,316,500
23.8,48.5571902023442,51.1258854752424,42.8344090620739,0,316,500
65.1,48.5571902023442,47.4757542970482,41.1823495424062,0,316,500
95.15,48.5571902023442,42.4833211197971,34.939355041435,0,316,500
89.5,48.5571902023442,44.8552080788499,38.5034767448477,0,316,500
92.55,48.5571902023442,44.4396464174369,38.2147097767346,0,316,500
58,48.5571902023442,48.1004763588471,40.9291612010816,0,316,500
96.6,48.5571902023442,43.8264708369958,38.6389680260767,0,316,500
32.85,48.5571902023442,49.8609766427958,43.1854833986933,0,316,500
52.25,48.5571902023442,48.4540635860162,41.6668933742038,0,316,500
88.95,48.5571902023442,45.0017963583403,39.2211762240093,0,316,500
59,48.5571902023442,47.8057042816566,40.1441452529592,0,316,500
30,48.5571902023442,50.7665017468212,41.2916471623505,0,316,500
91,48.5571902023442,44.9016343355494,39.2963842086998,0,316,500
94.35,48.5571902023442,43.9851168110847,38.0116527203169,0,316,500
22.3,48.5571902023442,51.1476057560883,43.276677568443,0,316,500
98.5,48.5571902023442,42.9569762057339,37.9727131895311,0,316,500
100,48.5571902023442,38.2428885684358,33.8090617822247,0,316,500
87.2,48.5571902023442,45.0193460350909,38.3436337839296,0,316,500
24.6,48.5571902023442,50.8286999996196,42.5846730487245,0,316,500
1.9,48.5571902023442,55.7763754632855,47.3079658223836,0,316,500
53.05,48.5571902023442,48.4116915302246,40.9427795141024,0,316,500
99.15,48.5571902023442,41.9729046180068,36.7086930684241,0,316,500
66.15,48.5571902023442,47.1789092028236,38.5236546670766,0,316,500
21.85,48.5571902023442,51.5219459904024,42.8609333812369,0,316,500
91.7,48.5571902023442,44.7455321792493,39.1686142282324,0,316,500
87.1,48.5571902023442,45.0732054125937,38.5414857909304,0,316,500
12.65,48.5571902023442,52.109016947424,44.4703662216867,0,316,500
24.35,48.5571902023442,50.5844465875562,44.1395683944565,0,316,500
47.6,48.5571902023442,48.9091008041308,41.6609030509905,0,316,500
8.3,48.5571902023442,52.9938436928143,45.4555534578993,0,316,500
82.5,48.5571902023442,45.728236424406,39.3531238575448,0,316,500
54.3,48.5571902023442,48.2965104019003,40.9271711412826,0,316,500
73.5,48.5571902023442,46.6687566048211,39.8048189436677,0,316,500
1.75,48.5571902023442,55.6314163250338,47.4712348037729,0,316,500
44.9,48.5571902023442,49.0219338163369,42.0076799090841,0,316,500
65.7,48.5571902023442,47.5358962503713,41.2126210288636,0,316,500
24.75,48.5571902023442,51.2749545733733,42.2012323903585,0,316,500
66.1,48.5571902023442,47.3743309521484,40.1567665118424,0,316,500
89.2,48.5571902023442,44.7267681914908,38.451300091132,0,316,500
4.3,48.5571902023442,54.8960379380512,45.2718490683725,0,316,500
87.55,48.5571902023442,45.2851679302769,39.208502403402,0,316,500
62.2,48.5571902023442,47.6215947618878,41.208205390743,0,316,500
76,48.5571902023442,46.5008953517679,40.3172146389602,0,316,500
100,48.5571902023442,37.9415024528379,33.5782198657802,0,316,500
1.65,48.5571902023442,55.8431313380169,47.0257079305589,0,316,500
87,48.5571902023442,44.9783707479721,38.5238736828103,0,316,500
98.1,48.5571902023442,42.3786447572628,36.4725882336455,0,316,500
17,48.5571902023442,52.2492669110411,42.9642718070546,0,316,500
24,48.5571902023442,51.232858758532,42.269527417707,0,316,500
99.95,48.5571902023442,39.1699123312986,34.3555504979091,0,316,500
97.45,48.5571902023442,43.3124562794768,37.8506574263804,0,316,500
74.7,48.5571902023442,46.2605700209951,38.3943575068128,0,316,500
68.35,48.5571902023442,46.9792814073789,39.0771056369967,0,316,500
66.35,48.5571902023442,47.2480912601776,39.9985766245486,0,316,500
47.65,48.5571902023442,48.9318278860963,40.9938784393019,0,316,500
11.7,48.5571902023442,52.0872027188227,45.6294474132489,0,316,500
46.45,48.5571902023442,48.8851103664733,42.1113820056622,0,316,500
84.35,48.5571902023442,45.2970421001909,38.4477137812757,0,316,500
83.3,48.5571902023442,45.6331654559663,39.0280074334781,0,316,500
89.05,48.5571902023442,44.7975425388235,38.6728160146225,0,316,500
13.5,48.5571902023442,51.9180159505396,44.8347609573992,0,316,500
10.6,48.5571902023442,52.6145207720764,44.9299279540787,0,316,500
76.2,48.5571902023442,46.3786315379764,39.217351447345,0,316,500
92.75,48.5571902023442,44.0337946167284,37.3725596627061,0,316,500
32.5,48.5571902023442,50.0276956865951,43.1731098789005,0,316,500
28.4,48.5571902023442,50.2605344365378,43.5409120321188,0,316,500
31.3,48.5571902023442,50.1430891282859,42.4004935141514,0,316,500
54.2,48.5571902023442,48.225614098005,40.5753914906717,0,316,500
52.75,48.5571902023442,48.389456968667,41.5338316818951,0,316,500
78.9,48.5571902023442,46.157591703701,39.6158738087941,0,316,500
96.8,48.5571902023442,43.8767115439764,38.5878167861339,0,316,500
98.85,48.5571902023442,42.4840307273683,37.3538133418171,0,316,500
31.5,48.5571902023442,50.2281837416958,42.5048960408087,0,316,500
70.35,48.5571902023442,46.9514318270463,40.0659717984486,0,316,500
79.15,48.5571902023442,46.2283653460119,40.1586792196964,0,316,500
86.2,48.5571902023442,45.5308660624754,39.0718117794867,0,316,500
88.05,48.5571902023442,45.0894017172377,38.746449811106,0,316,500
22.9,48.5571902023442,51.0148110108517,43.3005738974366,0,316,500
58.5,48.5571902023442,47.9436752215468,41.0579733305322,0,316,500
99.85,48.5571902023442,39.1355287969725,33.3109851440828,0,316,500
54.4,48.5571902023442,48.2797724608689,41.9456250479184,0,316,500
83.75,48.5571902023442,45.5261980763792,38.7694417404354,0,316,500
10.2,48.5571902023442,52.3430595388768,45.1541491668959,0,316,500
29.8,48.5571902023442,50.3263764343516,42.4477128838232,0,316,500
50.35,48.5571902023442,48.5792031012211,40.569614123151,0,316,500
81.4,48.5571902023442,45.8604422002267,39.2687786072883,0,316,500
65.15,48.5571902023442,47.3463274757759,39.9323764008866,0,316,500
32.8,48.5571902023442,50.2580671088932,41.3104635603621,0,316,500
83.8,48.5571902023442,45.7678298041415,39.7079844542788,0,316,500
99.55,48.5571902023442,42.2028614323289,37.1290480779737,0,316,500
39.2,48.5571902023442,49.529529854735,42.4626358942457,0,316,500
90.85,48.5571902023442,44.8942952032436,39.2653532900618,0,316,500
83.8,48.5571902023442,45.6168603550618,39.4290295706221,0,316,500
39.65,48.5571902023442,49.639233140855,40.6396631291675,0,316,500
84.8,48.5571902023442,45.7674948979265,39.7954031062939,0,316,500
91.95,48.5571902023442,44.1302655164611,38.1723158745815,0,316,500
99.75,48.5571902023442,41.9232616897388,37.5498874361471,0,316,500
0.3,48.5571902023442,57.9159838555151,49.0887296962048,0,316,500
99.1,48.5571902023442,41.648749153358,36.1312834079917,0,316,500
21,48.5571902023442,51.0788357698749,43.289698671556,0,316,500
52.5,48.5571902023442,48.4509662576072,42.7129382255672,0,316,500
67.65,48.5571902023442,47.3810794349163,41.7556655152464,0,316,500
68.65,48.5571902023442,46.9056177133718,38.4408046425851,0,316,500
73.85,48.5571902023442,46.6522930854829,40.3214395955339,0,316,500
90.45,48.5571902023442,44.8451490399208,39.2064879324833,0,316,500
73.6,48.5571902023442,46.7550235839377,40.7641399802863,0,316,500
95.7,48.5571902023442,43.6193046657327,37.9129593869722,0,316,500
24.35,48.5571902023442,51.3415515068057,42.4638898993819,0,316,500
14.2,48.5571902023442,52.0778489640263,44.7566678465846,0,316,500
77.45,48.5571902023442,46.1875731108775,39.2688558539983,0,316,500
33.75,48.5571902023442,50.37462713105,40.8734977228988,0,316,500
96.75,48.5571902023442,43.4804137420839,38.2821997439722,0,316,500
20.75,48.5571902023442,51.5621248741148,42.9470153133271,0,316,500
74.7,48.5571902023442,46.4995706584615,39.5867508523841,0,316,500
99.65,48.5571902023442,40.9098550993462,35.6898299373017,0,316,500
82.5,48.5571902023442,45.9281720134542,39.7184139653663,0,316,500
15.55,48.5571902023442,51.6813373872112,44.4240811134938,0,316,500
99,48.5571902023442,42.3268428065515,37.2383313020999,0,316,500
38.55,48.5571902023442,49.5302035363156,42.6182172553354,0,316,500
91.85,48.5571902023442,44.4867247855536,38.5152308867553,0,316,500
93.1,48.5571902023442,43.6548882594284,37.0509728858729,0,316,500
50.35,48.5571902023442,48.5454870341343,41.6916932947306,0,316,500
31.1,48.5571902023442,50.2427914333796,42.6692779645345,0,316,500
41.4,48.5571902023442,49.2843636780262,42.7176466157322,0,316,500
0.6,48.5571902023442,58.8983698634116,46.9850906165216,0,316,500
13.55,48.5571902023442,52.1320688989868,43.8555664597216,0,316,500
12.7,48.5571902023442,53.4511667304361,43.5794011989223,0,316,500
41.3,48.5571902023442,49.1601747405685,42.4756046345482,0,316,500
97.35,48.5571902023442,43.8326170387629,38.8340837461201,0,316,500
51.9,48.5571902023442,48.4862239365112,42.2165948920512,0,316,500
12.35,48.5571902023442,52.8701843130422,43.9057873933202,0,316,500
25.7,48.5571902023442,50.7857370478321,43.0549730769154,0,316,500
70.85,48.5571902023442,46.7301051300948,39.4342312524495,0,316,500
89.25,48.5571902023442,45.2050594648115,39.4395851505225,0,316,500
96.65,48.5571902023442,43.5186599524978,38.2255348515408,0,316,500
76.95,48.5571902023442,46.4263361196341,40.2305242481478,0,316,500
84.85,48.5571902023442,45.399372566124,39.1319613105001,0,316,500
75.45,48.5571902023442,46.6085256434941,40.3391016585679,0,316,500
85.8,48.5571902023442,45.3627343262284,39.0181632791783,0,316,500
57.7,48.5571902023442,48.0558367924107,40.3403395937994,0,316,500
84.65,48.5571902023442,45.4285280008699,38.9732752916333,0,316,500
64.35,48.5571902023442,47.554324440852,40.7510686757757,0,316,500
47.1,48.5571902023442,48.835149422075,41.0561010386714,0,316,500
61.75,48.5571902023442,47.707597009718,41.1763760198922,0,316,500
17.5,48.5571902023442,51.6208706183639,43.9437882375496,0,316,500
66.2,48.5571902023442,47.4597889057261,41.1363587218387,0,316,500
98.15,48.5571902023442,41.6907343089217,35.3037699173524,0,316,500
35.95,48.5571902023442,49.6455126873347,43.3989882796877,0,316,500
44.75,48.5571902023442,49.1748792491978,41.1402948755611,0,316,500
96.35,48.5571902023442,42.8007317109119,36.6215375972026,0,316,500
1.8,48.5571902023442,56.3312048004337,47.1440606576116,0,316,500
30.95,48.5571902023442,50.1135404747864,43.0987201208226,0,316,500
82.2,48.5571902023442,45.9351386258666,39.2329973306846,0,316,500
36.2,48.5571902023442,49.6667892519635,42.9684341085092,0,316,500
72,48.5571902023442,46.6877923202243,39.2170901859597,0,316,500
61.2,48.5571902023442,47.8339486661746,41.1342275043589,0,316,500
27.85,48.5571902023442,50.7306012884698,42.1306552433077,0,316,500
72.25,48.5571902023442,46.7737540442844,39.3818969440725,0,316,500
94.85,48.5571902023442,43.6096519610718,37.3388339687316,0,316,500
56.8,48.5571902023442,48.117398953234,42.2616595886621,0,316,500
84.05,48.5571902023442,45.0992389755463,37.7855443730039,0,316,500
99.6,48.5571902023442,41.5184531690375,36.2281859926153,0,316,500
70.1,48.5571902023442,46.9704594875633,40.3666682532456,0,316,500
5,48.5571902023442,53.9731006569126,45.6055411626339,0,316,500
75.65,48.5571902023442,46.3992252999779,39.5376318194291,0,316,500
46.25,48.5571902023442,48.9715827153328,40.8896884719629,0,316,500
43.35,48.5571902023442,49.0609949171421,42.4690202359903,0,316,500
91.35,48.5571902023442,43.8840396342994,36.9734988426986,0,316,500
94.8,48.5571902023442,43.4842125854291,36.988503074387,0,316,500
12.95,48.5571902023442,53.0454335972914,43.5638284743055,0,316,500
61.85,48.5571902023442,47.6399149583781,40.0831908722173,0,316,500
92.5,48.5571902023442,44.3462725917065,37.9155244867022,0,316,500
95.7,48.5571902023442,43.0768370807969,36.6614432703754,0,316,500
72.7,48.5571902023442,46.6763713969338,39.8611675002767,0,316,500
40.2,48.5571902023442,49.242812241425,43.1099329248121,0,316,500
13.95,48.5571902023442,52.7072267407524,43.2152753320986,0,316,500
61.75,48.5571902023442,47.6134241325545,40.734881460974,0,316,500
14.3,48.5571902023442,51.5799608918793,44.9302141131101,0,316,500
72,48.5571902023442,46.8852727707898,41.1861589820022,0,316,500
79.05,48.5571902023442,46.2214435802681,39.8472836730721,0,316,500
46.5,48.5571902023442,48.9776974086455,42.1486645234932,0,316,500
68.9,48.5571902023442,47.1479709271985,40.3174533921458,0,316,500
98.1,48.5571902023442,42.5544177509278,37.4709038180914,0,316,500
0,48.5571902023442,58.4010263552518,49.2462400660627,0,316,500
79.05,48.5571902023442,46.2495149933196,40.1640025635822,0,316,500
93.9,48.5571902023442,44.0500816460619,38.015962566809,0,316,500
58,48.5571902023442,48.0028300955713,41.4736046326993,0,316,500
81,48.5571902023442,45.5109089625715,37.9621393378126,0,316,500
85.5,48.5571902023442,45.3682914763547,38.7205328711737,0,316,500
69.9,48.5571902023442,47.0212688989847,40.5748009084398,0,316,500
74.3,48.5571902023442,46.2307688150194,37.8976448456745,0,316,500
63.05,48.5571902023442,47.4986529382736,39.3579678385839,0,316,500
92,48.5571902023442,44.6232617101092,38.9644912779817,0,316,500
91.35,48.5571902023442,44.7542414615317,39.0046004758374,0,316,500
46.95,48.5571902023442,48.9542568795826,41.3239475726316,0,316,500
42.95,48.5571902023442,49.1705360571635,42.2243893389294,0,316,500
12,48.5571902023442,52.6185994979809,44.4933165530837,0,316,500
90.15,48.5571902023442,44.4160825050724,37.5227972816984,0,316,500
45.5,48.5571902023442,48.9467526525924,41.8369302543986,0,316,500
95.5,48.5571902023442,43.6909041382323,37.8192975880661,0,316,500
47.7,48.5571902023442,48.8289691686596,42.1314194447629,0,316,500
0.35,48.5571902023442,57.9911083103528,47.3911159940703,0,316,500
71.7,48.5571902023442,47.0993840010066,41.0966185110202,0,316,500
98.75,48.5571902023442,42.1592828516531,36.6172953905362,0,316,500
44.4,48.5571902023442,48.9702230449768,42.3903190160382,0,316,500
56,48.5571902023442,48.1916899739545,42.1013565686731,0,316,500
51.35,48.5571902023442,48.5147541744913,41.6709031027466,0,316,500
84.75,48.5571902023442,45.2130046899827,38.4181063719545,0,316,500
75.65,48.5571902023442,46.3675300619278,39.4391088620567,0,316,500
15.2,48.5571902023442,52.25235172862,43.7421539317946,0,316,500
97,48.5571902023442,43.0505842044873,37.3187328983394,0,316,500
52.95,48.5571902023442,48.4275683830425,40.6844871590757,0,316,500
56.15,48.5571902023442,48.1002630638771,41.4740458734312,0,316,500
82.1,48.5571902023442,45.9891561784418,40.240804239672,0,316,500
94.25,48.5571902023442,43.6539283234255,37.6423739672071,0,316,500
42.9,48.5571902023442,49.1042636361644,42.3245723286174,0,316,500
40,48.5571902023442,49.5099730276325,41.4003623104533,0,316,500
41.45,48.5571902023442,49.3591209384353,41.1989839508862,0,316,500
68.7,48.5571902023442,47.2384208258319,41.757181524868,0,316,500
98.1,48.5571902023442,42.6721230845473,36.7527865033417,0,316,500
95.6,48.5571902023442,43.7462241074141,37.7826406502498,0,316,500
88.4,48.5571902023442,44.8038522313596,38.5456417148807,0,316,500
51.1,48.5571902023442,48.4847046822442,41.6468188659254,0,316,500
88.3,48.5571902023442,44.7108757725106,38.0707884827617,0,316,500
80.4,48.5571902023442,46.1055916670119,40.2376462338263,0,316,500
22.45,48.5571902023442,51.4493674351811,42.6269973742585,0,316,500
97.4,48.5571902023442,43.7387865591343,38.3682650652968,0,316,500
40.05,48.5571902023442,49.4186383280985,42.7461860348707,0,316,500
80.9,48.5571902023442,45.7294128079233,38.6979725423662,0,316,500
22,48.5571902023442,51.0128209537542,43.9092928296271,0,316,500
62.4,48.5571902023442,47.5488533845725,40.2939147758331,0,316,500
81.5,48.5571902023442,45.908988628087,39.5643423099012,0,316,500
91.15,48.5571902023442,45.0231366614536,39.7958178244832,0,316,500
17.95,48.5571902023442,51.4118728550794,44.5991235803216,0,316,500
87.45,48.5571902023442,44.8936366548779,38.2102500356728,0,316,500
3.05,48.5571902023442,54.2365047823044,46.3824864299831,0,316,500
96.4,48.5571902023442,43.2426239277948,37.2170989722705,0,316,500
13.75,48.5571902023442,52.1647006136807,44.2596265136877,0,316,500
73.8,48.5571902023442,46.3617000817296,38.2680122863529,0,316,500
91.2,48.5571902023442,43.8177268472666,36.4291690710714,0,316,500
99.55,48.5571902023442,41.4664370537402,36.4347657535427,0,316,500
83.05,48.5571902023442,45.648843703735,39.5859343467854,0,316,500
98.9,48.5571902023442,41.506997436665,35.3458046824212,0,316,500
5.2,48.5571902023442,53.8195605752367,45.8674006135729,0,316,500
20.6,48.5571902023442,51.1051954593985,43.8421169226591,0,316,500
19.2,48.5571902023442,51.3095482745445,43.8018789379269,0,316,500
29.6,48.5571902023442,50.5351877779501,42.5509893633823,0,316,500
81.9,48.5571902023442,45.5149371127139,37.7820791125564,0,316,500
20.65,48.5571902023442,50.9272620350377,44.3200781555627,0,316,500
30.45,48.5571902023442,50.1557532080753,42.6973114990699,0,316,500
63.6,48.5571902023442,47.4670773854373,39.9053307699182,0,316,500
46.6,48.5571902023442,48.8375695492424,41.8937192488812,0,316,500
73,48.5571902023442,46.659730160131,39.2335002225542,0,316,500
27.2,48.5571902023442,50.3826743063919,42.8645475000427,0,316,500
24.6,48.5571902023442,50.7195564853371,43.3505495583666,0,316,500
99.7,48.5571902023442,41.4804226065702,36.4939844874569,0,316,500
71.15,48.5571902023442,46.9363067555519,40.6856107031662,0,316,500
81.25,48.5571902023442,45.6925523567021,38.7940183011961,0,316,500
46,48.5571902023442,49.0708888012097,40.5878474522476,0,316,500
15.5,48.5571902023442,51.6779411890487,44.3170439550833,0,316,500
78.4,48.5571902023442,46.0680868047227,38.7344085893401,0,316,500
99.85,48.5571902023442,40.0855111878835,34.4601245344351,0,316,500
35.4,48.5571902023442,50.0357243125684,41.5681121183051,0,316,500
95.4,48.5571902023442,42.7410676512427,35.0715826267132,0,316,500
77.6,48.5571902023442,46.6159309231192,40.4708541250321,0,316,500
50.8,48.5571902023442,48.6308982201921,39.3514467582749,0,316,500
38.6,48.5571902023442,49.5029932900332,42.7667767313873,0,316,500
28.95,48.5571902023442,50.2769485480559,43.139775789194,0,316,500
87.85,48.5571902023442,44.752560575653,37.9093142014235,0,316,500
3.5,48.5571902023442,55.5624307117174,45.3758219814956,0,316,500
89.35,48.5571902023442,45.1635484053624,39.4388514617301,0,316,500
42.75,48.5571902023442,49.3071218178232,41.3104463510618,0,316,500
35.75,48.5571902023442,49.7652371293072,42.4333564027372,0,316,500
4.95,48.5571902023442,53.2531452137328,46.3576694674197,0,316,500
81.6,48.5571902023442,46.0026094060137,39.6462044485968,0,316,500
63.6,48.5571902023442,47.3651637421564,39.3139314666485,0,316,500
97.3,120,93.4694422468354,74,1,316,500
99,120,83.357163406214,67,1,316,500
87.25,120,103.957871835443,71,1,316,500
96.95,120,94.7183544303797,76,1,316,500
97.85,120,89.8330696202532,71,1,316,500
92.2,120,98.2958860759494,69,1,316,500
99,120,88.7376384493671,75,1,316,500
98.35,120,88.9367088607595,69,1,316,500
93.8,120,97.3662974683544,71,1,316,500
97.3,120,91.9802215189873,70,1,316,500
99.6,120,78.9960443037975,69,1,316,500
84.15,120,106.058422590068,76,1,316,500
97.3,120,90.2817672833496,70,1,316,500
98.85,120,86.6479430379747,72,1,316,500
92.6,120,100.098964326812,74,1,316,500
99.7,120,77.4221032132425,65,1,316,500
98.95,120,82.0771360759494,67,1,316,500
97.25,120,92.2817672833496,72,1,316,500
97.95,120,87.2817672833496,67,1,316,500
98.1,120,84.9920886075949,65,1,316,500
99.6,120,75.5348101265823,64,1,316,500
99.35,120,78.4572784810127,65,1,316,500
99.35,120,83.2911392405063,70,1,316,500
99.6,120,83.5685376415723,72,1,316,500
99.45,120,80.0929588607595,70,1,316,500
97.45,120,93.4694422468354,74,1,316,500
99.65,120,82.840676728335,69,1,316,500
97.7,120,87.0696202531646,64,1,316,500
99.8,120,78.9964398734177,70,1,316,500
93.95,120,99.4620253164557,77,1,316,500
99.2,120,84.7274758004468,73,1,316,500
99.85,120,77.0026700949367,68,1,316,500
81.4,120,107.523590333717,72,1,316,500
98.2,120,91.5775316455696,74,1,316,500
95.7,120,93.9693613348677,70,1,316,500
92.65,120,100.066455696203,76,1,316,500
99.3,120,84.2405063291139,70,1,316,500
99.05,120,85.2310126582279,68,1,316,500
99.05,120,85.3359298928919,70,1,316,500
97.25,120,89.971914556962,68,1,316,500
66.25,120,116.417721518987,73,1,316,500
99.25,120,83.9940664556962,69,1,316,500
93.75,120,98.4224683544304,74,1,316,500
99.4,120,78.8520569620253,66,1,316,500
84.55,120,105.693037974684,72,1,316,500
90.8,120,102.07753164557,74,1,316,500
97.65,120,90.9430379746835,73,1,316,500
99.4,120,84.7376384493671,71,1,316,500
99.2,120,80.357163406214,64,1,316,500
99.05,120,84.7376384493671,71,1,316,500
98.25,120,92.5775316455696,75,1,316,500
98.75,120,87.0822784810127,71,1,316,500
98.45,120,88.8330696202532,70,1,316,500
99.25,120,83.2405063291139,69,1,316,500
99.85,120,72.345332278481,63,1,316,500
98.9,120,88.1902457185406,74,1,316,500
92.75,120,98.2958860759494,69,1,316,500
99.55,120,77.4221032132425,65,1,316,500
57.7,120,120.574367088608,74,1,316,500
99.5,120,76.2887658227848,66,1,316,500
94.7,120,95.3662974683544,69,1,316,500
91.65,120,100.295886075949,71,1,316,500
99.15,120,84.4018987341772,71,1,316,500
94.7,120,95.4752768987342,68,1,316,500
98.95,120,87.6965356429047,75,1,316,500
98.6,120,88.1242807825086,70,1,316,500
81.65,120,105.938884493671,67,1,316,500
98.05,120,90.1028481012658,70,1,316,500
99.75,120,78.2887658227848,68,1,316,500
78,120,109.106300345224,71,1,316,500
88.7,120,100.031501726122,67,1,316,500
99.3,120,79.4604430379747,67,1,316,500
76.05,120,110.075949367089,71,1,316,500
99.45,120,79.7658227848101,69,1,316,500
98.2,120,88.2817672833496,68,1,316,500
99.75,120,80.4992553983619,71,1,316,500
91.35,120,101.098964326812,75,1,316,500
99.45,120,81.7274758004468,70,1,316,500
96.55,120,90.123417721519,66,1,316,500
98.55,120,80.3168512658228,62,1,316,500
87.5,120,105.198081487342,79,1,316,500
99.55,120,79.0759493670886,68,1,316,500
81.35,120,108.563291139241,76,1,316,500
94.55,120,96.4810126582279,68,1,316,500
99.4,120,84.995253164557,73,1,316,500
98,120,88.8875651526433,72,1,316,500
99.1,120,80.9940664556962,66,1,316,500
99.85,120,76.1139240506329,67,1,316,500
99.85,120,79.5063291139241,71,1,316,500
99.55,120,80.9683544303797,71,1,316,500
96.85,120,92.1518987341772,70,1,316,500
88.3,120,103.151107594937,72,1,316,500
93.75,120,99.9623904576436,76,1,316,500
94.95,120,91.4752768987342,64,1,316,500
96.9,120,91.4224683544304,67,1,316,500
99.85,120,71.2302215189873,65,1,316,500
99.1,120,80.357163406214,64,1,316,500
99.55,120,77.5348101265823,66,1,316,500
98.7,120,85.2310126582279,68,1,316,500
99.5,120,78.4221032132425,66,1,316,500
93.9,120,98.9240506329114,75,1,316,500
99.45,120,85.840676728335,72,1,316,500
92.75,120,99.4224683544304,75,1,316,500
95.45,120,94.9693613348677,71,1,316,500
98.05,120,87.9367088607595,68,1,316,500
90.6,120,102.31918872267,74,1,316,500
92.95,120,96.4003164556962,65,1,316,500
99.2,120,83.1831487341772,70,1,316,500
95.55,120,96.2507911392405,74,1,316,500
39,120,128.822784810127,73,1,316,500
50.7,120,122.611550632911,79,1,316,500
99,120,79.357163406214,63,1,316,500
92.55,120,101.066455696203,77,1,316,500
98.4,120,87.1242807825086,69,1,316,500
96.5,120,92.4224683544304,68,1,316,500
99.85,120,70.4762658227848,63,1,316,500
91.75,120,98.3191887226697,70,1,316,500
97.4,120,89.9802215189873,68,1,316,500
99.25,120,82.2405063291139,68,1,316,500
97.5,120,88.2817672833496,68,1,316,500
99.4,120,84.5685376415723,73,1,316,500
96.3,120,90.0581487341772,69,1,316,500
99.55,120,85.2112341772152,73,1,316,500
99.3,120,80.5348101265823,69,1,316,500
99.9,120,78.0026700949367,69,1,316,500
84.65,120,105.693037974684,72,1,316,500
71.95,120,113.116297468354,71,1,316,500
43.1,120,127.219936708861,74,1,316,500
96.1,120,95.7674050632911,75,1,316,500
95.25,120,96.9693613348677,73,1,316,500
94.35,120,95.4752768987342,68,1,316,500
99.95,120,75.5967051377513,69,1,316,500
88.3,120,101.905063291139,72,1,316,500
73.55,120,112.844571567673,76,1,316,500
99.25,120,85.1902457185406,71,1,316,500
87.25,120,104.278876582278,74,1,316,500
83.6,120,106.563291139241,74,1,316,500
94.45,120,97.0989643268124,71,1,316,500
98.1,120,88.5564751703992,70,1,316,500
99.7,120,80.5348101265823,69,1,316,500
99.05,120,85.1902457185406,71,1,316,500
94.15,120,93.8037974683544,67,1,316,500
98.6,120,89.0822784810127,73,1,316,500
95.05,120,95.9623904576436,72,1,316,500
98.5,120,82.9367088607595,63,1,316,500
99.9,120,76.7155229846769,70,1,316,500
89.1,120,102.944620253165,75,1,316,500
98.65,120,88.9078627069133,72,1,316,500
99.55,120,77.7658227848101,67,1,316,500
99.8,120,79.5348101265823,68,1,316,500
99.95,120,77.6028481012658,68,1,316,500
98.75,120,89.2310126582279,72,1,316,500
99.8,120,69.514605647517,62,1,316,500
99.85,120,78.0802093476144,67,1,316,500
98.55,120,87.2310126582279,70,1,316,500
97.8,120,90.3168512658228,72,1,316,500
99.9,120,77.2887658227848,67,1,316,500
99.1,120,83.1902457185406,69,1,316,500
88.9,120,102.898734177215,71,1,316,500
74.45,120,111.501582278481,67,1,316,500
98.3,120,88.9820195627158,69,1,316,500
99.9,120,71.0089992088608,64,1,316,500
98.9,120,86.3544303797468,72,1,316,500
92.95,120,99.0989643268124,73,1,316,500
99.45,120,80.4936708860759,71,1,316,500
98.85,120,84.6139240506329,68,1,316,500
66.5,120,115.779631760644,75,1,316,500
98.25,120,88.9820195627158,69,1,316,500
98.05,120,89.1392405063291,70,1,316,500
78.5,120,109.505842259007,75,1,316,500
99.65,120,80.995253164557,69,1,316,500
93.95,120,96.2231012658228,72,1,316,500
98.55,120,88.6708860759494,75,1,316,500
99.45,120,83.0759493670886,72,1,316,500
58.5,120,119.857594936709,75,1,316,500
99,120,84.9940664556962,70,1,316,500
95.05,120,95.3662974683544,69,1,316,500
98.05,120,87.1028481012658,67,1,316,500
92.95,120,98.0664556962025,74,1,316,500
99.45,120,74.7658227848101,64,1,316,500
98.55,120,89.1831487341772,76,1,316,500
99.6,120,83.2455498417721,72,1,316,500
99.3,120,83.4936708860759,74,1,316,500
98.95,120,82.004746835443,66,1,316,500
99.6,120,76.0929588607595,66,1,316,500
99.6,120,82.8520569620253,70,1,316,500
98.65,120,83.9920886075949,64,1,316,500
98.5,120,91.2310126582279,74,1,316,500
98.95,120,81.1487341772152,65,1,316,500
89.7,120,96.9857594936709,61,1,316,500
71,120,114.116297468354,72,1,316,500
99.4,120,76.4221032132425,64,1,316,500
68.25,120,114.916930379747,73,1,316,500
98.95,120,89.4789359177215,73,1,316,500
98.6,120,89.5095867460908,74,1,316,500
97.35,120,87.971914556962,66,1,316,500
98,120,89.3168512658228,71,1,316,500
95.55,120,95.0837390457644,73,1,316,500
99.75,120,75.345332278481,66,1,316,500
78.3,120,109.436708860759,72,1,316,500
94.55,120,93.8037974683544,67,1,316,500
92.8,120,99.9533227848101,74,1,316,500
99.7,120,82.0759493670886,71,1,316,500
63.5,120,117.418314873418,72,1,316,500
98.65,120,88.2310126582279,71,1,316,500
93.35,120,98.3662974683544,72,1,316,500
98.4,120,87.5564751703992,69,1,316,500
98.25,120,89.8330696202532,71,1,316,500
100,120,75.4992553983619,66,1,316,500
76.8,120,109.116297468354,67,1,316,500
99.9,120,75.7155229846769,69,1,316,500
83.3,120,107.563291139241,75,1,316,500
97.1,120,90.971914556962,69,1,316,500
96.8,120,93.5063291139241,73,1,316,500
98.1,120,89.4789359177215,73,1,316,500
98.65,120,85.7001582278481,70,1,316,500
74.4,120,111.371835443038,71,1,316,500
98.8,120,86.0822784810127,70,1,316,500
98.95,120,84.7001582278481,69,1,316,500
79.75,120,108.930775316456,74,1,316,500
99.6,120,80.995253164557,69,1,316,500
98.5,120,85.9367088607595,66,1,316,500
97.15,120,94.2817672833496,74,1,316,500
98.5,120,91.2310126582279,74,1,316,500
99.55,120,79.680667433832,65,1,316,500
96.45,120,95.971914556962,74,1,316,500
99.85,120,75.4731012658228,67,1,316,500
45.75,120,125.90664556962,74,1,316,500
57.8,120,119.897943037975,72,1,316,500
92.65,120,99.9177215189873,74,1,316,500
96.3,120,92.9693613348677,69,1,316,500
99.6,120,80.5840469099032,70,1,316,500
99.05,120,83.9078627069133,67,1,316,500
99.85,120,74.0929588607595,64,1,316,500
97.6,120,86.1028481012658,66,1,316,500
99.45,120,82.2911392405063,69,1,316,500
99.35,120,79.8520569620253,67,1,316,500
98.5,120,87.3168512658228,69,1,316,500
99.15,120,83.6534810126582,69,1,316,500
99.9,120,78.0026700949367,69,1,316,500
80.75,120,108.563291139241,76,1,316,500
75.05,120,111.943829113924,68,1,316,500
99.2,120,87.1242807825086,69,1,316,500
74.6,120,110.943829113924,67,1,316,500
52.75,120,122.90664556962,71,1,316,500
99.7,120,79.5680379746835,71,1,316,500
75.75,120,111.436708860759,74,1,316,500
92.2,120,99.7088607594937,71,1,316,500
92.55,120,96.0775316455696,68,1,316,500
96.2,120,94.819434102755,75,1,316,500
99.75,120,75.7658227848101,65,1,316,500
99.9,120,73.2302215189873,67,1,316,500
99.15,120,84.7001582278481,69,1,316,500
98.15,120,88.8330696202532,70,1,316,500
99.6,120,77.4731012658228,69,1,316,500
58.5,120,119.857594936709,75,1,316,500
96.85,120,92.4224683544304,68,1,316,500
98.1,120,86.1028481012658,66,1,316,500
99.35,120,85.9295420699926,73,1,316,500
98.1,120,87.1028481012658,67,1,316,500
83.75,120,106.693037974684,73,1,316,500
99.5,120,83.9295420699926,71,1,316,500
99.55,120,76.7594936708861,64,1,316,500
83.3,120,106.931962025316,75,1,316,500
89.75,120,101.949732229796,74,1,316,500
94,120,98.9240506329114,75,1,316,500
99.55,120,83.5685376415723,72,1,316,500
1.9,120,167.795886075949,72,1,316,500
99.8,120,80.0929588607595,70,1,316,500
99.9,120,73.6329113924051,63,1,316,500
99.4,120,82.2911392405063,69,1,316,500
99.2,120,85.357163406214,69,1,316,500
87.5,120,103.905063291139,74,1,316,500
98.2,120,89.4789359177215,73,1,316,500
99.6,120,80.9901107594937,70,1,316,500
80.8,120,107.334651898734,71,1,316,500
80.45,120,109.505842259007,75,1,316,500
91.45,120,100.95332278481,75,1,316,500
99.5,120,86.7376384493671,73,1,316,500
82.05,120,105.938884493671,67,1,316,500
99.65,120,77.6028481012658,68,1,316,500
99.15,120,86.7001582278481,71,1,316,500
99.9,120,75.1408227848101,67,1,316,500
46.1,120,126.822784810127,71,1,316,500
98.5,120,92.0494821634062,79,1,316,500
99.65,120,83.995253164557,72,1,316,500
86.95,120,103.612341772152,69,1,316,500
97.15,120,91.4694422468354,72,1,316,500
98.95,120,89.1902457185406,75,1,316,500
92.25,120,98.7088607594937,70,1,316,500
94.65,120,93.3662974683544,67,1,316,500
0,120,196.253164556962,66,1,316,500
54.6,120,121.90664556962,70,1,316,500
99.6,120,78.2455498417721,67,1,316,500
99.7,120,80.995253164557,69,1,316,500
100,120,75.6028481012658,66,1,316,500
90.35,120,100.949732229796,73,1,316,500
98.5,120,87.0771360759494,72,1,316,500
93.9,120,100.250791139241,78,1,316,500
98.15,120,86.9367088607595,67,1,316,500
27.05,120,135.872428797468,76,1,316,500
99.6,120,78.0035601265823,66,1,316,500
99.3,120,80.4699367088608,71,1,316,500
22,120,143.762658227848,69,1,316,500
97.4,120,86.9303797468354,65,1,316,500
99.75,120,81.4992553983619,72,1,316,500
100,120,75.345332278481,66,1,316,500
98.95,120,87.9820195627158,68,1,316,500
99.8,120,83.9715189873418,75,1,316,500
81.45,120,109.058422590068,79,1,316,500
75.65,120,111.106300345224,73,1,316,500
99.95,120,73.4762658227848,66,1,316,500
99.8,120,76.5473964326812,70,1,316,500
98.85,120,84.7001582278481,69,1,316,500
98.8,120,83.0822784810127,67,1,316,500
98.6,120,87.6139240506329,71,1,316,500
98.05,120,86.3168512658228,68,1,316,500
98.6,120,86.2310126582279,69,1,316,500
93.4,120,97.3662974683544,71,1,316,500
92.8,120,98.9533227848101,73,1,316,500
97.15,120,94.5063291139241,74,1,316,500
89.1,120,100.63003452244,70,1,316,500
81.05,120,108.612341772152,74,1,316,500
67.9,120,115.769778481013,77,1,316,500
99.8,120,69.5290743670886,59,1,316,500
99.05,120,80.6139240506329,64,1,316,500
98.1,120,88.9820195627158,69,1,316,500
92.6,120,97.7088607594937,69,1,316,500
99.4,120,83.840676728335,70,1,316,500
98.65,120,86.9367088607595,67,1,316,500
94.55,120,95.2231012658228,71,1,316,500
92.1,120,98.7088607594937,70,1,316,500
94.05,120,97.3733246463142,76,1,316,500
73.85,120,113.106300345224,75,1,316,500
90.7,120,99.8987341772152,68,1,316,500
99.25,120,85.357163406214,69,1,316,500
99.85,120,77.0102848101266,69,1,316,500
94.45,120,97.4752768987342,70,1,316,500
97.55,120,93.8330696202532,75,1,316,500
99.45,120,76.1772151898734,62,1,316,500
92.25,120,97.3191887226697,69,1,316,500
84.65,120,107.035996835443,79,1,316,500
99.9,120,77.4699367088608,68,1,316,500
99.25,120,84.840676728335,71,1,316,500
97.3,120,89.2817672833496,69,1,316,500
98.95,120,84.0771360759494,69,1,316,500
97.4,120,92.1392405063291,73,1,316,500
97.6,120,90.4694422468354,71,1,316,500
93.8,120,99.9623904576436,76,1,316,500
99.8,120,79.7274758004468,68,1,316,500
97.5,120,87.9303797468354,66,1,316,500
99.7,120,73.6264605647517,65,1,316,500
93.45,120,96.7088607594937,68,1,316,500
98.85,120,85.1242807825086,67,1,316,500
99.85,120,73.9746835443038,66,1,316,500
98.85,120,86.0822784810127,70,1,316,500
99.35,120,80.4936708860759,71,1,316,500
98.8,120,85.9078627069133,69,1,316,500
98.8,120,85.5095867460908,70,1,316,500
91.65,120,100.295886075949,71,1,316,500
42,120,128.822784810127,73,1,316,500
84.7,120,106.940664556962,77,1,316,500
98.5,120,88.2310126582279,71,1,316,500
59.75,120,119.844936708861,71,1,316,500
65.35,120,116.779631760644,76,1,316,500
93.75,120,99.0664556962025,75,1,316,500
98.75,120,86.1242807825086,68,1,316,500
88.3,120,103.278876582278,73,1,316,500
93.25,120,97.9113924050633,70,1,316,500
88.65,120,102.151107594937,71,1,316,500
99.55,120,83.8520569620253,71,1,316,500
98.55,120,87.5564751703992,69,1,316,500
99,120,82.2405063291139,68,1,316,500
98.85,120,88.4789359177215,72,1,316,500
91.75,120,99.1542721518987,69,1,316,500
99.85,120,78.5811958694204,71,1,316,500
97.95,120,89.5564751703992,71,1,316,500
67.9,120,114.779631760644,74,1,316,500
96.45,120,93.9240506329114,70,1,316,500
80.8,120,107.960443037975,64,1,316,500
97.6,120,91.971914556962,70,1,316,500
95.9,120,92.123417721519,68,1,316,500
69.25,120,114.943829113924,71,1,316,500
98.85,120,82.357163406214,66,1,316,500
96.8,120,94.0837390457644,72,1,316,500
99.05,120,81.9940664556962,67,1,316,500
99.6,120,81.8520569620253,69,1,316,500
99.55,120,77.995253164557,66,1,316,500
99.5,120,83.4604430379747,71,1,316,500
80.1,120,108.563291139241,76,1,316,500
96.45,120,91.0837390457644,69,1,316,500
97.6,120,88.1392405063291,69,1,316,500
98.7,120,87.1242807825086,69,1,316,500
93.95,120,97.8037974683544,71,1,316,500
98.6,120,84.3359298928919,69,1,316,500
98.6,120,83.9920886075949,64,1,316,500
97.75,120,85.9303797468354,64,1,316,500
99.6,120,80.4572784810127,67,1,316,500
75.15,120,111.106300345224,73,1,316,500
99.9,120,69.514605647517,62,1,316,500
99.9,120,78.340333716916,71,1,316,500
98.5,120,85.3168512658228,67,1,316,500
100,120,71.4762658227848,64,1,316,500
98.4,120,89.5564751703992,71,1,316,500
94.1,120,94.7088607594937,66,1,316,500
99.4,120,79.0929588607595,69,1,316,500
98.45,120,87.1902457185406,73,1,316,500
90.7,120,102.151107594937,71,1,316,500
98.15,120,92.5775316455696,75,1,316,500
92.3,120,101.223101265823,77,1,316,500
99.75,120,80.2021360759494,73,1,316,500
92.85,120,99.0989643268124,73,1,316,500
99.85,120,78.0929588607595,68,1,316,500
99.55,120,82.4604430379747,70,1,316,500
99.45,120,86.6965356429047,74,1,316,500
99.7,120,78.2455498417721,67,1,316,500
99.05,120,86.5095867460908,71,1,316,500
97.3,120,90.5063291139241,70,1,316,500
95.3,120,98.3733246463142,77,1,316,500
96.2,120,91.9145569620253,65,1,316,500
98.4,120,89.5775316455696,72,1,316,500
99.65,120,82.7274758004468,71,1,316,500
98.7,120,88.0822784810127,72,1,316,500
99.75,120,79.5348101265823,68,1,316,500
51.3,120,122.857594936709,78,1,316,500
98.75,120,85.8875651526433,69,1,316,500
88.1,120,103.940664556962,74,1,316,500
98.85,120,79.9430379746835,62,1,316,500
96.55,120,92.4224683544304,68,1,316,500
99.35,120,84.2405063291139,70,1,316,500
99.05,120,81.9430379746835,64,1,316,500
93.8,120,96.9592563291139,71,1,316,500
97.65,120,94.5775316455696,77,1,316,500
68.7,120,114.779631760644,74,1,316,500
95.1,120,95.3662974683544,69,1,316,500
99.85,120,73.9746835443038,66,1,316,500
98.65,120,83.9920886075949,64,1,316,500
72,120,113.075949367089,74,1,316,500
99.35,120,79.4604430379747,67,1,316,500
99.45,120,78.680667433832,64,1,316,500
99.25,120,76.7274758004468,65,1,316,500
97.25,120,89.1518987341772,67,1,316,500
97.7,120,89.8330696202532,71,1,316,500
91.25,120,101.949732229796,74,1,316,500
95.8,120,94.123417721519,70,1,316,500
58.3,120,119.857594936709,75,1,316,500
99.65,120,79.995253164557,68,1,316,500
95.45,120,93.0989643268124,67,1,316,500
98.6,120,87.1028481012658,67,1,316,500
90.25,120,101.949732229796,74,1,316,500
99.9,120,74.4272151898734,69,1,316,500
98.55,120,90.3544303797468,76,1,316,500
96.35,120,94.7674050632911,74,1,316,500
94.65,120,93.4752768987342,66,1,316,500
96.4,120,93.7674050632911,73,1,316,500
98.4,120,87.3168512658228,69,1,316,500
85.05,120,106.151107594937,75,1,316,500
99.6,120,76.2887658227848,66,1,316,500
99.4,120,81.2911392405063,68,1,316,500
87.9,120,102.63003452244,72,1,316,500
92.85,120,97.9497322297955,70,1,316,500
99.75,120,81.680667433832,67,1,316,500
93,120,98.9533227848101,73,1,316,500
99.2,120,85.2112341772152,73,1,316,500
88.7,120,101.612341772152,67,1,316,500
86.85,120,102.693037974684,69,1,316,500
97.05,120,93.9802215189873,72,1,316,500
98.95,120,88.0771360759494,73,1,316,500
96.8,120,88.9208860759494,64,1,316,500
99.7,120,71.6028481012658,62,1,316,500
99.1,120,89.1902457185406,75,1,316,500
98.8,120,86.3359298928919,71,1,316,500
71.65,120,114.075949367089,75,1,316,500
93.6,120,97.9533227848101,72,1,316,500
96.4,120,92.123417721519,68,1,316,500
98.95,120,82.7001582278481,67,1,316,500
99.45,120,77.840676728335,64,1,316,500
98.3,120,91.5775316455696,74,1,316,500
32.5,120,135.082278481013,71,1,316,500
86.8,120,103.278876582278,73,1,316,500
99.85,120,71.6264605647517,63,1,316,500
23.1,120,140.425632911392,72,1,316,500
98.35,120,85.9430379746835,68,1,316,500
99.25,120,86.4873417721519,75,1,316,500
99.35,120,76.4042721518987,62,1,316,500
99.7,120,72.2112341772152,60,1,316,500
98.1,120,89.9430379746835,72,1,316,500
100,120,66.4177215189873,63,1,316,500
77.65,120,110.523590333717,75,1,316,500
99.95,120,73.5126582278481,67,1,316,500
99.6,120,76.995253164557,65,1,316,500
99.25,120,82.1487341772152,66,1,316,500
97.7,120,90.4789359177215,74,1,316,500
73.3,120,112.116297468354,70,1,316,500
36.3,120,131.277689873418,77,1,316,500
98.25,120,90.4789359177215,74,1,316,500
99.45,120,81.7274758004468,70,1,316,500
98.75,120,86.4789359177215,70,1,316,500
99.7,120,79.0929588607595,69,1,316,500
98.45,120,85.185917721519,65,1,316,500
15.35,26.8519167514429,28.9781250000001,27.6039153994057,-1,562,500
5.8,26.8519167514429,30.2631983106163,28.7653916211293,-1,562,500
96.9,26.8519167514429,23.1280809859155,22.2519374383542,-1,562,500
55.55,26.8519167514429,26.610567184335,25.4507655116841,-1,562,500
27.7,26.8519167514429,28.0699786324787,26.7800576564355,-1,562,500
21.95,26.8519167514429,28.5116657623441,27.1810671256454,-1,562,500
2.65,26.8519167514429,31.2531720856464,29.6567136150235,-1,562,500
7.05,26.8519167514429,30.2110003832887,28.7183124204401,-1,562,500
71.05,26.8519167514429,25.7331047992165,24.6483533635087,-1,562,500
50.55,26.8519167514429,26.8828444747613,25.6992676973149,-1,562,500
56.55,26.8519167514429,26.5254921756689,25.3730719794344,-1,562,500
26.2,26.8519167514429,28.3170468834202,27.0044459644323,-1,562,500
79.9,26.8519167514429,25.0821002386635,24.0514773073408,-1,562,500
11.2,26.8519167514429,29.6261980830672,28.1902891824348,-1,562,500
76.25,26.8519167514429,25.4095744680852,24.3518889745567,-1,562,500
64,26.8519167514429,26.0391476709614,24.9284925019732,-1,562,500
90.75,26.8519167514429,24.1632434089516,23.2067597354886,-1,562,500
57.3,26.8519167514429,26.472040302267,25.3242463117383,-1,562,500
70.2,26.8519167514429,25.7709661598824,24.683025945608,-1,562,500
0.1,26.8519167514429,34.3519285247331,32.4275154004107,-1,562,500
88.5,26.8519167514429,24.3498609823911,23.3785344189489,-1,562,500
57.4,26.8519167514429,26.5612468407751,25.4057271557272,-1,562,500
65.45,26.8519167514429,26.0563636363637,24.9442426157005,-1,562,500
78.9,26.8519167514429,25.2589328633232,24.213738117142,-1,562,500
1.35,26.8519167514429,31.6421116017664,30.0060801824055,-1,562,500
41.45,26.8519167514429,27.4396866840732,26.2067706604713,-1,562,500
44.4,26.8519167514429,27.292416897507,26.0726432227175,-1,562,500
38.4,26.8519167514429,27.5355458515285,26.2940392940393,-1,562,500
79.25,26.8519167514429,25.1661877394636,24.1286478227655,-1,562,500
88.95,26.8519167514429,24.3536227406149,23.3819958543086,-1,562,500
78.2,26.8519167514429,25.2994703899856,24.2509213759214,-1,562,500
87.25,26.8519167514429,24.4177509293681,23.4409974766216,-1,562,500
68.6,26.8519167514429,25.7836113837096,24.6946051602815,-1,562,500
44.45,26.8519167514429,27.2499567847883,26.0339597757995,-1,562,500
61.95,26.8519167514429,26.2428833028134,25.1148218829517,-1,562,500
32.65,26.8519167514429,27.9802981895634,26.698562975486,-1,562,500
27.65,26.8519167514429,28.1501785714286,26.8529161707193,-1,562,500
48.15,26.8519167514429,27.0442614513639,25.8464811783961,-1,562,500
44.85,26.8519167514429,27.2123252200932,25.9996707276918,-1,562,500
1.6,26.8519167514429,31.7185110663984,30.0746524471529,-1,562,500
7.25,26.8519167514429,30.2225843558282,28.7287611424413,-1,562,500
63.95,26.8519167514429,26.1384513347704,25.0193282636248,-1,562,500
28.15,26.8519167514429,28.0200853181657,26.7347215168444,-1,562,500
92.15,26.8519167514429,23.8886194878012,22.9537790697674,-1,562,500
75.05,26.8519167514429,25.4259677419356,24.3669186853881,-1,562,500
16.65,26.8519167514429,29.2198331788694,27.822762508809,-1,562,500
20.15,26.8519167514429,28.9249541284404,27.5557494329087,-1,562,500
29.05,26.8519167514429,28.0949919800393,26.8027834351663,-1,562,500
44.9,26.8519167514429,27.2688116242865,26.0511382382052,-1,562,500
9.05,26.8519167514429,29.9413105413106,28.4749368914533,-1,562,500
48.75,26.8519167514429,27.0118231665525,25.8169037109694,-1,562,500
13.45,26.8519167514429,29.2686594875604,27.8669490029998,-1,562,500
27.4,26.8519167514429,28.2055823939883,26.9032367972743,-1,562,500
86.95,26.8519167514429,24.4556313993174,23.4758436152817,-1,562,500
97.85,26.8519167514429,22.5620437956205,21.7283984589983,-1,562,500
95.15,26.8519167514429,23.3507628499482,22.457622298066,-1,562,500
8.25,26.8519167514429,30.1878590578323,28.6974377612212,-1,562,500
66.3,26.8519167514429,25.9876360039565,24.8813612730424,-1,562,500
9.2,26.8519167514429,30.3915558126085,28.8811265544989,-1,562,500
28.2,26.8519167514429,28.1501785714286,26.8529161707193,-1,562,500
12.6,26.8519167514429,29.4271047227926,28.0102873359347,-1,562,500
27.7,26.8519167514429,28.2409530634181,26.9353573256012,-1,562,500
93.45,26.8519167514429,23.6307899865088,22.7160529344074,-1,562,500
40.65,26.8519167514429,27.4158260869566,26.1850439396452,-1,562,500
91.5,26.8519167514429,23.9394077448748,23.0005825808331,-1,562,500
38.85,26.8519167514429,27.4971219256934,26.2590621882275,-1,562,500
39.4,26.8519167514429,27.5403563941301,26.2984179850125,-1,562,500
53.15,26.8519167514429,26.7505515017818,25.5785552316165,-1,562,500
71.85,26.8519167514429,25.7415088177662,24.656049960968,-1,562,500
62.3,26.8519167514429,26.1862126245847,25.0630058720838,-1,562,500
27.4,26.8519167514429,28.2460132592726,26.9399522347322,-1,562,500
82.5,26.8519167514429,24.9471435353696,23.9275757575758,-1,562,500
2.2,26.8519167514429,31.8466666666668,30.1896386924106,-1,562,500
57.45,26.8519167514429,26.529956243689,25.3771492849108,-1,562,500
58.2,26.8519167514429,26.4542708508139,25.3080128205128,-1,562,500
84.05,26.8519167514429,24.8370883882149,23.8264936632468,-1,562,500
0.25,26.8519167514429,33.1387429051924,31.3461691147281,-1,562,500
29.25,26.8519167514429,28.1753351206434,26.8757658270933,-1,562,500
64.9,26.8519167514429,26.0047838997031,24.8970518682012,-1,562,500
90.1,26.8519167514429,24.2226490473264,23.2614523493887,-1,562,500
36.2,26.8519167514429,27.7244108336265,26.4658957600134,-1,562,500
29.8,26.8519167514429,28.0649813067474,26.775517124449,-1,562,500
46.7,26.8519167514429,27.0814293076792,25.8803670927565,-1,562,500
56.45,26.8519167514429,26.5881261595548,25.4302737520129,-1,562,500
21,26.8519167514429,28.5168234442837,27.18574625581,-1,562,500
45.65,26.8519167514429,27.1607512060648,25.9526705012325,-1,562,500
60.35,26.8519167514429,26.3349482124959,25.1989787777246,-1,562,500
89.9,26.8519167514429,24.1004433572849,23.1489299325711,-1,562,500
15.95,26.8519167514429,29.0796900940787,27.6958961767801,-1,562,500
33.75,26.8519167514429,27.7195357833656,26.4614611260054,-1,562,500
24.65,26.8519167514429,28.3935518731989,27.0738899365678,-1,562,500
37.5,26.8519167514429,27.5982142857144,26.3510762556316,-1,562,500
57.5,26.8519167514429,26.5344218145094,25.3812279009965,-1,562,500
47.15,26.8519167514429,27.0581874356334,25.8591779924677,-1,562,500
82.95,26.8519167514429,24.8802083333334,23.866102463352,-1,562,500
8.1,26.8519167514429,29.9356247626282,28.469803497386,-1,562,500
47.3,26.8519167514429,27.0628326180258,25.8634130363577,-1,562,500
76.7,26.8519167514429,25.3238554216868,24.2732861973563,-1,562,500
35.5,26.8519167514429,27.7341660802252,26.474769488684,-1,562,500
53.1,26.8519167514429,26.7324063082924,25.5619941728715,-1,562,500
33.1,26.8519167514429,28.0001776198935,26.7166300118423,-1,562,500
95.35,26.8519167514429,23.5495966537198,22.641146953405,-1,562,500
46.7,26.8519167514429,27.1093723129837,25.9058398950131,-1,562,500
89.55,26.8519167514429,24.4404651162791,23.4618927351062,-1,562,500
58,26.8519167514429,26.4898336414048,25.3405006418485,-1,562,500
22.25,26.8519167514429,28.5944132051515,27.25612702796,-1,562,500
14.3,26.8519167514429,29.5429160419791,28.115008011394,-1,562,500
92.65,26.8519167514429,23.7948679245283,22.8673617144512,-1,562,500
55.3,26.8519167514429,26.6195542046606,25.45897146542,-1,562,500
45.5,26.8519167514429,27.1280330407848,25.9228496388707,-1,562,500
29.15,26.8519167514429,28.0749777382013,26.7845997286296,-1,562,500
44.7,26.8519167514429,27.217023480663,26.003951918327,-1,562,500
91.9,26.8519167514429,24.1115019883757,23.1591142396246,-1,562,500
28.75,26.8519167514429,28.2055823939882,26.9032367972743,-1,562,500
21,26.8519167514429,28.6933017837642,27.3458008658009,-1,562,500
70.25,26.8519167514429,25.666069684142,24.5869531371633,-1,562,500
22.75,26.8519167514429,28.6515812431844,27.3079716410168,-1,562,500
0.2,26.8519167514429,33.1596550273455,31.3648460774578,-1,562,500
7.7,26.8519167514429,29.8788855193329,28.4185711714954,-1,562,500
58.3,26.8519167514429,26.4898336414049,25.3405006418485,-1,562,500
14.1,26.8519167514429,29.4216125419934,28.0053200922149,-1,562,500
3.25,26.8519167514429,31.1728297409532,29.5844885724991,-1,562,500
19.15,26.8519167514429,28.9037403740375,27.5365300784656,-1,562,500
50.8,26.8519167514429,26.8507920286153,25.6700260078023,-1,562,500
12,26.8519167514429,29.6931625541534,28.2508050089445,-1,562,500
69.6,26.8519167514429,25.7962690230732,24.7061952440551,-1,562,500
76.05,26.8519167514429,25.2548862544057,24.2100260616281,-1,562,500
19.1,26.8519167514429,28.7823626072668,27.4265369920111,-1,562,500
39.8,26.8519167514429,27.5644343416682,26.3203333333333,-1,562,500
2.85,26.8519167514429,31.3963353913564,29.7853640135798,-1,562,500
40.15,26.8519167514429,27.506717850288,26.2677977378576,-1,562,500
20.8,26.8519167514429,28.5996008708274,27.2608320386674,-1,562,500
77.55,26.8519167514429,25.3360655737705,24.2844840842688,-1,562,500
25.15,26.8519167514429,28.4704713743906,27.1436919903747,-1,562,500
35.5,26.8519167514429,27.7244108336265,26.4658957600134,-1,562,500
24.85,26.8519167514429,28.4704713743905,27.1436919903747,-1,562,500
88.2,26.8519167514429,24.3611497450163,23.3889218009479,-1,562,500
64.7,26.8519167514429,26.1818634778276,25.0590288797207,-1,562,500
73.6,26.8519167514429,25.6368515205725,24.5601866251944,-1,562,500
9.5,26.8519167514429,30.1359204740968,28.6505805515239,-1,562,500
63.55,26.8519167514429,26.2559960026649,25.1268098647574,-1,562,500
50.35,26.8519167514429,26.9748459958933,25.7831836734694,-1,562,500
37.55,26.8519167514429,27.5596153846154,26.3159473421096,-1,562,500
74.05,26.8519167514429,25.4711585070286,24.4083462132921,-1,562,500
53.4,26.8519167514429,26.746012894469,25.5744129554656,-1,562,500
54.9,26.8519167514429,26.6600710299341,25.4959638359703,-1,562,500
6.05,26.8519167514429,30.4385016412435,28.9234432234432,-1,562,500
54.1,26.8519167514429,26.646551724138,25.4836211069873,-1,562,500
49.35,26.8519167514429,26.8920163766633,25.7076347061696,-1,562,500
81.8,26.8519167514429,25.0303270879645,24.0039519683843,-1,562,500
98.95,26.8519167514429,22.2562473528166,21.4451385116784,-1,562,500
67.4,26.8519167514429,25.9448650427914,24.8422211735095,-1,562,500
66.75,26.8519167514429,26.0133663366337,24.9049045891815,-1,562,500
85.35,26.8519167514429,24.6044950835025,23.6127392344498,-1,562,500
70.55,26.8519167514429,25.7793949304988,24.6907442151345,-1,562,500
89.9,26.8519167514429,24.3799876275905,23.4062546316882,-1,562,500
11.5,26.8519167514429,29.687570621469,28.2457521015918,-1,562,500
94.15,26.8519167514429,23.7339656729901,22.8112090134335,-1,562,500
11.75,26.8519167514429,29.6373378454597,28.2003571428571,-1,562,500
64,26.8519167514429,26.0692905573012,24.9560682680152,-1,562,500
94.5,26.8519167514429,23.4131887717214,22.515255203878,-1,562,500
93.25,26.8519167514429,23.7089787938036,22.7881673881674,-1,562,500
39.85,26.8519167514429,27.5067178502879,26.2677977378576,-1,562,500
68.1,26.8519167514429,25.8852216748769,24.7876314550306,-1,562,500
21.5,26.8519167514429,28.5581521739131,27.2232373728667,-1,562,500
94.5,26.8519167514429,23.465465912474,22.5635090727247,-1,562,500
93.8,26.8519167514429,23.5390473346275,22.6314130123244,-1,562,500
27.55,26.8519167514429,28.2409530634182,26.9353573256012,-1,562,500
78.55,26.8519167514429,25.3197879858658,24.2695558629169,-1,562,500
92.25,26.8519167514429,23.7661691542289,22.8409025166329,-1,562,500
17.3,26.8519167514429,29.0421886514371,27.6619372919951,-1,562,500
77.3,26.8519167514429,25.2710804745111,24.2248811167357,-1,562,500
66.4,26.8519167514429,25.9534079683899,24.8500393391031,-1,562,500
85.95,26.8519167514429,24.724121706399,23.7226979119724,-1,562,500
19.9,26.8519167514429,28.6463747047066,27.3032503457815,-1,562,500
2,26.8519167514429,31.4151056197689,29.8022268352519,-1,562,500
20.5,26.8519167514429,28.7823626072668,27.4265369920111,-1,562,500
3.5,26.8519167514429,31.0806388012619,29.5015878946385,-1,562,500
59.3,26.8519167514429,26.3746026434667,25.2352189197827,-1,562,500
15.95,26.8519167514429,28.9727991178093,27.5990912268438,-1,562,500
74.5,26.8519167514429,25.4382765854446,24.3782031491201,-1,562,500
10.15,26.8519167514429,29.6484859883393,28.210432297249,-1,562,500
72.5,26.8519167514429,25.5993829165314,24.5258580524926,-1,562,500
0,26.8519167514429,36.5841262473893,34.4056644880174,-1,562,500
57.8,26.8519167514429,26.5076509164285,25.3567758509955,-1,562,500
13.95,26.8519167514429,29.3887024608502,27.9755535872453,-1,562,500
86,26.8519167514429,24.63140625,23.6374794192486,-1,562,500
87.7,26.8519167514429,24.3913043478261,23.4166666666667,-1,562,500
68.15,26.8519167514429,25.7962690230732,24.7061952440551,-1,562,500
25.3,26.8519167514429,28.3526978417267,27.0368087656223,-1,562,500
62.6,26.8519167514429,26.2254200632175,25.0988556897648,-1,562,500
4.4,26.8519167514429,30.8434748581491,29.2882047477745,-1,562,500
40.05,26.8519167514429,27.4540229885058,26.2198240079695,-1,562,500
91.35,26.8519167514429,24.1929097605893,23.234073856113,-1,562,500
28.05,26.8519167514429,28.1602357984995,26.8620513692805,-1,562,500
97.4,26.8519167514429,22.7213894494091,21.8758830863,-1,562,500
87.25,26.8519167514429,24.3762177207361,23.4027860106698,-1,562,500
87.05,26.8519167514429,24.3950789229342,23.4201394038262,-1,562,500
11.1,26.8519167514429,29.5429160419791,28.115008011394,-1,562,500
87.2,26.8519167514429,24.4291027429103,23.4514404514405,-1,562,500
76.7,26.8519167514429,25.4259677419355,24.3669186853881,-1,562,500
75.15,26.8519167514429,25.5993829165314,24.5258580524926,-1,562,500
56.55,26.8519167514429,26.570200573066,25.4139040875443,-1,562,500
44.65,26.8519167514429,27.292416897507,26.0726432227175,-1,562,500
52.35,26.8519167514429,26.8370786516854,25.6575142160845,-1,562,500
70.75,26.8519167514429,25.8216216216217,24.7294080801754,-1,562,500
98,26.8519167514429,22.7607565694485,21.91230747884,-1,562,500
72.5,26.8519167514429,25.7079256360079,24.6252923748636,-1,562,500
4.65,26.8519167514429,30.444380069525,28.9287415277523,-1,562,500
9.7,26.8519167514429,29.9526885806574,28.4852092352092,-1,562,500
24,26.8519167514429,28.5013559934913,27.1717136958018,-1,562,500
9.65,26.8519167514429,29.9640752708611,28.4954889931433,-1,562,500
70.65,26.8519167514429,25.8173927284638,24.7255362454987,-1,562,500
98.8,26.8519167514429,22.3224299065421,21.5064687457442,-1,562,500
22.25,26.8519167514429,28.6515812431843,27.3079716410168,-1,562,500
79.6,26.8519167514429,25.1421052631579,24.1065486185315,-1,562,500
5.75,26.8519167514429,30.4502607687851,28.9340417735434,-1,562,500
62.45,26.8519167514429,26.2822607535846,25.1508201942985,-1,562,500
43.45,26.8519167514429,27.2735294117648,26.0554363966342,-1,562,500
48.8,26.8519167514429,26.9517866301932,25.7621533442088,-1,562,500
5.2,26.8519167514429,30.2110003832887,28.7183124204401,-1,562,500
27.1,26.8519167514429,28.4807588075881,27.1530261348005,-1,562,500
79,26.8519167514429,25.1862917398946,24.1470948012232,-1,562,500
86.25,26.8519167514429,24.550848777449,23.5634139062966,-1,562,500
4.55,26.8519167514429,30.9707269155207,29.4027183019922,-1,562,500
47.45,26.8519167514429,27.0674793956044,25.8676494676495,-1,562,500
83.25,26.8519167514429,24.7941176470589,23.7870161168851,-1,562,500
74.2,26.8519167514429,25.5537364240558,24.4840310077519,-1,562,500
49.25,26.8519167514429,26.9702309666382,25.7789748612471,-1,562,500
83.5,26.8519167514429,24.9787672318175,23.9566140776699,-1,562,500
4.4,26.8519167514429,30.7112799532438,29.1691909863317,-1,562,500
4.85,26.8519167514429,30.795272514163,29.2448148148148,-1,562,500
13,26.8519167514429,29.5263157894738,28.1,-1,562,500
10.7,26.8519167514429,29.8902161547213,28.428802880288,-1,562,500
26.8,26.8519167514429,28.2207303974222,26.9169933526504,-1,562,500
68.15,26.8519167514429,25.9491358024692,24.8461296412838,-1,562,500
70.05,26.8519167514429,25.7625428991666,24.6753125,-1,562,500
16.15,26.8519167514429,28.9515151515152,27.5798113866574,-1,562,500
13.95,26.8519167514429,29.3121978430644,27.9063438770101,-1,562,500
6.6,26.8519167514429,30.4326254826256,28.9181468595495,-1,562,500
74.55,26.8519167514429,25.5206410879068,24.4537008361722,-1,562,500
13.95,26.8519167514429,29.4380952380953,28.0202271114265,-1,562,500
82.15,26.8519167514429,25.0541958041959,24.025863380496,-1,562,500
50.2,26.8519167514429,26.9563953488373,25.7663566650351,-1,562,500
28.7,26.8519167514429,28.1954927562154,26.8940735694823,-1,562,500
22.25,26.8519167514429,28.6203703703705,27.2796683365003,-1,562,500
29.8,26.8519167514429,28.0649813067475,26.775517124449,-1,562,500
55.35,26.8519167514429,26.6330461226559,25.4712903225806,-1,562,500
86.1,26.8519167514429,24.7086206896552,23.7084521843567,-1,562,500
3.5,26.8519167514429,30.7232508282987,29.179970436068,-1,562,500
63.5,26.8519167514429,26.1992687385741,25.0749444268022,-1,562,500
91.25,26.8519167514429,24.2189276386542,23.2580265095729,-1,562,500
84.5,26.8519167514429,24.5241132545115,23.5388284394098,-1,562,500
29.15,26.8519167514429,28.2156792554144,26.912406271302,-1,562,500
67.65,26.8519167514429,25.8724766125062,24.7759648572325,-1,562,500
55.4,26.8519167514429,26.6240499915555,25.463076426959,-1,562,500
65.9,26.8519167514429,26.0520575111552,24.9403032217309,-1,562,500
49.65,26.8519167514429,26.9103789689314,25.7243850790031,-1,562,500
14.5,26.8519167514429,29.3777487886694,27.9656454754737,-1,562,500
83.05,26.8519167514429,24.8605898123325,23.8480821504077,-1,562,500
33.05,26.8519167514429,27.8419286471212,26.572774692916,-1,562,500
92.5,26.8519167514429,23.9612403100775,23.0206997084548,-1,562,500
30.55,26.8519167514429,28.0749777382013,26.7845997286296,-1,562,500
82.65,26.8519167514429,24.8684335068623,23.8552870090634,-1,562,500
30.4,26.8519167514429,28.0450097847359,26.757370382921,-1,562,500
61.05,26.8519167514429,26.3261523046093,25.1909395437869,-1,562,500
40.25,26.8519167514429,27.4301374630243,26.1980756469808,-1,562,500
71.5,26.8519167514429,25.6995435278774,24.617614964926,-1,562,500
97.9,26.8519167514429,22.5749677788916,21.7403634361233,-1,562,500
21.4,26.8519167514429,28.5633266896177,27.2279310344828,-1,562,500
85.75,26.8519167514429,24.6892717306187,23.6906690669067,-1,562,500
97.4,26.8519167514429,22.7541859122402,21.906228325704,-1,562,500
94.5,26.8519167514429,23.1348693865571,22.2582100070472,-1,562,500
59.45,26.8519167514429,26.3966845277964,25.2553974092436,-1,562,500
60.1,26.8519167514429,26.3834309623432,25.2432864450128,-1,562,500
94.05,26.8519167514429,23.6166292134832,22.7029902242668,-1,562,500
82.25,26.8519167514429,24.9234782608696,23.9058431728731,-1,562,500
62.05,26.8519167514429,26.2954128440367,25.1628425748885,-1,562,500
65.55,26.8519167514429,25.9662329105584,24.8617758186398,-1,562,500
85.2,26.8519167514429,24.6776768941766,23.6800119958015,-1,562,500
21.05,26.8519167514429,28.6255674595969,27.2843814789219,-1,562,500
12,26.8519167514429,29.687570621469,28.2457521015918,-1,562,500
47.5,26.8519167514429,27.1233654507915,25.9185951091416,-1,562,500
49.9,26.8519167514429,26.8828444747613,25.6992676973149,-1,562,500
24.35,26.8519167514429,28.4962039045554,27.1670393944607,-1,562,500
29.5,26.8519167514429,28.1,26.8073332201664,-1,562,500
3.95,26.8519167514429,30.741224648986,29.1961545572195,-1,562,500
31.25,26.8519167514429,27.965407131453,26.6850287259209,-1,562,500
76.45,26.8519167514429,25.2832397754612,24.2360343769184,-1,562,500
84.75,26.8519167514429,24.7902185878283,23.7834337349398,-1,562,500
3.4,26.8519167514429,31.0500295450069,29.4740574841359,-1,562,500
76.75,26.8519167514429,25.4670436187399,24.4045742543656,-1,562,500
11.7,26.8519167514429,29.7099509988693,28.2659745838554,-1,562,500
33.3,26.8519167514429,27.9257750221435,26.6490043874452,-1,562,500
98.1,26.8519167514429,22.6756329113925,21.833540716162,-1,562,500
63.2,26.8519167514429,26.2254200632175,25.0988556897648,-1,562,500
76.8,26.8519167514429,25.3605212355213,24.3069108819455,-1,562,500
41.35,26.8519167514429,27.3587296077751,26.1330465000827,-1,562,500
59.3,26.8519167514429,26.423231645994,25.2796542340323,-1,562,500
96.55,26.8519167514429,23.2577456476838,22.3717240402323,-1,562,500
21.75,26.8519167514429,28.5581521739131,27.2232373728667,-1,562,500
46.9,26.8519167514429,27.0349854227406,25.8380235602094,-1,562,500
6.55,26.8519167514429,30.3622881355933,28.8547414580669,-1,562,500
90.7,26.8519167514429,24.2152073732719,23.2546016786924,-1,562,500
43.65,26.8519167514429,27.2264248704664,26.0125185307198,-1,562,500
2.35,26.8519167514429,31.1975064318227,29.6066741657293,-1,562,500
29.2,26.8519167514429,28.0001776198935,26.7166300118423,-1,562,500
15.85,26.8519167514429,29.2090050027794,27.8129623106728,-1,562,500
13.85,26.8519167514429,29.3121978430644,27.9063438770101,-1,562,500
86.15,26.8519167514429,24.7474097331241,23.7440986317847,-1,562,500
20.05,26.8519167514429,28.7981366459628,27.4408340573414,-1,562,500
11.05,26.8519167514429,29.5650787696925,28.1350436486727,-1,562,500
84.9,26.8519167514429,24.720244629136,23.7191348753379,-1,562,500
75.55,26.8519167514429,25.4136708044495,24.3556446637878,-1,562,500
84.85,26.8519167514429,24.5546728971963,23.5669303089091,-1,562,500
41.3,26.8519167514429,27.4062934631433,26.1763633349909,-1,562,500
45.65,26.8519167514429,27.1233654507915,25.9185951091416,-1,562,500
52.1,26.8519167514429,26.8142541248512,25.6366883116883,-1,562,500
66.9,26.8519167514429,25.8852216748769,24.7876314550306,-1,562,500
76.9,26.8519167514429,25.2913524787422,24.2434755910347,-1,562,500
44.65,26.8519167514429,27.1093723129837,25.9058398950131,-1,562,500
11.65,26.8519167514429,29.9015553869499,28.4390419593013,-1,562,500
31.4,26.8519167514429,27.9505319148936,26.6715081911839,-1,562,500
66.45,26.8519167514429,26.0176596798152,24.908832807571,-1,562,500
1.95,26.8519167514429,31.1174496644296,29.5346923508509,-1,562,500
57.95,26.8519167514429,26.4942857142857,25.3445674851549,-1,562,500
70.5,26.8519167514429,25.7625428991666,24.6753125,-1,562,500
80.3,26.8519167514429,25.0661472412149,24.0368340943683,-1,562,500
11.1,26.8519167514429,29.5373805508714,28.1100035599858,-1,562,500
22.4,26.8519167514429,28.6985253959586,27.3505368895047,-1,562,500
2.85,26.8519167514429,30.8918283362728,29.3317236255572,-1,562,500
82.65,26.8519167514429,24.8214454416627,23.812123039807,-1,562,500
78.85,26.8519167514429,25.1140672295684,24.0808173223544,-1,562,500
67.85,26.8519167514429,25.8724766125062,24.7759648572325,-1,562,500
91.4,26.8519167514429,24.0489702517163,23.101521357519,-1,562,500
42.5,26.8519167514429,27.2829698857737,26.064036969797,-1,562,500
54.9,26.8519167514429,26.6285472972974,25.4671827124657,-1,562,500
64.75,26.8519167514429,26.0995033112583,24.983705109951,-1,562,500
34.95,26.8519167514429,27.7830454705676,26.5192275398825,-1,562,500
75.35,26.8519167514429,25.4547069271759,24.393265369169,-1,562,500
97.8,26.8519167514429,22.9129360465117,22.0530652143555,-1,562,500
55.4,26.8519167514429,26.6375464684015,25.4753992579448,-1,562,500
52.7,26.8519167514429,26.7278738555443,25.5578572584561,-1,562,500
39.6,26.8519167514429,27.5355458515284,26.2940392940393,-1,562,500
28.05,26.8519167514429,28.2561390930275,26.9491467576792,-1,562,500
1.5,26.8519167514429,31.6738999397228,30.0346139216432,-1,562,500
37.95,26.8519167514429,27.5933835112901,26.3466800133467,-1,562,500
10.25,26.8519167514429,29.7941787941789,28.3420674802584,-1,562,500
16.35,26.8519167514429,28.9355726872247,27.565369174376,-1,562,500
46.35,26.8519167514429,27.1233654507915,25.9185951091416,-1,562,500
83.95,26.8519167514429,24.7707416719045,23.7655379984951,-1,562,500
93.1,26.8519167514429,23.6449677516125,22.7291306850892,-1,562,500
31.95,26.8519167514429,28.0749777382013,26.7845997286296,-1,562,500
89.15,26.8519167514429,24.2338201383552,23.2717359269083,-1,562,500
54.8,26.8519167514429,26.7007113821139,25.5330638641876,-1,562,500
99.3,26.8519167514429,21.5621665982766,20.8011064278188,-1,562,500
17.95,26.8519167514429,28.9941144013243,27.6183980412732,-1,562,500
96.15,26.8519167514429,23.1825,22.3022172009603,-1,562,500
66.95,26.8519167514429,25.9491358024692,24.8461296412838,-1,562,500
90.3,26.8519167514429,24.1817763460654,23.2238235294118,-1,562,500
44.4,26.8519167514429,27.2358327574292,26.0210907892569,-1,562,500
48.05,26.8519167514429,26.9794626048263,25.7873938602221,-1,562,500
94.35,26.8519167514429,23.7948679245283,22.8673617144512,-1,562,500
86.55,26.8519167514429,24.4822177356733,23.5002976190476,-1,562,500
49.75,26.8519167514429,26.8874296435273,25.7034505208333,-1,562,500
56.75,26.8519167514429,26.4720403022671,25.3242463117383,-1,562,500
48.4,26.8519167514429,27.0118231665525,25.8169037109694,-1,562,500
94.65,26.8519167514429,23.4619735079625,22.5602857142857,-1,562,500
63.3,26.8519167514429,26.1341180371354,25.0153651195945,-1,562,500
31.3,26.8519167514429,27.965407131453,26.6850287259209,-1,562,500
25.4,26.8519167514429,28.3935518731989,27.0738899365678,-1,562,500
85.4,26.8519167514429,24.5623247117483,23.5739662636214,-1,562,500
31.7,26.8519167514429,27.906001062135,26.6310286677909,-1,562,500
17.55,26.8519167514429,29.0368391969056,27.6570928196147,-1,562,500
61.45,26.8519167514429,26.2910273515678,25.1588338378206,-1,562,500
92.7,26.8519167514429,23.7161125319694,22.7947459584296,-1,562,500
88.5,26.8519167514429,24.467018469657,23.4863176680547,-1,562,500
96.95,26.8519167514429,22.8597737819026,22.0039013515396,-1,562,500
76,26.8519167514429,25.2954107830553,24.2471979118686,-1,562,500
69.7,26.8519167514429,25.7625428991666,24.6753125,-1,562,500
45.4,26.8519167514429,27.1327022375215,25.9271055655886,-1,562,500
65.1,26.8519167514429,26.1254557507458,25.0074425969913,-1,562,500
38,26.8519167514429,27.5355458515284,26.2940392940393,-1,562,500
54.8,26.8519167514429,26.5881261595548,25.4302737520129,-1,562,500
99.65,26.8519167514429,21.3461069735952,20.6003130707018,-1,562,500
69.05,26.8519167514429,25.8131652202391,24.7216656230432,-1,562,500
24.45,26.8519167514429,28.3526978417267,27.0368087656223,-1,562,500
1,26.8519167514429,31.9823493609252,30.3113243761996,-1,562,500
34.55,26.8519167514429,27.7928420310297,26.5281370737443,-1,562,500
22.05,26.8519167514429,28.5426398696361,27.2091660923501,-1,562,500
70.3,26.8519167514429,25.6869806094184,24.6061078217513,-1,562,500
50.55,26.8519167514429,26.9379699248121,25.7495516060655,-1,562,500
70.3,26.8519167514429,25.7205090553109,24.6368174726989,-1,562,500
19.1,26.8519167514429,28.7403828623519,27.3884842178287,-1,562,500
8.3,26.8519167514429,29.8110816944025,28.3573352486981,-1,562,500
16.7,26.8519167514429,29.2415136338342,27.8423836389281,-1,562,500
51.35,26.8519167514429,26.7914683888512,25.615896188159,-1,562,500
76.4,26.8519167514429,25.3360655737705,24.2844840842688,-1,562,500
60.4,26.8519167514429,26.3129694541813,25.1788903061224,-1,562,500
30.2,26.8519167514429,28.0549919914576,26.7664406779661,-1,562,500
75.05,26.8519167514429,25.5206410879068,24.4537008361722,-1,562,500
94.2,26.8519167514429,23.5144689737471,22.6087329992842,-1,562,500
77.3,26.8519167514429,25.2751322751323,24.2285977293648,-1,562,500
66.4,26.8519167514429,25.9192699769813,24.8187961653308,-1,562,500
94.55,26.8519167514429,23.4899418864551,22.5860983981693,-1,562,500
40.2,26.8519167514429,27.4635888501743,26.2285334662016,-1,562,500
84.55,26.8519167514429,24.6275581940322,23.6339419335528,-1,562,500
35.25,26.8519167514429,27.7146624472574,26.4570279778857,-1,562,500
79.95,26.8519167514429,25.1220717131475,24.088163514338,-1,562,500
43.55,26.8519167514429,27.335009537021,26.1114417989418,-1,562,500
85.3,26.8519167514429,24.8802083333334,23.866102463352,-1,562,500
24.75,26.8519167514429,28.3935518731989,27.0738899365678,-1,562,500
77.45,26.8519167514429,25.2104589796898,24.1692684419957,-1,562,500
10.7,26.8519167514429,29.6708074534162,28.2306042188059,-1,562,500
86.05,26.8519167514429,24.6738143684458,23.6764617691154,-1,562,500
72.45,26.8519167514429,25.6076998050683,24.5334783284139,-1,562,500
92.55,26.8519167514429,23.8020534500982,22.8739860950174,-1,562,500
4.2,26.8519167514429,30.5446618872312,29.0191106210952,-1,562,500
13.85,26.8519167514429,29.57617260788,28.1450721796471,-1,562,500
30.1,26.8519167514429,28.0400213447173,26.7528375402338,-1,562,500
65.25,26.8519167514429,25.9919208573784,24.8852820674441,-1,562,500
25.85,26.8519167514429,28.4089025049559,27.0878216123499,-1,562,500
81.2,26.8519167514429,25.0065038071067,23.9820804859529,-1,562,500
21.55,26.8519167514429,28.677642350373,27.3316026306681,-1,562,500
1.85,26.8519167514429,31.4589902215128,29.8416477702192,-1,562,500
97.3,26.8519167514429,23.0604154476302,22.1894056484474,-1,562,500
60.9,26.8519167514429,26.2735,25.1428116541952,-1,562,500
93.5,26.8519167514429,23.8236360888621,22.8938822847202,-1,562,500
25.75,26.8519167514429,28.2358946802795,26.9307639836289,-1,562,500
61.65,26.8519167514429,26.2866433216609,25.1548263778273,-1,562,500
47.45,26.8519167514429,26.9979448535708,25.8042483660131,-1,562,500
95.35,26.8519167514429,23.409711909712,22.512045616536,-1,562,500
25.25,26.8519167514429,28.3475993526345,27.0321807600137,-1,562,500
5.45,26.8519167514429,30.7772354549005,29.2285767166389,-1,562,500
11.2,26.8519167514429,29.5429160419791,28.115008011394,-1,562,500
18.3,26.8519167514429,28.8666910822194,27.5029606408917,-1,562,500
95.45,26.8519167514429,23.5074560095437,22.6022613424932,-1,562,500
10.25,26.8519167514429,29.8788855193329,28.4185711714954,-1,562,500
32.9,26.8519167514429,27.9010619469027,26.6265385263868,-1,562,500
35.9,26.8519167514429,27.7683635723094,26.5058744545149,-1,562,500
15.6,26.8519167514429,29.2360905044511,27.8374757623832,-1,562,500
16.85,26.8519167514429,29.0314917127072,27.6522500437752,-1,562,500
52.25,26.8519167514429,26.8142541248512,25.6366883116883,-1,562,500
12.55,26.8519167514429,29.57617260788,28.1450721796471,-1,562,500
32.6,26.8519167514429,27.8911889596603,26.6175627844261,-1,562,500
9.1,26.8519167514429,29.7267584386197,28.2811604584527,-1,562,500
16.15,26.8519167514429,28.9090408949203,27.5413324032089,-1,562,500
91.2,26.8519167514429,24.2152073732719,23.2546016786924,-1,562,500
96.05,26.8519167514429,23.1077396657872,22.2331409263691,-1,562,500
35.2,26.8519167514429,27.709790824398,26.4525963149079,-1,562,500
76.5,26.8519167514429,25.4177684617866,24.3594015116458,-1,562,500
60.85,26.8519167514429,26.2735000000001,25.1428116541952,-1,562,500
60.25,26.8519167514429,26.2954128440368,25.1628425748885,-1,562,500
96.2,26.8519167514429,23.2543147956926,22.3685552407932,-1,562,500
31.7,26.8519167514429,27.8813229571985,26.6085930918281,-1,562,500
2.8,26.8519167514429,31.6040497193264,29.9719111785918,-1,562,500
85.8,26.8519167514429,24.5470258486454,23.5598985528868,-1,562,500
7.85,26.8519167514429,29.9925799086758,28.5212208777316,-1,562,500
86.1,26.8519167514429,24.6776768941767,23.6800119958015,-1,562,500
11.85,26.8519167514429,29.3121978430644,27.9063438770101,-1,562,500
91.5,26.8519167514429,23.9685266838985,23.0274132400117,-1,562,500
9.15,26.8519167514429,29.771671388102,28.3217360114778,-1,562,500
56.05,26.8519167514429,26.6645805142084,25.5000807363152,-1,562,500
7.35,26.8519167514429,30.2748223545228,28.7758746355685,-1,562,500
94.6,26.8519167514429,23.3403908794789,22.4480454868515,-1,562,500
26.75,26.8519167514429,28.3221343873519,27.0090644775098,-1,562,500
0.1,26.8519167514429,33.7416523972603,31.8841106400162,-1,562,500
84.15,26.8519167514429,24.7785287645395,23.7726930603643,-1,562,500
56.8,26.8519167514429,26.5567722371968,25.4016406626991,-1,562,500
42.55,26.8519167514429,27.3255330213209,26.1028099173554,-1,562,500
64.15,26.8519167514429,26.1254557507458,25.0074425969913,-1,562,500
94.1,26.8519167514429,23.8164375283276,22.8872463768116,-1,562,500
4.65,26.8519167514429,30.627744317078,29.0939572586588,-1,562,500
24.3,26.8519167514429,28.4910536779325,27.1623667010664,-1,562,500
22.35,26.8519167514429,28.485905312613,27.1576956147893,-1,562,500
44.75,26.8519167514429,27.2123252200933,25.9996707276918,-1,562,500
32.25,26.8519167514429,27.8173636844892,26.5504371217216,-1,562,500
50,26.8519167514429,26.8828444747613,25.6992676973149,-1,562,500
21.4,26.8519167514429,28.4807588075881,27.1530261348005,-1,562,500
94.5,26.8519167514429,23.5320197044335,22.6249283667622,-1,562,500
84.75,26.8519167514429,24.7590702057484,23.7548134777377,-1,562,500
96,26.8519167514429,23.2852289512556,22.3971067933626,-1,562,500
8.8,26.8519167514429,30.1994252873564,28.707871296128,-1,562,500
84.45,26.8519167514429,24.5891436593356,23.5986252241482,-1,562,500
52.7,26.8519167514429,26.6916694886557,25.5248100856635,-1,562,500
88.8,26.8519167514429,24.6391059706158,23.6445575684983,-1,562,500
83.9,26.8519167514429,24.786320754717,23.7798524318627,-1,562,500
83.75,26.8519167514429,24.9116624525917,23.8949916780148,-1,562,500
91,26.8519167514429,23.8886194878013,22.9537790697674,-1,562,500
57.5,26.8519167514429,26.4409594095942,25.2958513535159,-1,562,500
21.25,26.8519167514429,28.7456236323852,27.3932350390286,-1,562,500
27.85,26.8519167514429,28.3272237196766,27.0136845706466,-1,562,500
6.8,26.8519167514429,29.8505964779398,28.3930240920532,-1,562,500
13.4,26.8519167514429,29.3176492467919,27.9112760692824,-1,562,500
37.7,26.8519167514429,27.6466152227289,26.3951195052649,-1,562,500
9.75,26.8519167514429,30.0841603053436,28.6038761094005,-1,562,500
72.45,26.8519167514429,25.5413156189242,24.4726483805982,-1,562,500
77.7,26.8519167514429,25.2104589796898,24.1692684419957,-1,562,500
33,26.8519167514429,27.9010619469027,26.6265385263868,-1,562,500
5.65,26.8519167514429,30.7592195121951,29.2123566407695,-1,562,500
95.65,48.5571902023442,44.6599200814466,40.7413493721614,0,562,500
16.5,48.5571902023442,51.152232877762,45.9426910882439,0,562,500
98.3,48.5571902023442,44.0563636730139,40.3228783671614,0,562,500
75.6,48.5571902023442,46.83209514881,41.8150643282654,0,562,500
9.2,48.5571902023442,51.7488137139937,46.6659491721616,0,562,500
41.7,48.5571902023442,49.1633825233593,44.7299937866314,0,562,500
54.6,48.5571902023442,48.2851001711138,43.9957575430115,0,562,500
11.2,48.5571902023442,51.4497886170873,46.7971245093938,0,562,500
96.1,48.5571902023442,44.3935377341154,40.2826365103627,0,562,500
31.55,48.5571902023442,49.660214744034,45.5805914784106,0,562,500
52.5,48.5571902023442,48.4501774153544,43.9159278227974,0,562,500
46.45,48.5571902023442,48.8190741300824,44.0508890212295,0,562,500
78.15,48.5571902023442,46.643141124755,41.8714806915479,0,562,500
62.2,48.5571902023442,47.8327628474223,43.2196199994509,0,562,500
67.25,48.5571902023442,47.3801185082203,42.0221930105142,0,562,500
18.55,48.5571902023442,50.914174963723,45.8699218277566,0,562,500
92,48.5571902023442,45.4400891614392,41.5865010688785,0,562,500
91.8,48.5571902023442,45.3532108215251,41.6448955818875,0,562,500
61.05,48.5571902023442,47.9053454675863,42.813761441172,0,562,500
84.35,48.5571902023442,46.1933092264762,41.7217885277722,0,562,500
3.6,48.5571902023442,52.9988680827503,47.821021649579,0,562,500
90.75,48.5571902023442,45.4617696188758,41.2907236740101,0,562,500
11.3,48.5571902023442,51.5362423418965,46.8961581639394,0,562,500
22,48.5571902023442,50.6698446867669,45.3349292813284,0,562,500
73.25,48.5571902023442,47.1589128384432,42.8494486909418,0,562,500
99.35,48.5571902023442,42.634869117223,39.0920365656848,0,562,500
5.25,48.5571902023442,52.7222340915906,47.5271010983923,0,562,500
30.25,48.5571902023442,49.8393669470783,45.5167919936941,0,562,500
24.6,48.5571902023442,50.3731528922677,45.6918500436315,0,562,500
85.45,48.5571902023442,46.2384441114858,41.9905735029714,0,562,500
53.8,48.5571902023442,48.3394358003818,44.372668549746,0,562,500
1.35,48.5571902023442,53.7157875624382,48.5259550386441,0,562,500
49.5,48.5571902023442,48.6480504004931,43.847428725088,0,562,500
25.3,48.5571902023442,50.1684397538409,45.5362033712778,0,562,500
93,48.5571902023442,45.1855089466738,40.9987476993391,0,562,500
30.35,48.5571902023442,50.0002174540535,44.6814084363091,0,562,500
45,48.5571902023442,48.8491925900551,44.240978428173,0,562,500
99.7,48.5571902023442,42.6856823602926,39.435351009944,0,562,500
85.75,48.5571902023442,46.0575510625032,42.0347081295781,0,562,500
17.7,48.5571902023442,50.8426236966763,46.0008287497379,0,562,500
41.05,48.5571902023442,49.1063476001952,45.1381502912526,0,562,500
41.7,48.5571902023442,49.0170751649588,45.0055838971352,0,562,500
15.3,48.5571902023442,51.1313515630212,46.1619009505033,0,562,500
48.45,48.5571902023442,48.6960801473641,44.6042396317809,0,562,500
20.55,48.5571902023442,50.6262653541679,45.7222415667622,0,562,500
28.05,48.5571902023442,49.9543982760313,45.574159396699,0,562,500
5.25,48.5571902023442,52.4673141870872,47.5933051461085,0,562,500
39.55,48.5571902023442,49.1139979493884,44.4070964396952,0,562,500
69.2,48.5571902023442,47.3063007224496,42.1788044195686,0,562,500
41.35,48.5571902023442,49.0889263828363,44.6622157711663,0,562,500
67.9,48.5571902023442,47.4810378782583,42.9840314116966,0,562,500
76.2,48.5571902023442,46.9505209947388,42.8942832141722,0,562,500
80.15,48.5571902023442,46.652565960616,42.6538038565506,0,562,500
55.5,48.5571902023442,48.3293466358864,43.8280376068113,0,562,500
41.2,48.5571902023442,49.1035875925541,44.3844245473428,0,562,500
63.05,48.5571902023442,47.6713111015325,43.0538296552967,0,562,500
70.25,48.5571902023442,47.2184631575214,43.2221089450936,0,562,500
89.8,48.5571902023442,45.790189288021,41.7339343250604,0,562,500
19.8,48.5571902023442,50.6377127950294,45.943913440317,0,562,500
7.6,48.5571902023442,52.4230943515351,46.6797412120865,0,562,500
16.7,48.5571902023442,51.0634353207888,45.6864205272622,0,562,500
22.8,48.5571902023442,50.3368470654641,45.7782424798208,0,562,500
84.35,48.5571902023442,46.2948662157507,42.1653462311892,0,562,500
52.35,48.5571902023442,48.3978615042033,43.5460385070747,0,562,500
32.75,48.5571902023442,49.6985265014986,45.5644454603411,0,562,500
7.95,48.5571902023442,51.9554826978259,47.2653516305857,0,562,500
70.6,48.5571902023442,47.4451974067016,43.3991681222822,0,562,500
32.4,48.5571902023442,49.5960959947495,45.495254105537,0,562,500
93.45,48.5571902023442,44.9095481074808,40.6162250290412,0,562,500
12.55,48.5571902023442,51.2591740102812,46.8993537102968,0,562,500
24.55,48.5571902023442,50.4334572642127,45.6520566631625,0,562,500
44,48.5571902023442,48.950477423931,44.2107791375284,0,562,500
16,48.5571902023442,50.9841433961574,46.2096760705058,0,562,500
78.15,48.5571902023442,46.8492935950582,43.0086817229681,0,562,500
68.15,48.5571902023442,47.485310346887,42.9311254588292,0,562,500
87.15,48.5571902023442,45.9086860764438,41.9818829361756,0,562,500
50.05,48.5571902023442,48.5500006047808,44.4827113921345,0,562,500
62.4,48.5571902023442,47.8429907850996,44.0447635629814,0,562,500
30,48.5571902023442,49.8815269413422,45.4314845126328,0,562,500
26.9,48.5571902023442,50.0033724715744,45.3326614271228,0,562,500
95.95,48.5571902023442,44.060290127567,39.7694775005174,0,562,500
91.7,48.5571902023442,45.4837680716932,41.6501120958133,0,562,500
49.4,48.5571902023442,48.6254348832686,43.7721054357588,0,562,500
95.85,48.5571902023442,44.7886021136338,40.9488841400756,0,562,500
98.5,48.5571902023442,44.0136014373312,40.5463419523703,0,562,500
20.95,48.5571902023442,50.5006726788698,46.1940947351835,0,562,500
63.5,48.5571902023442,47.7809449277513,43.8250916096528,0,562,500
77.2,48.5571902023442,46.8028754527357,42.5897335726208,0,562,500
33.9,48.5571902023442,49.5869282606199,44.973711065826,0,562,500
58.4,48.5571902023442,48.0865614499966,43.2559806588751,0,562,500
0,48.5571902023442,58.2911097266279,51.7077590696385,0,562,500
29.7,48.5571902023442,49.8956117459445,45.2520267133304,0,562,500
78.05,48.5571902023442,46.8196660817878,42.8087657115966,0,562,500
27.55,48.5571902023442,50.2047272444856,44.7928140563665,0,562,500
43.75,48.5571902023442,48.9741562527066,44.8521316160756,0,562,500
89.9,48.5571902023442,45.7490588729041,42.1170479955046,0,562,500
23.1,48.5571902023442,50.2249661547359,45.9091389988602,0,562,500
37.55,48.5571902023442,49.2313314777451,45.565615943518,0,562,500
88.7,48.5571902023442,45.7233227491291,41.7492130888331,0,562,500
21.1,48.5571902023442,50.764094557046,45.4445082318538,0,562,500
33.45,48.5571902023442,49.5551084060687,45.7253327207465,0,562,500
49.05,48.5571902023442,48.6415838994332,44.8565606566725,0,562,500
99.9,48.5571902023442,41.6910614749975,38.1297706841615,0,562,500
79.15,48.5571902023442,46.6000154969826,41.8482842954741,0,562,500
35.25,48.5571902023442,49.5183288936143,44.3474224017174,0,562,500
26.1,48.5571902023442,50.2580047608954,45.3355522049945,0,562,500
41.15,48.5571902023442,49.0814646237261,44.1058190372064,0,562,500
60.05,48.5571902023442,47.9577699324112,44.3469208035828,0,562,500
88.3,48.5571902023442,45.951061107152,41.8770880826286,0,562,500
96.7,48.5571902023442,44.6713810614938,41.3299731306527,0,562,500
24.25,48.5571902023442,50.3869268455186,45.5908601864815,0,562,500
42.2,48.5571902023442,49.1398778039731,44.4292638747528,0,562,500
57.65,48.5571902023442,48.1554431104464,44.0773713286708,0,562,500
72.7,48.5571902023442,47.1379237344241,42.5944182926146,0,562,500
9,48.5571902023442,51.9022182097326,47.1256572830652,0,562,500
99.75,48.5571902023442,42.7720022736336,39.4834814636147,0,562,500
13.8,48.5571902023442,51.1982796825706,46.6844305279582,0,562,500
35.55,48.5571902023442,49.6389512083004,43.9451330164971,0,562,500
27.95,48.5571902023442,49.9345514475668,45.5628561768861,0,562,500
29.35,48.5571902023442,49.852411090936,45.2890008172803,0,562,500
44,48.5571902023442,48.9647295402836,44.9488139092442,0,562,500
87.6,48.5571902023442,45.7741263310414,41.1263478819642,0,562,500
80.35,48.5571902023442,46.328580682186,41.0648720308266,0,562,500
92.75,48.5571902023442,45.430178574702,41.5491624625872,0,562,500
70.1,48.5571902023442,47.411341791212,43.1784579170587,0,562,500
31.15,48.5571902023442,49.6752112102696,45.307515371043,0,562,500
90.6,48.5571902023442,45.6117279219971,41.9169291691303,0,562,500
85.85,48.5571902023442,46.1154673906824,42.2391343759925,0,562,500
95.1,48.5571902023442,44.6930230942015,40.7028065508752,0,562,500
38.85,48.5571902023442,49.3070395677297,44.7430462308868,0,562,500
4.05,48.5571902023442,52.6474897324582,47.9605659662567,0,562,500
5.95,48.5571902023442,52.2092060689765,47.6028406907525,0,562,500
98.45,48.5571902023442,43.8048171743366,39.9806806674773,0,562,500
5.65,48.5571902023442,52.7771316787186,46.9558181664346,0,562,500
85.7,48.5571902023442,46.1082419989441,41.6433782903142,0,562,500
18.25,48.5571902023442,50.8083246842317,45.9326304885913,0,562,500
70.5,48.5571902023442,47.2598390120148,42.3631715498826,0,562,500
11.5,48.5571902023442,51.6724129595189,46.6470909744789,0,562,500
56.05,48.5571902023442,48.222695945224,43.895784639896,0,562,500
11.15,48.5571902023442,51.5023725970671,46.474161460233,0,562,500
11.65,48.5571902023442,51.488677369181,46.5138312546001,0,562,500
76.8,48.5571902023442,46.850966927078,42.4967089641137,0,562,500
98.85,48.5571902023442,43.7148434954902,40.1507475870757,0,562,500
21.75,48.5571902023442,50.4989862583978,45.53527898443,0,562,500
17.15,48.5571902023442,50.9821034533589,46.2719826490829,0,562,500
5.7,48.5571902023442,52.671665056948,47.1424794286497,0,562,500
28.3,48.5571902023442,49.9543267653488,46.0978542984438,0,562,500
82.1,48.5571902023442,46.558214555126,42.8612564049864,0,562,500
34.5,48.5571902023442,49.4763577543428,45.1882095757556,0,562,500
67.2,48.5571902023442,47.5974796575885,43.4750857265065,0,562,500
13.45,48.5571902023442,51.3086292038504,45.5833700945241,0,562,500
42.35,48.5571902023442,49.1281830300726,44.6227676342096,0,562,500
96,48.5571902023442,44.2689537302228,40.3525810493028,0,562,500
51.05,48.5571902023442,48.5068410827525,43.5220698056787,0,562,500
36.7,48.5571902023442,49.3461165807256,44.8483719141508,0,562,500
11.15,48.5571902023442,51.2738287841706,46.680805779333,0,562,500
56.4,48.5571902023442,48.2286263360802,43.9455691371082,0,562,500
52.15,48.5571902023442,48.5082942115375,43.5828715334372,0,562,500
99.8,48.5571902023442,41.9451177781731,38.2819578780079,0,562,500
67.45,48.5571902023442,47.5343877226632,43.3555891012512,0,562,500
69.75,48.5571902023442,47.2765376240818,42.6552779940758,0,562,500
67.2,48.5571902023442,47.4086927595838,42.5594894586447,0,562,500
86.7,48.5571902023442,46.0601750220092,41.7292648084386,0,562,500
55.85,48.5571902023442,48.2388590177255,43.7220464458339,0,562,500
22.95,48.5571902023442,50.2231730081392,45.8480932487771,0,562,500
88.75,48.5571902023442,45.8290784406181,42.0449299215327,0,562,500
88.8,48.5571902023442,46.0654004956838,42.6624073036417,0,562,500
33.8,48.5571902023442,49.6239906681112,44.9248594239487,0,562,500
15.8,48.5571902023442,51.1338860034475,46.50735909271,0,562,500
43.5,48.5571902023442,49.0386108672646,44.2265760437524,0,562,500
93.05,48.5571902023442,45.1755612458024,41.5204860233322,0,562,500
0.6,48.5571902023442,54.9129708897841,49.4100659710083,0,562,500
33.15,48.5571902023442,49.6494141795299,44.7168921516059,0,562,500
30.9,48.5571902023442,49.7680333870947,45.5522820633536,0,562,500
89.9,48.5571902023442,45.5679307479945,41.4646122087426,0,562,500
67.05,48.5571902023442,47.6445017003837,43.5478265796625,0,562,500
40.05,48.5571902023442,49.2046046365669,44.3951305608867,0,562,500
37.35,48.5571902023442,49.4118763612937,44.8720457771322,0,562,500
28.9,48.5571902023442,49.95064042752,45.1941815340225,0,562,500
72.95,48.5571902023442,47.1689158449741,43.0883527360583,0,562,500
36.45,48.5571902023442,49.4215421677593,44.8460171670001,0,562,500
84.7,48.5571902023442,46.1856427438751,41.9894431255515,0,562,500
11.4,48.5571902023442,51.574052828198,46.4140848160846,0,562,500
93,48.5571902023442,45.1631893204918,41.1515321471931,0,562,500
81.9,48.5571902023442,46.2187428427528,41.4501564979729,0,562,500
65.8,48.5571902023442,47.6283276454529,43.5734108264497,0,562,500
70.1,48.5571902023442,47.3133605868097,42.909592186702,0,562,500
59.2,48.5571902023442,47.9808351814025,43.1124892629914,0,562,500
62.05,48.5571902023442,47.871742455861,42.4842243654365,0,562,500
83.6,48.5571902023442,46.2745498952371,42.272207511381,0,562,500
6.3,48.5571902023442,52.8445123876574,47.1315628637076,0,562,500
4.6,48.5571902023442,52.4930736733593,48.0749570175838,0,562,500
99.45,48.5571902023442,43.2160003002855,39.6470304763645,0,562,500
34.25,48.5571902023442,49.6690313379381,44.6003901289086,0,562,500
10.6,48.5571902023442,51.8602331803717,46.8478930796984,0,562,500
99.8,48.5571902023442,42.4471319250502,39.2731727281244,0,562,500
69.2,48.5571902023442,47.4030151126257,43.012623106277,0,562,500
69.35,48.5571902023442,47.338841898562,42.813361428977,0,562,500
18.35,48.5571902023442,50.6435996415432,46.3618825294686,0,562,500
94.35,48.5571902023442,45.1380268610486,41.5448486756888,0,562,500
43.25,48.5571902023442,49.0048820806392,44.6215077772562,0,562,500
46.5,48.5571902023442,48.8378527254632,44.6502740065276,0,562,500
3.7,48.5571902023442,52.6803948788533,47.7890378544262,0,562,500
73.45,48.5571902023442,47.0809349487265,42.5716659541398,0,562,500
94.05,48.5571902023442,45.2020249623963,41.7049328828353,0,562,500
78.4,48.5571902023442,46.7495328949693,43.0274924677593,0,562,500
71.35,48.5571902023442,47.1960883927377,42.9327801032372,0,562,500
73.25,48.5571902023442,47.1032379264898,42.5564822162202,0,562,500
79.1,48.5571902023442,46.5715649142976,42.4973585430338,0,562,500
53.45,48.5571902023442,48.3368604600509,44.2645485141162,0,562,500
97.45,48.5571902023442,43.6172217918879,39.2565957940359,0,562,500
38.65,48.5571902023442,49.2374819839842,44.1209302035995,0,562,500
54.9,48.5571902023442,48.3043093155184,44.2335611563049,0,562,500
6.8,48.5571902023442,52.0496440316065,47.5905430319581,0,562,500
91,48.5571902023442,45.7245879012695,41.980949076645,0,562,500
46.75,48.5571902023442,48.8492411309084,43.9457915575772,0,562,500
84.35,48.5571902023442,46.329890699668,42.4733052249947,0,562,500
19.05,48.5571902023442,50.6569948948214,45.7781755496615,0,562,500
4.85,48.5571902023442,52.2886507732053,47.7541379349917,0,562,500
29.5,48.5571902023442,50.0259803172236,45.0500129204501,0,562,500
51.5,48.5571902023442,48.4607992222529,44.1066044650111,0,562,500
32.45,48.5571902023442,49.6675945964352,45.0891310799391,0,562,500
87.4,48.5571902023442,45.9558208581083,41.9706207098102,0,562,500
50.3,48.5571902023442,48.5973662633486,43.7060574270863,0,562,500
33.3,48.5571902023442,49.6191812523725,44.8810371487368,0,562,500
30.65,48.5571902023442,49.5965147145114,45.590292228027,0,562,500
94.1,48.5571902023442,45.2728405202781,41.763964906939,0,562,500
99.55,48.5571902023442,43.080152216748,39.3989474138118,0,562,500
52.2,48.5571902023442,48.5251757002875,44.2563208977258,0,562,500
93.8,48.5571902023442,45.0212922204208,40.9915861953582,0,562,500
56.3,48.5571902023442,48.2164604525393,44.4352290834084,0,562,500
5.85,48.5571902023442,52.4592020912026,47.3354168690262,0,562,500
68.4,48.5571902023442,47.3634021340338,42.2356133526726,0,562,500
78.95,48.5571902023442,46.5714807513832,42.0581869048826,0,562,500
18.2,48.5571902023442,50.9414142238616,46.0269839553053,0,562,500
78.5,48.5571902023442,46.8671707960246,42.8772944673225,0,562,500
35.85,48.5571902023442,49.4953585805455,44.7499696418997,0,562,500
7.4,48.5571902023442,52.3994738068497,47.2437127353255,0,562,500
25.45,48.5571902023442,50.3362986107793,45.227199870473,0,562,500
68.3,48.5571902023442,47.4203757754945,43.4638356572932,0,562,500
76.45,48.5571902023442,46.7451483151792,42.3325376089125,0,562,500
14.1,48.5571902023442,51.1000784470046,46.7682089749553,0,562,500
21.05,48.5571902023442,50.4490863063258,46.2156253860033,0,562,500
0.3,48.5571902023442,55.9042140954023,50.0712688625532,0,562,500
24.7,48.5571902023442,50.2640057406544,45.6291455437727,0,562,500
42.35,48.5571902023442,49.0025855242265,44.7093151897877,0,562,500
77,48.5571902023442,46.9296200871159,42.9562379144899,0,562,500
76.7,48.5571902023442,46.9653106246416,43.326200407048,0,562,500
95.95,48.5571902023442,44.7502276800628,41.0087811163799,0,562,500
62.7,48.5571902023442,47.8781519659229,43.0683319984054,0,562,500
99.95,48.5571902023442,42.0397348833918,38.9679344547569,0,562,500
23.05,48.5571902023442,50.4102372002032,45.7583258308513,0,562,500
0.25,48.5571902023442,55.933119256834,49.4789514579328,0,562,500
70.9,48.5571902023442,47.3045417686736,43.5634578923625,0,562,500
10.85,48.5571902023442,51.5951798166756,46.5539824231737,0,562,500
94.45,48.5571902023442,44.9862545786049,41.4115789172496,0,562,500
85.7,48.5571902023442,45.6338342601908,40.5928547280281,0,562,500
10.25,48.5571902023442,51.6319326779846,46.7607760963701,0,562,500
67.95,48.5571902023442,47.4164572179182,42.8141353469705,0,562,500
84.25,48.5571902023442,46.2431784221739,42.1675771689015,0,562,500
58.45,48.5571902023442,48.0404195923081,43.7693718354097,0,562,500
69.7,48.5571902023442,47.4805517783839,43.6787327580165,0,562,500
27.2,48.5571902023442,50.0663542682252,45.154340410419,0,562,500
76.8,48.5571902023442,46.8619434942305,42.4650762618678,0,562,500
98.6,48.5571902023442,43.806294421653,40.4050359131336,0,562,500
32.05,48.5571902023442,49.7105312257789,44.8083247711215,0,562,500
65,48.5571902023442,47.7477149703777,43.6964170098137,0,562,500
51.75,48.5571902023442,48.5322708120245,44.2422433097294,0,562,500
88.5,48.5571902023442,45.9215229066819,42.2106966358031,0,562,500
99.6,48.5571902023442,42.3939564642852,38.6724403193287,0,562,500
38.45,48.5571902023442,49.1990284303887,45.2477063239695,0,562,500
92.15,48.5571902023442,45.1488555881685,41.028925077898,0,562,500
11.75,48.5571902023442,51.5070125646082,46.9367622128404,0,562,500
61.4,48.5571902023442,47.9128159989836,43.7689949473698,0,562,500
87.9,48.5571902023442,45.9965950745602,42.2944445544067,0,562,500
72.25,48.5571902023442,47.1202733450148,42.752842446293,0,562,500
14.3,48.5571902023442,51.2350182929615,46.2992218153507,0,562,500
4.15,48.5571902023442,52.7071660800743,47.8772927288684,0,562,500
24.8,48.5571902023442,50.2296994694989,45.3558886904951,0,562,500
31.35,48.5571902023442,49.7055236380568,45.5765185304866,0,562,500
65.1,48.5571902023442,47.697834745725,43.6284262666129,0,562,500
40.45,48.5571902023442,49.1564736406337,44.776450222855,0,562,500
5.5,48.5571902023442,52.7058952026168,47.0676967957821,0,562,500
74.35,48.5571902023442,47.1416139005168,43.2705153650028,0,562,500
91.6,48.5571902023442,45.5923503588778,41.7647188695958,0,562,500
32.5,48.5571902023442,49.7031942081545,44.8704544793273,0,562,500
91.95,48.5571902023442,45.6144230675616,42.236935384642,0,562,500
6.3,48.5571902023442,52.3989651277699,47.1081935396337,0,562,500
14,48.5571902023442,51.2392217994073,46.5529781787694,0,562,500
21.65,48.5571902023442,50.8800688585554,44.9647703769775,0,562,500
37.05,48.5571902023442,49.4622254671036,44.6125798302066,0,562,500
7.75,48.5571902023442,52.6888013001463,46.5889844505446,0,562,500
74.15,48.5571902023442,47.1126441792846,43.0314223356945,0,562,500
1.95,48.5571902023442,53.5799508570334,48.6684455148625,0,562,500
81.75,48.5571902023442,46.4484190490874,42.3647430457955,0,562,500
96.1,48.5571902023442,44.1947037962851,39.9481607790548,0,562,500
68.45,48.5571902023442,47.4030725715112,42.8085840699158,0,562,500
29.2,48.5571902023442,49.7297586648253,45.9799808132489,0,562,500
52.85,48.5571902023442,48.3171035322521,43.8677699878443,0,562,500
35.35,48.5571902023442,49.611408826914,44.2007817924733,0,562,500
3.6,48.5571902023442,52.9546991380264,48.1881437693533,0,562,500
61.9,48.5571902023442,47.8667029509394,43.2081348037878,0,562,500
24.7,48.5571902023442,50.1238549462601,46.1576750283793,0,562,500
83.1,48.5571902023442,46.2320397152836,41.7614470087535,0,562,500
31.1,48.5571902023442,49.7040183765057,45.334754674493,0,562,500
0.6,48.5571902023442,54.8084772354752,49.1069170605337,0,562,500
61.2,48.5571902023442,47.8715585551467,43.4993888086737,0,562,500
1.85,48.5571902023442,53.6069680373176,48.6696392592974,0,562,500
97.25,48.5571902023442,44.7719465482989,41.2902052557109,0,562,500
38.05,48.5571902023442,49.4706800920072,44.7006714354553,0,562,500
91.65,48.5571902023442,45.7360416144552,42.566265365854,0,562,500
89,48.5571902023442,45.5226038060923,40.9011031391324,0,562,500
45.95,48.5571902023442,48.7049777442643,44.5851484717073,0,562,500
20.85,48.5571902023442,50.5601159238933,45.8765426692324,0,562,500
38.5,48.5571902023442,49.2311416357686,44.8508353302302,0,562,500
55.4,48.5571902023442,48.3187817291832,43.9050658999486,0,562,500
9.55,48.5571902023442,51.3927964334736,47.46151493067,0,562,500
64.6,48.5571902023442,47.8221187879191,43.9885796907113,0,562,500
37.85,48.5571902023442,49.3220265081439,44.9260708476467,0,562,500
97.5,48.5571902023442,43.9775814253919,39.9001655479578,0,562,500
62.25,48.5571902023442,47.8532917686097,43.4379705871053,0,562,500
22.6,48.5571902023442,50.4428746206791,45.7597137431832,0,562,500
48.9,48.5571902023442,48.6884873718482,44.2921578309702,0,562,500
38,48.5571902023442,49.2366367319626,44.6757923138619,0,562,500
26.1,48.5571902023442,50.0173459732662,45.7745370156117,0,562,500
34.15,48.5571902023442,49.6595976340837,44.1709468917234,0,562,500
86.75,48.5571902023442,46.0055382322391,41.8222032455879,0,562,500
15.25,48.5571902023442,50.9662250181991,46.2503295413806,0,562,500
86.2,48.5571902023442,46.2242499589146,42.0767381311093,0,562,500
94.75,48.5571902023442,44.9326789406128,41.3370537533126,0,562,500
63.7,48.5571902023442,47.8208680007163,43.7176168895107,0,562,500
73.1,48.5571902023442,47.0360300712742,42.5169847384931,0,562,500
6.35,48.5571902023442,52.229792622034,47.0429548375863,0,562,500
4.95,48.5571902023442,52.7664058253056,48.0760154857402,0,562,500
38,48.5571902023442,49.1670425107739,44.5485624030043,0,562,500
57.15,48.5571902023442,48.1812153443731,43.8205547379448,0,562,500
7.65,48.5571902023442,51.9249307484499,47.7357166775585,0,562,500
99.4,48.5571902023442,43.1440646209406,39.8405353990569,0,562,500
22.7,48.5571902023442,50.202061451853,46.1925775817938,0,562,500
34.05,48.5571902023442,49.5320917287025,45.5043419756627,0,562,500
12.05,48.5571902023442,51.5487783662722,46.2114291637817,0,562,500
99.55,48.5571902023442,43.0510376626711,39.3968001981159,0,562,500
18.2,48.5571902023442,50.8033409028323,45.8660545207508,0,562,500
71.8,48.5571902023442,47.1955281588639,42.9748434594226,0,562,500
43.75,48.5571902023442,48.9702530896569,44.7308531742222,0,562,500
80.85,48.5571902023442,46.4007053478023,41.6897424823342,0,562,500
80,48.5571902023442,46.6335773862863,42.4366345376385,0,562,500
35.75,48.5571902023442,49.4005872042267,44.5557864941836,0,562,500
84.4,48.5571902023442,46.1510439843158,41.4677746426543,0,562,500
58.9,48.5571902023442,48.0429595645562,43.2298779831694,0,562,500
96.45,48.5571902023442,44.5776872441816,40.9968191102243,0,562,500
39.65,48.5571902023442,49.1654124571923,44.4016285178498,0,562,500
19.1,48.5571902023442,50.9335844143933,45.7959274308762,0,562,500
13.8,48.5571902023442,51.1867726981237,46.5044417461699,0,562,500
68.45,48.5571902023442,47.508964451119,43.5487281272114,0,562,500
45.45,48.5571902023442,48.9148196165075,43.8298205993594,0,562,500
97.5,48.5571902023442,44.0459404687856,39.9098533871136,0,562,500
7.2,48.5571902023442,52.1335430359598,47.2679707084303,0,562,500
21.05,48.5571902023442,50.406061781538,46.3046543772505,0,562,500
46.5,48.5571902023442,48.835599274733,44.2969175642478,0,562,500
68.15,48.5571902023442,47.3800188107663,43.14324256334,0,562,500
82.6,48.5571902023442,46.5689513230244,42.8607602292882,0,562,500
93.85,48.5571902023442,45.1070557337809,41.4091077938318,0,562,500
57.3,48.5571902023442,48.0992717613868,43.3943843330302,0,562,500
94.05,48.5571902023442,45.1860741865827,41.5706224353401,0,562,500
20.6,48.5571902023442,50.4626149606127,45.7943674862789,0,562,500
5,48.5571902023442,52.9228884644584,47.3569678561083,0,562,500
33,48.5571902023442,49.7286065980911,44.8064514809917,0,562,500
5.7,48.5571902023442,52.5242443576667,47.0923613928439,0,562,500
29.4,48.5571902023442,49.7624470800902,45.4412467328531,0,562,500
19.9,48.5571902023442,50.7990025862921,45.5547038757061,0,562,500
52,48.5571902023442,48.4524292860536,44.0507645596142,0,562,500
21.45,48.5571902023442,50.539802577286,45.4084489395294,0,562,500
82.85,48.5571902023442,46.3228348239311,42.1701823472871,0,562,500
4.5,48.5571902023442,52.7774278679598,47.7136287768149,0,562,500
31.05,48.5571902023442,49.7744570168509,45.0594474996566,0,562,500
44.3,48.5571902023442,48.9031328197588,44.3590504855277,0,562,500
74.25,48.5571902023442,46.9056218793998,41.8862323376243,0,562,500
58.35,48.5571902023442,48.0697897765552,43.8371126080575,0,562,500
40.1,48.5571902023442,49.1073330071806,44.3221683028478,0,562,500
71.8,48.5571902023442,47.1718490186872,42.8865667207311,0,562,500
40.8,48.5571902023442,49.0899634720912,45.417645358464,0,562,500
90.1,48.5571902023442,45.8143292339953,42.1886727599026,0,562,500
71.85,48.5571902023442,47.2706251164682,43.2100203264023,0,562,500
89.2,48.5571902023442,45.7312735710192,41.8676053621773,0,562,500
97.6,48.5571902023442,44.1620712876569,40.3830462123589,0,562,500
36.8,48.5571902023442,49.393628842471,44.9142845181805,0,562,500
88.85,48.5571902023442,45.6132203779932,41.0593176634168,0,562,500
73.25,48.5571902023442,47.2583750010982,42.8540520359338,0,562,500
87.85,48.5571902023442,45.9409609865348,42.1588228103157,0,562,500
50.25,48.5571902023442,48.5542286945176,43.7898441718836,0,562,500
18.45,48.5571902023442,50.5437917240393,46.4155544324298,0,562,500
87.35,48.5571902023442,46.0941181578849,42.4553088122356,0,562,500
5.3,48.5571902023442,52.87000369132,47.2335122261971,0,562,500
12.4,48.5571902023442,51.4097341050673,46.4317323669106,0,562,500
88.8,48.5571902023442,45.5861827689944,41.2439806398414,0,562,500
3.75,48.5571902023442,53.1688375829912,47.6278403790003,0,562,500
71.85,48.5571902023442,47.223165007441,42.7908617607612,0,562,500
39.65,48.5571902023442,49.137242798289,44.9702335329928,0,562,500
94.5,48.5571902023442,44.8354413264384,41.0293864634339,0,562,500
94.3,48.5571902023442,44.9243755815851,41.1521624957648,0,562,500
78.7,48.5571902023442,46.8751067882983,43.0871193035845,0,562,500
90.85,48.5571902023442,45.6910539438367,42.016059896796,0,562,500
18.5,48.5571902023442,50.8811287588814,45.4901889025733,0,562,500
3.8,48.5571902023442,53.0004669706968,48.1589800895585,0,562,500
70.6,48.5571902023442,47.2453709007237,42.980120836501,0,562,500
4.65,48.5571902023442,52.4376543258465,47.6461262380229,0,562,500
72.05,48.5571902023442,47.2202124206087,43.0396757673033,0,562,500
61.6,48.5571902023442,47.9226294786924,43.742430035504,0,562,500
20.9,48.5571902023442,50.4022457584468,45.9840529927365,0,562,500
31.45,48.5571902023442,49.7002386576736,45.1678882272783,0,562,500
52.7,48.5571902023442,48.4678263659309,44.435548920146,0,562,500
36.1,48.5571902023442,49.4273314691677,44.4521253890366,0,562,500
96.8,48.5571902023442,44.3547639427812,40.7620629720329,0,562,500
94.15,48.5571902023442,45.2684476887262,41.467595218922,0,562,500
42.9,48.5571902023442,49.0884731968664,45.088339418839,0,562,500
25.55,48.5571902023442,50.4005854801039,45.0718065780052,0,562,500
34.5,48.5571902023442,49.4691142047237,45.4879617238788,0,562,500
37.35,48.5571902023442,49.3539355643687,44.6188098217637,0,562,500
98.85,48.5571902023442,43.849472389483,40.6221464572704,0,562,500
98.9,48.5571902023442,43.2742263478936,39.2547634122376,0,562,500
43.05,48.5571902023442,48.9616640306816,44.4898995992036,0,562,500
37.25,48.5571902023442,49.3788026860166,45.1353376035968,0,562,500
73.4,48.5571902023442,47.1287942390239,42.7857763186463,0,562,500
81.05,48.5571902023442,46.484441002618,42.0265915563232,0,562,500
68.85,48.5571902023442,47.3981286056015,43.1183946857684,0,562,500
27.45,48.5571902023442,49.98618851773,45.5628314254267,0,562,500
14.8,48.5571902023442,51.2978737480798,45.8707658078951,0,562,500
55.8,48.5571902023442,48.2868453146959,44.2803523835579,0,562,500
54.6,48.5571902023442,48.3786034624172,43.7858138730276,0,562,500
84.45,48.5571902023442,46.2100766328478,41.8099101498357,0,562,500
74.6,48.5571902023442,47.0963067538182,43.2315526549267,0,562,500
46.8,48.5571902023442,48.7896264084003,44.0418648449083,0,562,500
27.9,48.5571902023442,49.8325934734179,45.58536064313,0,562,500
98.25,48.5571902023442,44.085407498846,40.6128482561942,0,562,500
94.7,48.5571902023442,44.7824053475741,41.1376563452408,0,562,500
57.45,48.5571902023442,48.0300045243439,42.8290588747298,0,562,500
54.35,48.5571902023442,48.3156038319814,44.1756348215222,0,562,500
16.25,48.5571902023442,51.0176456799458,45.9056097429645,0,562,500
61.3,48.5571902023442,47.8339140443999,43.1221675460501,0,562,500
85.35,48.5571902023442,46.1919740424284,41.8555151156129,0,562,500
89.25,48.5571902023442,45.8978950919018,42.2433072576263,0,562,500
23.25,48.5571902023442,50.2937722004561,45.9300284623767,0,562,500
76.45,48.5571902023442,47.040848043405,43.5636532013551,0,562,500
42.5,48.5571902023442,49.1070579751387,43.8372635166838,0,562,500
24.25,48.5571902023442,50.2600995564046,45.6275211867043,0,562,500
7.8,48.5571902023442,52.1189415404773,46.5482914543217,0,562,500
45,48.5571902023442,48.8454569636076,44.3853313772262,0,562,500
45.8,48.5571902023442,48.8504473215187,44.581875861642,0,562,500
74.1,48.5571902023442,47.1762084449757,43.4117137593153,0,562,500
88.4,48.5571902023442,46.0195602709806,42.2304542719393,0,562,500
98.7,48.5571902023442,43.5872962565954,39.7909627996784,0,562,500
28.7,48.5571902023442,50.0670224788783,44.8372055037013,0,562,500
52.55,48.5571902023442,48.4681954313563,44.1396883691094,0,562,500
13.8,48.5571902023442,51.0455971849718,46.639459882018,0,562,500
77.3,48.5571902023442,46.9597432260967,43.1385068695134,0,562,500
45.1,48.5571902023442,48.8412289674504,44.7812298522857,0,562,500
74.5,48.5571902023442,47.0151370927236,42.6191506596227,0,562,500
3.35,48.5571902023442,54.2876743964928,46.6089736409378,0,562,500
38.8,48.5571902023442,49.1893934694821,45.3693461193838,0,562,500
61.75,48.5571902023442,47.8173164251293,43.2776594227461,0,562,500
16.8,48.5571902023442,51.1452065122494,45.5331303850119,0,562,500
51.05,48.5571902023442,48.519850644296,44.8363092948383,0,562,500
45.7,48.5571902023442,48.8391557935513,44.6767166774337,0,562,500
26.25,48.5571902023442,50.0225033521764,45.9844678926367,0,562,500
50.6,48.5571902023442,48.5716245469927,44.6251210980395,0,562,500
79.5,48.5571902023442,46.7527000646208,43.0181642736472,0,562,500
3.55,48.5571902023442,53.0899181352498,48.0468500444844,0,562,500
63.4,48.5571902023442,47.7193994230656,43.367870947534,0,562,500
7.25,48.5571902023442,52.3140043647556,47.4473288494526,0,562,500
60.2,48.5571902023442,47.9856133860933,43.6483070433224,0,562,500
20.1,48.5571902023442,50.3739285804131,46.3051209266483,0,562,500
73.2,48.5571902023442,46.9876649687354,42.2397353404317,0,562,500
72.9,48.5571902023442,47.2467189008115,43.4786387870178,0,562,500
93.1,48.5571902023442,45.4320672317699,41.736900362788,0,562,500
35.15,48.5571902023442,49.5552671823204,44.3328732165055,0,562,500
21.55,48.5571902023442,50.4169176532523,45.8801509896665,0,562,500
94.8,48.5571902023442,45.1661323102552,41.6709231065998,0,562,500
70.2,48.5571902023442,47.3680218438292,42.332150803724,0,562,500
51.1,48.5571902023442,48.5332567581885,43.279093670483,0,562,500
74.75,48.5571902023442,47.0445584632267,42.7711442557641,0,562,500
90.95,48.5571902023442,45.6930515583293,41.9326317794828,0,562,500
99.85,48.5571902023442,42.3691906250544,38.8893951751185,0,562,500
59.25,48.5571902023442,47.9501705940988,43.678059163927,0,562,500
49.9,48.5571902023442,48.6137985993918,44.1837481647567,0,562,500
9.15,48.5571902023442,52.0154688857427,46.893389014602,0,562,500
85.95,48.5571902023442,46.0602351275242,42.2307077000044,0,562,500
10.25,48.5571902023442,51.7453897774517,46.7034422536247,0,562,500
97.6,48.5571902023442,44.0823493928456,40.5852172125778,0,562,500
87.95,48.5571902023442,45.6796662065752,41.206358687261,0,562,500
69,48.5571902023442,47.4491303520112,43.0263283784985,0,562,500
96.65,48.5571902023442,44.5418283423927,40.7945572995521,0,562,500
98.75,48.5571902023442,43.4009819940941,39.7451727765176,0,562,500
2.2,48.5571902023442,53.5585527859728,48.6190683805766,0,562,500
92.6,48.5571902023442,45.4025138166278,41.5512191281509,0,562,500
60.45,48.5571902023442,47.8929468318143,43.030203888821,0,562,500
49.3,48.5571902023442,48.5873770945225,44.1913400733785,0,562,500
4.1,48.5571902023442,52.873576947441,48.0587160449728,0,562,500
72.5,48.5571902023442,47.2232483400918,42.9726419197423,0,562,500
80.25,48.5571902023442,46.6675632079854,42.7177907666078,0,562,500
98.1,120,96.7807829181495,86,1,562,500
94.25,120,100.149466192171,82,1,562,500
79.9,120,110.196174377224,80,1,562,500
96.65,120,96.9679715302491,79,1,562,500
95.1,120,98.1307829181495,78,1,562,500
76.6,120,112.196174377224,82,1,562,500
99.25,120,90.1265887137773,81,1,562,500
50.35,120,124.004893238434,80,1,562,500
73.55,120,113.943060498221,82,1,562,500
99.2,120,88.5181494661922,80,1,562,500
97.75,120,96.7807829181495,86,1,562,500
98.1,120,94.0149021352313,79,1,562,500
91.25,120,105.342304270463,87,1,562,500
95.55,120,98.1494661921708,80,1,562,500
99.8,120,88.0214158617184,80,1,562,500
99.05,120,91.3030630401627,81,1,562,500
89.15,120,104.45640569395,80,1,562,500
99.6,120,88.8286339994525,79,1,562,500
98.15,120,93.7010676156584,79,1,562,500
99.35,120,88.6476868327402,78,1,562,500
97.65,120,93.7010676156584,79,1,562,500
59.9,120,119.718479918658,82,1,562,500
93.55,120,100.342304270463,82,1,562,500
98.55,120,93.5508388408744,82,1,562,500
98.85,120,90.3030630401627,80,1,562,500
66.55,120,116.672597864769,86,1,562,500
98.75,120,91.0956063509444,80,1,562,500
66.3,120,117.261565836299,77,1,562,500
94.2,120,100.254956786985,83,1,562,500
95.6,120,99.3572406241445,84,1,562,500
73.95,120,114.002669039146,90,1,562,500
87.6,120,106.156939501779,82,1,562,500
94.05,120,101.019869513642,81,1,562,500
92.55,120,103.130782918149,83,1,562,500
95.4,120,99.9313577881194,83,1,562,500
99.85,120,83.3721826809015,74,1,562,500
23.95,120,133.481427935943,88,1,562,500
99.55,120,85.7825622775801,76,1,562,500
71.45,120,115.003669928826,82,1,562,500
68.9,120,115.943060498221,84,1,562,500
96.4,120,95.721975088968,80,1,562,500
94.15,120,100.342304270463,82,1,562,500
77.6,120,111.953736654804,86,1,562,500
99.05,120,93.0151801601424,84,1,562,500
94.1,120,99.0198695136418,79,1,562,500
68.6,120,115.672597864769,85,1,562,500
98.15,120,95.2611766014235,84,1,562,500
99.6,120,90.0214158617184,82,1,562,500
99.6,120,88.9857651245552,81,1,562,500
98.6,120,92.4393649055571,80,1,562,500
96.95,120,97.3572406241445,82,1,562,500
96.95,120,94.9679715302491,77,1,562,500
99.95,120,75.991103202847,71,1,562,500
85.2,120,107.513456405694,80,1,562,500
96.15,120,97.6370106761566,81,1,562,500
97.75,120,94.4242882562278,80,1,562,500
98.8,120,90.7772241992883,78,1,562,500
99.7,120,84.3583185053381,75,1,562,500
98.55,120,88.5508388408744,77,1,562,500
99.8,120,89.0134934756821,81,1,562,500
99.65,120,82.0291370106762,75,1,562,500
96.85,120,99.0149021352313,84,1,562,500
97,120,95.0269869513642,79,1,562,500
85.3,120,108.309950725431,88,1,562,500
94.85,120,100.342304270463,82,1,562,500
99.3,120,91.2388790035587,85,1,562,500
99,120,87.9750889679715,74,1,562,500
91.6,120,103.967971530249,86,1,562,500
98.6,120,88.7772241992883,76,1,562,500
98.75,120,95.4759786476868,82,1,562,500
84.4,120,108.513456405694,81,1,562,500
91.15,120,104.964412811388,85,1,562,500
98.75,120,93.3030630401627,83,1,562,500
87,120,105.841043890866,79,1,562,500
95.5,120,100.098087188612,85,1,562,500
95.6,120,100.260294865277,86,1,562,500
98.35,120,94.4393649055571,82,1,562,500
98.75,120,92.5508388408744,81,1,562,500
99.35,120,92.1069839857651,82,1,562,500
78.25,120,111.358540925267,83,1,562,500
98.8,120,93.2299822064057,82,1,562,500
93.5,120,102.009786476868,82,1,562,500
98.95,120,94.2090747330961,84,1,562,500
98.8,120,90.7807829181495,80,1,562,500
97.8,120,96.0913404507711,85,1,562,500
97.05,120,98.9475088967972,86,1,562,500
98.5,120,91.0956063509444,80,1,562,500
94.65,120,100.149466192171,82,1,562,500
46.05,120,125.004893238434,81,1,562,500
95.4,120,100.379893238434,84,1,562,500
98.65,120,91.0374777580071,77,1,562,500
97.6,120,96.3096085409253,83,1,562,500
98.7,120,93.8599096632905,80,1,562,500
71.1,120,115.086832740214,89,1,562,500
99.15,120,92.6156583629893,81,1,562,500
86.6,120,107.281710726995,85,1,562,500
26.6,120,132.199796644637,84,1,562,500
67.65,120,116.320951957295,86,1,562,500
99.8,120,80.3137391967463,76,1,562,500
97.3,120,96.3798932384342,80,1,562,500
96.05,120,100.756728202847,87,1,562,500
99.15,120,85.1521352313167,77,1,562,500
99.75,120,86.8932384341637,78,1,562,500
99.65,120,87.1141014234875,81,1,562,500
79.45,120,111.40293594306,85,1,562,500
98.05,120,93.8699161159126,81,1,562,500
98.6,120,94.1069839857651,84,1,562,500
76.35,120,112.196174377224,82,1,562,500
99.3,120,88.2299822064057,77,1,562,500
86.75,120,107.002446619217,85,1,562,500
87.45,120,105.513456405694,78,1,562,500
75,120,112.748754448399,84,1,562,500
96.85,120,98.0149021352313,83,1,562,500
98.85,120,92.4777580071174,80,1,562,500
89.1,120,105.960854092527,84,1,562,500
94,120,102.721975088968,87,1,562,500
96.3,120,99.0149021352313,84,1,562,500
98.8,120,91.0956063509444,80,1,562,500
99.7,120,88.1487169882,83,1,562,500
28.9,120,132.9128113879,84,1,562,500
2.45,120,157.985987544484,80,1,562,500
89.4,120,103.955516014235,79,1,562,500
91.1,120,103.010765124555,81,1,562,500
99.55,120,86.0187388790036,79,1,562,500
93.55,120,100.009786476868,80,1,562,500
95.45,120,100.721975088968,85,1,562,500
98.9,120,90.5508388408744,79,1,562,500
99.3,120,87.7825622775801,78,1,562,500
91.9,120,103.964412811388,84,1,562,500
64.35,120,118.003669928826,85,1,562,500
96.8,120,97.3798932384342,81,1,562,500
98.95,120,86.0499491611591,74,1,562,500
95.45,120,101.379893238434,85,1,562,500
20.35,120,138.468972419929,86,1,562,500
97.45,120,95.1711743772242,79,1,562,500
97.85,120,95.0149021352313,80,1,562,500
80.35,120,109.443950177936,78,1,562,500
99.9,120,79.7914590747331,75,1,562,500
94.55,120,99.3423042704626,81,1,562,500
99.25,120,90.104537366548,85,1,562,500
99.85,120,82.3274021352313,79,1,562,500
96.15,120,99.9313577881194,83,1,562,500
98.35,120,93.196915776987,79,1,562,500
92.85,120,104.601957295374,87,1,562,500
99.65,120,83.1337061514998,78,1,562,500
97.25,120,99.0913404507711,88,1,562,500
93.3,120,102.582261155215,84,1,562,500
99.85,120,82.7827308484735,79,1,562,500
99.15,120,93.0202402135231,81,1,562,500
97.95,120,95.7437722419929,84,1,562,500
93.7,120,101.342304270463,83,1,562,500
99.8,120,88.1487169882,83,1,562,500
99.2,120,90.2090747330961,80,1,562,500
99.25,120,90.3030630401627,80,1,562,500
98.5,120,92.0099347568209,82,1,562,500
98.7,120,91.4393649055571,79,1,562,500
99.1,120,89.3030630401627,79,1,562,500
95.85,120,100.357240624145,85,1,562,500
90.75,120,106.009786476868,86,1,562,500
97.2,120,97.8599096632905,84,1,562,500
97.85,120,96.4393649055571,84,1,562,500
85.65,120,108.156939501779,84,1,562,500
96.15,120,99.3572406241445,84,1,562,500
11.75,120,142.497508896797,85,1,562,500
97.8,120,94.721975088968,79,1,562,500
95.35,120,101.379893238434,85,1,562,500
99,120,91.8286339994525,82,1,562,500
95.45,120,98.0198695136418,78,1,562,500
97.65,120,95.1129893238434,82,1,562,500
14.05,120,139.978774783935,88,1,562,500
99.55,120,89.7825622775801,80,1,562,500
86.95,120,106.955516014235,82,1,562,500
94.35,120,100.601957295374,83,1,562,500
33.5,120,131.199796644637,83,1,562,500
99.6,120,86.4866548042705,79,1,562,500
90.25,120,105.182680901542,83,1,562,500
96.5,120,96.2531774275546,78,1,562,500
98.75,120,94.579944077275,86,1,562,500
83.95,120,109.493238434164,87,1,562,500
98.5,120,92.0099347568209,82,1,562,500
95.85,120,100.931357788119,84,1,562,500
98.2,120,97.0956063509444,86,1,562,500
97,120,95.0149021352313,80,1,562,500
42.2,120,125.427935943061,85,1,562,500
96.6,120,95.1494661921708,77,1,562,500
83.7,120,108.40293594306,82,1,562,500
96.8,120,98.0149021352313,83,1,562,500
99.1,120,89.1265887137773,80,1,562,500
96.75,120,95.3798932384342,79,1,562,500
64.85,120,117.684608540925,81,1,562,500
99.25,120,87.6156583629893,76,1,562,500
97.45,120,96.3572406241445,81,1,562,500
94.1,120,98.522353202847,76,1,562,500
98.35,120,91.7010676156584,77,1,562,500
90.1,120,105.002446619217,83,1,562,500
91.8,120,101.040480427046,77,1,562,500
89.8,120,103.955516014235,79,1,562,500
99.25,120,89.8286339994525,80,1,562,500
94.95,120,98.9644128113879,79,1,562,500
96.45,120,94.3572406241445,79,1,562,500
57.25,120,120.718479918658,83,1,562,500
98.15,120,95.5987544483986,85,1,562,500
86.8,120,106.955516014235,82,1,562,500
99.2,120,89.8286339994525,80,1,562,500
83.7,120,108.520589730554,80,1,562,500
81.1,120,109.358540925267,81,1,562,500
70.75,120,115.116548042705,87,1,562,500
99.15,120,93.0956063509444,82,1,562,500
98.55,120,89.8699161159126,77,1,562,500
95.15,120,100.149466192171,82,1,562,500
83.15,120,110.281710726995,88,1,562,500
94.2,120,101.149466192171,83,1,562,500
84.25,120,109.281710726995,87,1,562,500
64.8,120,117.077402135231,84,1,562,500
99.85,120,81.2174822064057,77,1,562,500
96.4,120,99.756728202847,86,1,562,500
98.6,120,93.0202402135231,81,1,562,500
97,120,96.6738434163701,82,1,562,500
99.1,120,90.2090747330961,80,1,562,500
88.4,120,106.281710726995,84,1,562,500
99.1,120,88.6161921708185,79,1,562,500
53.85,120,123.481427935943,78,1,562,500
95.75,120,99.1046263345196,83,1,562,500
96.05,120,100.947508896797,88,1,562,500
98.75,120,91.9839857651246,83,1,562,500
97.55,120,95.9715302491103,80,1,562,500
97.8,120,94.4242882562278,80,1,562,500
93.9,120,101.601957295374,84,1,562,500
94.6,120,98.1494661921708,80,1,562,500
90.75,120,104.165836298932,85,1,562,500
94.3,120,101.254956786985,84,1,562,500
99.45,120,88.9857651245552,81,1,562,500
97.3,120,95.7010676156584,81,1,562,500
95.15,120,101.098087188612,86,1,562,500
99.4,120,89.7825622775801,80,1,562,500
97.5,120,97.7010676156584,83,1,562,500
79.8,120,110.443950177936,79,1,562,500
98.95,120,88.6156583629893,77,1,562,500
98,120,92.6370106761566,76,1,562,500
96.75,120,98.3798932384342,82,1,562,500
95.55,120,101.67384341637,87,1,562,500
90.25,120,105.309950725431,85,1,562,500
97.55,120,97.4393649055571,85,1,562,500
96.65,120,98.6738434163701,84,1,562,500
98.9,120,92.2299822064057,81,1,562,500
98.95,120,91.1265887137773,82,1,562,500
99,120,88.1129893238434,75,1,562,500
96.9,120,97.3798932384342,81,1,562,500
98,120,90.3042704626335,74,1,562,500
98.25,120,94.4242882562278,80,1,562,500
94.6,120,102.721975088968,87,1,562,500
99.6,120,93.5250479058308,86,1,562,500
93.75,120,100.009786476868,80,1,562,500
99.4,120,86.0956063509444,75,1,562,500
96.95,120,95.3798932384342,79,1,562,500
79.45,120,110.443950177936,79,1,562,500
98.7,120,92.1129893238434,79,1,562,500
98,120,93.2602948652771,79,1,562,500
99.3,120,87.5181494661922,79,1,562,500
72.4,120,114.336595492289,85,1,562,500
96.15,120,99.3798932384342,83,1,562,500
99.8,120,84.6233096085409,79,1,562,500
96.05,120,99.0149021352313,84,1,562,500
97,120,98.9715302491103,83,1,562,500
97.05,120,95.0269869513642,79,1,562,500
97.3,120,95.0149021352313,80,1,562,500
99.45,120,87.1265887137773,78,1,562,500
99.6,120,83.0249745805796,77,1,562,500
99.9,120,84.6233096085409,79,1,562,500
97.3,120,97.0269869513642,81,1,562,500
9.3,120,142.900355871886,87,1,562,500
99.25,120,90.8286339994525,81,1,562,500
65.8,120,117.194395017794,86,1,562,500
98.4,120,92.196915776987,78,1,562,500
95.9,120,98.1494661921708,80,1,562,500
99.05,120,89.0214158617184,81,1,562,500
99.85,120,84.3583185053381,75,1,562,500
99.55,120,89.9105169507398,84,1,562,500
99.85,120,89.4866548042705,82,1,562,500
94.65,120,101.342304270463,83,1,562,500
99.3,120,85.7825622775801,76,1,562,500
96.8,120,97.9313577881194,81,1,562,500
88.35,120,107.496496886121,88,1,562,500
99.5,120,85.5181494661922,77,1,562,500
86.6,120,107.955516014235,83,1,562,500
83.65,120,108.995688475226,85,1,562,500
99.05,120,91.6476868327402,81,1,562,500
98.8,120,96.3030630401627,86,1,562,500
97.95,120,96.4759786476868,83,1,562,500
98.6,120,94.3030630401627,84,1,562,500
90.55,120,104.002446619217,82,1,562,500
99.25,120,89.1265887137773,80,1,562,500
91.9,120,102.960854092527,81,1,562,500
70.25,120,114.943060498221,83,1,562,500
99.75,120,87.6583629893238,83,1,562,500
93.5,120,102.10462633452,86,1,562,500
98.4,120,94.5075856902042,84,1,562,500
98.85,120,94.1129893238434,81,1,562,500
83.75,120,108.513456405694,81,1,562,500
97.8,120,93.4759786476868,80,1,562,500
97.9,120,92.4242882562278,78,1,562,500
97.75,120,94.0149021352313,79,1,562,500
99.6,120,89.7825622775801,80,1,562,500
87.55,120,106.156939501779,82,1,562,500
98.5,120,94.0119217081851,82,1,562,500
77.55,120,112.256761565836,88,1,562,500
92.4,120,104.342304270463,86,1,562,500
79.85,120,110.196174377224,80,1,562,500
98.2,120,97.0374777580071,83,1,562,500
97.7,120,93.7010676156584,79,1,562,500
94.4,120,100.582261155215,82,1,562,500
99.7,120,91.0187388790036,84,1,562,500
63.4,120,117.943060498221,86,1,562,500
99.85,120,85.1141014234875,79,1,562,500
98.45,120,92.1899466192171,84,1,562,500
94.2,120,101.582261155215,83,1,562,500
92.05,120,102.009786476868,82,1,562,500
97.15,120,98.0119217081851,86,1,562,500
99.35,120,89.3583185053381,80,1,562,500
99.55,120,83.5437055160142,73,1,562,500
90.55,120,105.601957295374,88,1,562,500
98.9,120,92.7807829181495,82,1,562,500
97.15,120,97.0269869513642,81,1,562,500
91.05,120,103.964412811388,84,1,562,500
85.05,120,109.165836298932,90,1,562,500
45.55,120,125.174822064057,83,1,562,500
92.95,120,102.522353202847,80,1,562,500
95.35,120,100.254956786985,83,1,562,500
26.6,120,131.975177935943,90,1,562,500
92.75,120,105.019869513642,85,1,562,500
98.7,120,90.2299822064057,79,1,562,500
96.6,120,97.0269869513642,81,1,562,500
98.9,120,89.7807829181495,79,1,562,500
98.35,120,94.4393649055571,82,1,562,500
84.45,120,108.740713967972,86,1,562,500
32.65,120,131.199796644637,83,1,562,500
87.1,120,106.114426498768,84,1,562,500
95.75,120,98.1494661921708,80,1,562,500
86.45,120,108.309950725431,88,1,562,500
82.6,120,109.135231316726,83,1,562,500
98.65,120,92.1069839857651,82,1,562,500
99.15,120,86.2090747330961,76,1,562,500
96.1,120,98.6738434163701,84,1,562,500
97.75,120,93.5508388408744,82,1,562,500
97.75,120,95.4242882562278,81,1,562,500
97.65,120,95.4242882562278,81,1,562,500
99.75,120,89.2388790035587,83,1,562,500
97.7,120,96.8699161159126,84,1,562,500
95.85,120,100.637010676157,84,1,562,500
94.65,120,103.149466192171,85,1,562,500
95.55,120,99.3572406241445,84,1,562,500
99.25,120,87.2090747330961,77,1,562,500
94.95,120,101.931357788119,85,1,562,500
97.15,120,97.0149021352313,82,1,562,500
97.5,120,96.4759786476868,83,1,562,500
99.75,120,83.6681494661922,76,1,562,500
96.1,120,98.3798932384342,82,1,562,500
97.85,120,95.0956063509444,84,1,562,500
98.8,120,91.5124555160142,82,1,562,500
89.75,120,105.534824605999,85,1,562,500
94.9,120,99.2139679715303,79,1,562,500
88.1,120,106.309950725431,86,1,562,500
99.05,120,93.0956063509444,82,1,562,500
99.85,120,83.3551304863582,80,1,562,500
99.55,120,89.6384478510813,81,1,562,500
92.35,120,105.10462633452,89,1,562,500
99.4,120,81.6233096085409,76,1,562,500
97.7,120,97.4777580071174,85,1,562,500
93.15,120,101.130782918149,81,1,562,500
97.7,120,95.4242882562278,81,1,562,500
55.55,120,120.718479918658,83,1,562,500
98.45,120,93.2611766014235,82,1,562,500
98.5,120,90.4759786476868,77,1,562,500
99.9,120,89.0187388790036,82,1,562,500
95.9,120,100.756728202847,87,1,562,500
98.3,120,92.8699161159126,80,1,562,500
79.1,120,111.40293594306,85,1,562,500
80.55,120,109.443950177936,78,1,562,500
99,120,93.3030630401627,83,1,562,500
98.6,120,95.8286339994525,86,1,562,500
98.5,120,92.0099347568209,82,1,562,500
94.95,120,102.67384341637,88,1,562,500
89.25,120,106.009786476868,86,1,562,500
99.35,120,88.0214158617184,80,1,562,500
93.45,120,101.964412811388,82,1,562,500
87.85,120,106.45640569395,82,1,562,500
92.15,120,102.101677681749,79,1,562,500
92.25,120,103.009786476868,83,1,562,500
77.9,120,111.358540925267,83,1,562,500
91.75,120,102.101677681749,79,1,562,500
99.65,120,86.4394549541113,82,1,562,500
99.9,120,85.2718527580071,80,1,562,500
97.15,120,97.2611766014235,86,1,562,500
82.3,120,109.995329181495,84,1,562,500
68.5,120,116.003669928826,83,1,562,500
91.35,120,105.582261155215,87,1,562,500
97,120,95.0303603202847,77,1,562,500
96.15,120,98.3572406241445,83,1,562,500
97.65,120,95.4393649055571,83,1,562,500
92.6,120,101.964412811388,82,1,562,500
97.75,120,93.0149021352313,78,1,562,500
98,120,91.9715302491103,76,1,562,500
84.15,120,108.841043890866,82,1,562,500
99.9,120,87.0249745805796,81,1,562,500
99.75,120,84.6455652888037,80,1,562,500
96.35,120,98.2602948652771,84,1,562,500
99.6,120,90.605871886121,84,1,562,500
93.7,120,99.522353202847,77,1,562,500
98.2,120,93.0956063509444,82,1,562,500
82.75,120,108.513456405694,81,1,562,500
95.95,120,99.9644128113879,80,1,562,500
73.35,120,113.509913573971,79,1,562,500
99.8,120,77.626896422551,75,1,562,500
97.75,120,96.2602948652771,82,1,562,500
99.4,120,87.4848754448399,79,1,562,500
99.7,120,85.5217081850534,79,1,562,500
98.6,120,94.8699161159126,82,1,562,500
99.65,120,88.0291370106762,81,1,562,500
77.6,120,112.135231316726,86,1,562,500
97.3,120,94.3572406241445,79,1,562,500
99.65,120,89.5217081850534,83,1,562,500
92.65,120,102.009786476868,82,1,562,500
100,120,85.9359430604982,83,1,562,500
98.85,120,95.0134934756821,87,1,562,500
99.8,120,89.7248548417307,83,1,562,500
85.05,120,108.955516014235,84,1,562,500
96.25,120,99.6738434163701,85,1,562,500
98.6,120,94.0956063509444,83,1,562,500
96.35,120,96.0178825622776,78,1,562,500
97.65,120,90.7010676156584,76,1,562,500
65.25,120,117.234486209964,91,1,562,500
65.15,120,116.739857651246,83,1,562,500
99.1,120,88.7248548417307,82,1,562,500
98.65,120,92.5508388408744,81,1,562,500
89.85,120,105.130782918149,85,1,562,500
8.1,120,146.388790035587,84,1,562,500
95.7,120,100.309608540925,87,1,562,500
99.5,120,87.2388790035587,81,1,562,500
99.35,120,90.8286339994525,81,1,562,500
98.65,120,92.5124555160142,83,1,562,500
87.4,120,104.841043890866,78,1,562,500
98.65,120,89.1129893238434,76,1,562,500
92.2,120,103.040480427046,79,1,562,500
86.95,120,105.841043890866,79,1,562,500
94.6,120,99.6370106761566,83,1,562,500
99.3,120,87.8286339994525,78,1,562,500
67.9,120,115.748754448399,87,1,562,500
95.35,120,98.0198695136418,78,1,562,500
86.9,120,107.281710726995,85,1,562,500
89.9,120,106.130782918149,86,1,562,500
74.55,120,113.086832740214,87,1,562,500
99.65,120,83.3721826809015,74,1,562,500
99.4,120,88.5160142348754,81,1,562,500
98.25,120,94.1129893238434,81,1,562,500
99.2,120,89.6476868327402,79,1,562,500
98.9,120,95.5111444090654,87,1,562,500
92.9,120,101.964412811388,82,1,562,500
83.5,120,109.513456405694,82,1,562,500
99.35,120,88.2090747330961,78,1,562,500
96.6,120,99.3096085409253,86,1,562,500
98.8,120,92.4393649055571,80,1,562,500
72.85,120,114.336595492289,85,1,562,500
88.55,120,106.960854092527,85,1,562,500
95.4,120,100.342304270463,82,1,562,500
99.75,120,88.1487169882,83,1,562,500
98.95,120,94.7807829181495,84,1,562,500
99.15,120,92.6161921708185,83,1,562,500
99.6,120,87.5250479058308,80,1,562,500
70.65,120,115.194395017794,84,1,562,500
85.8,120,105.520589730554,77,1,562,500
92.9,120,103.582261155215,85,1,562,500
99.05,120,91.5181494661922,83,1,562,500
98,120,94.8699161159126,82,1,562,500
94,120,101.149466192171,83,1,562,500
99.55,120,88.3583185053381,79,1,562,500
99.4,120,89.5160142348754,82,1,562,500
70.2,120,115.358540925267,87,1,562,500
74.2,120,113.274021352313,80,1,562,500
88.45,120,106.960854092527,85,1,562,500
99.6,120,84.1521352313167,76,1,562,500
96,120,98.3572406241445,83,1,562,500
95,120,101.637010676157,85,1,562,500
98.85,120,92.7807829181495,82,1,562,500
99.4,120,90.6161921708185,81,1,562,500
86.05,120,107.002669039146,83,1,562,500
48.8,120,125.91103202847,76,1,562,500
98.05,120,97.0119217081851,85,1,562,500
61.1,120,118.935943060498,83,1,562,500
91.05,120,105.967971530249,88,1,562,500
68.9,120,116.358540925267,88,1,562,500
98.95,120,91.0202402135231,79,1,562,500
83.45,120,109.002669039146,85,1,562,500
99.7,120,84.0214158617184,76,1,562,500
99.2,120,91.3030630401627,81,1,562,500
73,120,115.196174377224,85,1,562,500
98.9,120,93.3030630401627,83,1,562,500
98.65,120,94.7807829181495,84,1,562,500
99,120,92.8286339994525,83,1,562,500
99.9,120,79.5267459964413,77,1,562,500
98.85,120,94.0913404507711,83,1,562,500
11.25,26.8519167514429,28.9716373760222,28.1833042105856,-1,1000,500
94.5,26.8519167514429,24.165457184325,23.6183278223902,-1,1000,500
19.7,26.8519167514429,28.404890531703,27.6472214542438,-1,1000,500
2.95,26.8519167514429,30.5448541552007,29.66830831306,-1,1000,500
54.45,26.8519167514429,26.6741429029156,26.0064495995007,-1,1000,500
1.85,26.8519167514429,30.5000915918665,29.6261183859691,-1,1000,500
65.4,26.8519167514429,26.2397562513132,25.5937755937756,-1,1000,500
26.95,26.8519167514429,28.0051581071988,27.2687609075044,-1,1000,500
68.35,26.8519167514429,26.0999059462848,25.4608412261941,-1,1000,500
26.25,26.8519167514429,28.1392597600134,27.3957591364857,-1,1000,500
76.15,26.8519167514429,25.7421150278292,25.120578778135,-1,1000,500
96.85,26.8519167514429,23.9625809546653,23.4246896228625,-1,1000,500
27.8,26.8519167514429,27.8738839285713,27.1444082519001,-1,1000,500
39.8,26.8519167514429,27.3384051228722,26.6368334132438,-1,1000,500
76.05,26.8519167514429,25.7036998919363,25.0840315055436,-1,1000,500
73.95,26.8519167514429,25.7806451612902,25.1572327044025,-1,1000,500
50.45,26.8519167514429,26.8087161872047,26.1342253815597,-1,1000,500
39.75,26.8519167514429,27.3428946792204,26.6410912190963,-1,1000,500
59.85,26.8519167514429,26.5085177519502,25.8491443933206,-1,1000,500
32.85,26.8519167514429,27.6104140180199,26.8947340110806,-1,1000,500
86.3,26.8519167514429,25.0338294993233,24.4462914975798,-1,1000,500
88.45,26.8519167514429,24.9239059927148,24.3415607808773,-1,1000,500
37.9,26.8519167514429,27.4104154090983,26.7051220424077,-1,1000,500
65.45,26.8519167514429,26.2177199244173,25.5728314238953,-1,1000,500
41.75,26.8519167514429,27.1940331010452,26.499894000424,-1,1000,500
3.35,26.8519167514429,30.2562238778847,29.3962020107002,-1,1000,500
1.85,26.8519167514429,30.414662363758,29.5455888435857,-1,1000,500
27.4,26.8519167514429,27.9973095678492,27.2613270814023,-1,1000,500
95.85,26.8519167514429,24.0560585628972,23.5139202407825,-1,1000,500
87.85,26.8519167514429,25.0740424677475,24.4845991871113,-1,1000,500
5,26.8519167514429,29.6879643387814,28.8600288600289,-1,1000,500
93.1,26.8519167514429,24.3860762583605,23.828813801649,-1,1000,500
33.9,26.8519167514429,27.5616619764938,26.8485206465124,-1,1000,500
22.55,26.8519167514429,28.1392597600134,27.3957591364857,-1,1000,500
42.95,26.8519167514429,27.2296118621891,26.5336446614307,-1,1000,500
80,26.8519167514429,25.5459520278217,24.933925098489,-1,1000,500
13.35,26.8519167514429,28.7217526306709,27.9470124643676,-1,1000,500
58.65,26.8519167514429,26.4846235418875,25.8264462809917,-1,1000,500
50.25,26.8519167514429,26.8692845615921,26.1917234154007,-1,1000,500
31.45,26.8519167514429,27.6654666297423,26.9469145782808,-1,1000,500
14,26.8519167514429,28.7515109652909,27.975158059643,-1,1000,500
30.6,26.8519167514429,27.7947804796616,27.0694602349629,-1,1000,500
85.3,26.8519167514429,25.2069035123132,24.6111439259697,-1,1000,500
46.6,26.8519167514429,27.0643693107931,26.3768727579658,-1,1000,500
21,26.8519167514429,28.3484676503972,27.5938189845475,-1,1000,500
74.2,26.8519167514429,25.8620689655171,25.2346825476936,-1,1000,500
2,26.8519167514429,30.1867407989362,29.330674018889,-1,1000,500
54.9,26.8519167514429,26.6201236410146,25.9551495016611,-1,1000,500
87.9,26.8519167514429,24.9463117414971,24.3629099059592,-1,1000,500
26.05,26.8519167514429,27.9081461615822,27.1768670507664,-1,1000,500
76,26.8519167514429,25.7607013924702,25.1382604323781,-1,1000,500
38.95,26.8519167514429,27.2742164464343,26.5759540767514,-1,1000,500
25.05,26.8519167514429,27.9331171009953,27.2005222500272,-1,1000,500
46.2,26.8519167514429,27.0555736106596,26.3685265267377,-1,1000,500
32.3,26.8519167514429,27.7315123251165,27.009507346586,-1,1000,500
4.65,26.8519167514429,29.7959914101645,28.9620018535681,-1,1000,500
33,26.8519167514429,27.6027851458885,26.8875026887503,-1,1000,500
29.4,26.8519167514429,27.7947804796615,27.0694602349629,-1,1000,500
50.65,26.8519167514429,26.8274343412642,26.1519953972488,-1,1000,500
36.95,26.8519167514429,27.4104154090983,26.7051220424077,-1,1000,500
87.65,26.8519167514429,25.0125187781671,24.4259892525647,-1,1000,500
11.9,26.8519167514429,28.8811795316564,28.0977802753583,-1,1000,500
15.65,26.8519167514429,28.6262823084416,27.8567051089197,-1,1000,500
74.4,26.8519167514429,25.7460955620843,25.1243656097684,-1,1000,500
8.25,26.8519167514429,29.3754410726886,28.5648994515539,-1,1000,500
51.25,26.8519167514429,26.8346405931019,26.1588364549545,-1,1000,500
77.2,26.8519167514429,25.6548536209552,25.0375563345018,-1,1000,500
74.25,26.8519167514429,25.7833066639136,25.1597645046042,-1,1000,500
85,26.8519167514429,25.1992735344566,24.6038775711052,-1,1000,500
66.05,26.8519167514429,26.2521679718294,25.6055717724177,-1,1000,500
22.5,26.8519167514429,28.2522624434388,27.5027502750275,-1,1000,500
74,26.8519167514429,25.7979547567399,25.1736985197865,-1,1000,500
68,26.8519167514429,26.1012697915033,25.4621378010898,-1,1000,500
88.4,26.8519167514429,24.9912443088006,24.4057207009323,-1,1000,500
91.35,26.8519167514429,24.7069298115446,24.1347685475696,-1,1000,500
17.8,26.8519167514429,28.3903603501192,27.6334696584503,-1,1000,500
81.35,26.8519167514429,25.4405622899052,24.8336147809675,-1,1000,500
92.6,26.8519167514429,24.5986407958238,24.0315293665289,-1,1000,500
48.55,26.8519167514429,26.946107784431,26.2646425382151,-1,1000,500
52,26.8519167514429,26.8231124476425,26.1478924798661,-1,1000,500
0,26.8519167514429,33.4002006018053,32.3519896473633,-1,1000,500
14.35,26.8519167514429,28.8444880753016,28.0630858169164,-1,1000,500
29.6,26.8519167514429,27.7561680373415,27.0328719723183,-1,1000,500
18.05,26.8519167514429,28.4129692832763,27.6548672566372,-1,1000,500
32.8,26.8519167514429,27.6685315460033,26.9498194362098,-1,1000,500
95,26.8519167514429,24.254637272992,23.7034227742486,-1,1000,500
97.25,26.8519167514429,23.797046212482,23.2666356444858,-1,1000,500
54.55,26.8519167514429,26.6784169203652,26.0105082453311,-1,1000,500
54.25,26.8519167514429,26.6941000427532,26.0254007911722,-1,1000,500
27.7,26.8519167514429,27.9159447828759,27.1842548795737,-1,1000,500
34.85,26.8519167514429,27.5464622511442,26.8341115225675,-1,1000,500
90.2,26.8519167514429,24.8767368892872,24.2966130521405,-1,1000,500
62.1,26.8519167514429,26.3978437797272,25.7440016476161,-1,1000,500
7.6,26.8519167514429,29.2310393258426,28.4284739595179,-1,1000,500
37.55,26.8519167514429,27.4360101065582,26.7293916390463,-1,1000,500
11.15,26.8519167514429,28.9129428108357,28.1278127812781,-1,1000,500
71.85,26.8519167514429,25.9130525005187,25.2831715210356,-1,1000,500
10.1,26.8519167514429,29.1100880004661,28.3141740755422,-1,1000,500
37.25,26.8519167514429,27.4510881512419,26.7436884895165,-1,1000,500
90.5,26.8519167514429,24.8149436136916,24.2377235930001,-1,1000,500
97.4,26.8519167514429,23.8095238095237,23.2785511429769,-1,1000,500
71.85,26.8519167514429,25.9197758289657,25.2895655252643,-1,1000,500
94.9,26.8519167514429,24.3741765480895,23.8174629638451,-1,1000,500
47.6,26.8519167514429,27.0072992700729,26.3227165043433,-1,1000,500
52.15,26.8519167514429,26.8259935553168,26.1506276150628,-1,1000,500
36.85,26.8519167514429,27.4692036955564,26.7608649111539,-1,1000,500
7.3,26.8519167514429,29.332315461859,28.5241599634891,-1,1000,500
23.35,26.8519167514429,28.1060094530721,27.3642732049037,-1,1000,500
21.75,26.8519167514429,28.3339951216744,27.5801202493243,-1,1000,500
54.95,26.8519167514429,26.7226621014336,26.0525218841184,-1,1000,500
86.3,26.8519167514429,25.0677506775067,24.4786056986194,-1,1000,500
8.1,26.8519167514429,29.2858818011256,28.4802916381864,-1,1000,500
0.35,26.8519167514429,31.2070473572409,30.2920150248395,-1,1000,500
35.45,26.8519167514429,27.4510881512419,26.7436884895165,-1,1000,500
43.85,26.8519167514429,27.1688876801739,26.476039184538,-1,1000,500
48.7,26.8519167514429,26.9025690741637,26.2233177741648,-1,1000,500
3.25,26.8519167514429,30.636653581943,29.7548202808855,-1,1000,500
54.4,26.8519167514429,26.7369660635905,26.0661036388281,-1,1000,500
60.6,26.8519167514429,26.4383634150213,25.7824988397876,-1,1000,500
52.85,26.8519167514429,26.7341040462427,26.0633861551293,-1,1000,500
26.8,26.8519167514429,27.9863290004481,27.2509265315021,-1,1000,500
26.35,26.8519167514429,27.9675251959685,27.2331154684096,-1,1000,500
45.25,26.8519167514429,27.0775735892014,26.3894020161503,-1,1000,500
23.2,26.8519167514429,28.1725888324872,27.4273176083379,-1,1000,500
4.5,26.8519167514429,29.7197596239661,28.8900444906685,-1,1000,500
25.4,26.8519167514429,28.0728376327768,27.3328595637676,-1,1000,500
53.65,26.8519167514429,26.7298121688874,26.0593109918174,-1,1000,500
87.4,26.8519167514429,24.9363486595775,24.3534167843748,-1,1000,500
33,26.8519167514429,27.6195742327895,26.9034167339252,-1,1000,500
83.9,26.8519167514429,25.2361946142574,24.6390380919529,-1,1000,500
23.35,26.8519167514429,28.1139190634321,27.3717632889911,-1,1000,500
1.6,26.8519167514429,30.5168621700879,29.641925539483,-1,1000,500
34.8,26.8519167514429,27.582969794025,26.8687194368316,-1,1000,500
92.8,26.8519167514429,24.540630834234,23.9762155941306,-1,1000,500
58.25,26.8519167514429,26.5748031496062,25.9121061359867,-1,1000,500
88.35,26.8519167514429,24.7252747252746,24.1522558206937,-1,1000,500
13.05,26.8519167514429,28.9196387216302,28.1341435966689,-1,1000,500
25,26.8519167514429,27.9988789237667,27.2628135223555,-1,1000,500
80.05,26.8519167514429,25.4561206808683,24.8484246098797,-1,1000,500
3,26.8519167514429,30.0794893412019,29.2295101134105,-1,1000,500
5.45,26.8519167514429,29.617551141417,28.7935502447452,-1,1000,500
91.1,26.8519167514429,24.6313920804772,24.062755666779,-1,1000,500
24.5,26.8519167514429,28.0271574458533,27.2895972055452,-1,1000,500
22.55,26.8519167514429,28.153533987149,27.4092752987611,-1,1000,500
83.4,26.8519167514429,25.1371345176386,24.5446958912179,-1,1000,500
34.55,26.8519167514429,27.5601412491723,26.8470790378007,-1,1000,500
60.75,26.8519167514429,26.4677829588808,25.8104480693785,-1,1000,500
49.75,26.8519167514429,26.9054672771343,26.2260687123,-1,1000,500
99.6,26.8519167514429,22.8960396039603,22.4054490051981,-1,1000,500
18.1,26.8519167514429,28.3436418316971,27.5892512277217,-1,1000,500
58,26.8519167514429,26.5776311588804,25.9147921633668,-1,1000,500
9.5,26.8519167514429,28.9817232375978,28.1928390188892,-1,1000,500
12.4,26.8519167514429,28.8878607367994,28.1040975774268,-1,1000,500
31.1,26.8519167514429,27.7069003771909,26.986183074266,-1,1000,500
62,26.8519167514429,26.3379910361191,25.6871307474955,-1,1000,500
27.3,26.8519167514429,27.8801071667782,27.1503040834057,-1,1000,500
42.35,26.8519167514429,27.2118108520374,26.5167585914298,-1,1000,500
63.95,26.8519167514429,26.3657957244654,25.7135510413988,-1,1000,500
22.95,26.8519167514429,28.2858599014665,27.5345558676139,-1,1000,500
56.7,26.8519167514429,26.6172865821165,25.9524551022527,-1,1000,500
27.55,26.8519167514429,27.8956774265608,27.1650548734108,-1,1000,500
11.3,26.8519167514429,28.99854862119,28.2087447108604,-1,1000,500
46.8,26.8519167514429,27.0204479065237,26.3351943537343,-1,1000,500
59.3,26.8519167514429,26.4425622022233,25.7864878803507,-1,1000,500
2.3,26.8519167514429,30.383211678832,29.5159386068477,-1,1000,500
41.9,26.8519167514429,27.2444638376785,26.5477328236169,-1,1000,500
63.1,26.8519167514429,26.3588390501318,25.706940874036,-1,1000,500
49.1,26.8519167514429,26.9417475728154,26.2605042016807,-1,1000,500
16.2,26.8519167514429,28.6459826805068,27.875341472933,-1,1000,500
28.2,26.8519167514429,27.9128248113997,27.1812992661049,-1,1000,500
67.55,26.8519167514429,26.0794653579073,25.441408436371,-1,1000,500
23.75,26.8519167514429,28.0981042920627,27.356787218909,-1,1000,500
15.4,26.8519167514429,28.7995848708486,28.0206231786595,-1,1000,500
58.35,26.8519167514429,26.5649098548103,25.9027094234057,-1,1000,500
0.4,26.8519167514429,31.0557075354388,30.1495417269657,-1,1000,500
10.4,26.8519167514429,29.0829694323143,28.2885431400283,-1,1000,500
0.45,26.8519167514429,31.344126506024,30.421027013872,-1,1000,500
44.3,26.8519167514429,27.1482145768791,26.45642626594,-1,1000,500
74.55,26.8519167514429,25.6799136291192,25.0614004310561,-1,1000,500
85.95,26.8519167514429,25.0438706442717,24.4558571777941,-1,1000,500
0.65,26.8519167514429,31.0229178311905,30.1186675501476,-1,1000,500
27.2,26.8519167514429,27.9050279329608,27.1739130434783,-1,1000,500
85.65,26.8519167514429,25.1814882032666,24.5869394177813,-1,1000,500
90.3,26.8519167514429,24.7718706605831,24.196670538134,-1,1000,500
96.45,26.8519167514429,23.9717809665498,23.4334723719361,-1,1000,500
36.7,26.8519167514429,27.4646725683179,26.7565687376251,-1,1000,500
15.45,26.8519167514429,28.5526466216987,27.7870401244859,-1,1000,500
9.1,26.8519167514429,29.1866308285613,28.3865107301011,-1,1000,500
15.6,26.8519167514429,28.5885989010988,27.8210549744046,-1,1000,500
47.95,26.8519167514429,26.9504694075751,26.2687821792582,-1,1000,500
16.35,26.8519167514429,28.4907597535933,27.7284826974268,-1,1000,500
46.15,26.8519167514429,27.0321463361834,26.3462957108231,-1,1000,500
6.7,26.8519167514429,29.533494944717,28.7141790616206,-1,1000,500
1.2,26.8519167514429,30.6385327853768,29.7565910849253,-1,1000,500
77.8,26.8519167514429,25.7235554640024,25.1029219801185,-1,1000,500
22.7,26.8519167514429,28.2075897899253,27.4604569420035,-1,1000,500
11.3,26.8519167514429,28.7995848708486,28.0206231786595,-1,1000,500
28.65,26.8519167514429,27.7731442869056,27.0489586150933,-1,1000,500
25,26.8519167514429,28.0020181634711,27.2657868906097,-1,1000,500
6,26.8519167514429,29.6897289586304,28.8616947587162,-1,1000,500
47.1,26.8519167514429,27.0262958554268,26.3407438626067,-1,1000,500
31.5,26.8519167514429,27.7345918933924,27.0124257158293,-1,1000,500
20.45,26.8519167514429,28.2362916902204,27.4876305662452,-1,1000,500
70.05,26.8519167514429,26.0047896709704,25.3704079561599,-1,1000,500
1.35,26.8519167514429,30.8809891808345,29.9850074962519,-1,1000,500
35.8,26.8519167514429,27.4812940140844,26.7723281216535,-1,1000,500
88.55,26.8519167514429,24.7669575565251,24.1919876137023,-1,1000,500
10.15,26.8519167514429,29.0255099076064,28.2342311818849,-1,1000,500
1.9,26.8519167514429,30.4536032191195,29.582297952905,-1,1000,500
15.25,26.8519167514429,28.6657101865135,27.8940027894003,-1,1000,500
50.55,26.8519167514429,26.8432932072226,26.1670504500733,-1,1000,500
50.25,26.8519167514429,26.8620596934659,26.1848651479445,-1,1000,500
64.25,26.8519167514429,26.3171759747101,25.6673511293634,-1,1000,500
11.3,26.8519167514429,28.9649173673528,28.1769512538743,-1,1000,500
62.35,26.8519167514429,26.3741485822904,25.7214877308504,-1,1000,500
5.2,26.8519167514429,29.9155536922799,29.0748386346456,-1,1000,500
2.4,26.8519167514429,30.1940397751314,29.3375579416769,-1,1000,500
18.1,26.8519167514429,28.5021398002852,27.7392510402219,-1,1000,500
21.7,26.8519167514429,28.153533987149,27.4092752987611,-1,1000,500
81.75,26.8519167514429,25.4198473282442,24.8138957816377,-1,1000,500
13.1,26.8519167514429,28.9548431974957,28.1674271872007,-1,1000,500
82.5,26.8519167514429,25.2770608774858,24.6779527170426,-1,1000,500
89.45,26.8519167514429,24.7964654487688,24.2201123813214,-1,1000,500
43.95,26.8519167514429,27.1216810555464,26.4312523127346,-1,1000,500
74,26.8519167514429,25.8500232883092,25.2232255460828,-1,1000,500
59.55,26.8519167514429,26.4719910965074,25.8144457638494,-1,1000,500
89.65,26.8519167514429,24.8063170441,24.2295018414421,-1,1000,500
3.75,26.8519167514429,29.8761887672706,29.0376909228178,-1,1000,500
25.9,26.8519167514429,27.9237477638639,27.1916467261257,-1,1000,500
28.1,26.8519167514429,27.9315551082032,27.1990425937007,-1,1000,500
49.7,26.8519167514429,26.8953262976522,26.2164429530201,-1,1000,500
51.7,26.8519167514429,26.8202319587628,26.1451579167538,-1,1000,500
36.55,26.8519167514429,27.4164333937097,26.7108285699022,-1,1000,500
50.7,26.8519167514429,26.8115942028985,26.1369576581286,-1,1000,500
2.95,26.8519167514429,30.3444505194094,29.4793939036613,-1,1000,500
6.8,26.8519167514429,29.3564501910078,28.5469597487868,-1,1000,500
92.4,26.8519167514429,24.5732277266688,24.0072982186585,-1,1000,500
88.45,26.8519167514429,24.8965757862731,24.3155181636921,-1,1000,500
19.8,26.8519167514429,28.356514334374,27.6014352746343,-1,1000,500
42.6,26.8519167514429,27.176278563656,26.4830508474576,-1,1000,500
52.25,26.8519167514429,26.8115942028984,26.1369576581286,-1,1000,500
77.4,26.8519167514429,25.5930727058461,24.9787680471599,-1,1000,500
99.55,26.8519167514429,22.7345136771197,22.250901161497,-1,1000,500
89.8,26.8519167514429,24.904023532931,24.3226151675828,-1,1000,500
34.65,26.8519167514429,27.5403870540882,26.8283522026077,-1,1000,500
68.85,26.8519167514429,26.0183352432544,25.3832876434156,-1,1000,500
44.75,26.8519167514429,27.1084337349396,26.4186832928247,-1,1000,500
29.3,26.8519167514429,27.785503699171,27.0606700221898,-1,1000,500
98.95,26.8519167514429,23.0471093065103,22.5499481351193,-1,1000,500
84,26.8519167514429,25.2489511196481,24.6511857220332,-1,1000,500
90.4,26.8519167514429,24.7817027187933,24.2060418280403,-1,1000,500
5.4,26.8519167514429,29.7286037376501,28.8983932493353,-1,1000,500
56.4,26.8519167514429,26.6272189349111,25.9618879484916,-1,1000,500
39.7,26.8519167514429,27.3219560223169,26.621233095517,-1,1000,500
88.3,26.8519167514429,24.8866523840366,24.3060619318458,-1,1000,500
79.7,26.8519167514429,25.6232686980608,25.0075022506752,-1,1000,500
82.05,26.8519167514429,25.4794939808201,24.8706725029845,-1,1000,500
21.4,26.8519167514429,28.1408450704224,27.3972602739726,-1,1000,500
15.25,26.8519167514429,28.511901364233,27.7484877074199,-1,1000,500
80.65,26.8519167514429,25.5172413793103,24.906600249066,-1,1000,500
51.65,26.8519167514429,26.8577266372727,26.1807519111949,-1,1000,500
47.45,26.8519167514429,26.946107784431,26.2646425382151,-1,1000,500
58.25,26.8519167514429,26.4944571155783,25.835787733168,-1,1000,500
46.25,26.8519167514429,27.093729659362,26.4047317279256,-1,1000,500
19.6,26.8519167514429,28.3404255319148,27.5862068965517,-1,1000,500
84.7,26.8519167514429,25.237469684721,24.6402523161837,-1,1000,500
74.65,26.8519167514429,25.8419990687567,25.2155933229109,-1,1000,500
43.4,26.8519167514429,27.1674099858587,26.474637297469,-1,1000,500
25.6,26.8519167514429,28.0759934798492,27.3358482313706,-1,1000,500
23.3,26.8519167514429,28.2538605124723,27.5042631607899,-1,1000,500
49,26.8519167514429,26.949015376315,26.267402153927,-1,1000,500
82.6,26.8519167514429,25.3991660734261,24.7942080729941,-1,1000,500
8.95,26.8519167514429,29.2515811665494,28.4478834774693,-1,1000,500
49.35,26.8519167514429,26.9272237196764,26.246719160105,-1,1000,500
45.35,26.8519167514429,27.0658358168517,26.3782643102084,-1,1000,500
86.1,26.8519167514429,25.0501504513539,24.4618395303327,-1,1000,500
10.7,26.8519167514429,28.9548431974957,28.1674271872007,-1,1000,500
93.55,26.8519167514429,24.532193900103,23.9681702698816,-1,1000,500
17.45,26.8519167514429,28.471272229822,27.710042119264,-1,1000,500
0.25,26.8519167514429,31.4566408464008,30.5268941937847,-1,1000,500
15.7,26.8519167514429,28.6541991739329,27.88311398617,-1,1000,500
65.25,26.8519167514429,26.1984684779187,25.5545333742206,-1,1000,500
36.6,26.8519167514429,27.4828060522695,26.7737617135207,-1,1000,500
11.3,26.8519167514429,28.8728323699421,28.0898876404494,-1,1000,500
97.15,26.8519167514429,24.0236629472873,23.4829983092241,-1,1000,500
20.9,26.8519167514429,28.2267179023507,27.47856671796,-1,1000,500
29.3,26.8519167514429,27.8118040089086,27.0855904658722,-1,1000,500
5,26.8519167514429,29.6685673556663,28.8417166589755,-1,1000,500
51.75,26.8519167514429,26.8996714955031,26.2205674130788,-1,1000,500
62.2,26.8519167514429,26.3825067342734,25.7294293212577,-1,1000,500
75.2,26.8519167514429,25.7872999483736,25.1635631605435,-1,1000,500
45.8,26.8519167514429,27.0336093521674,26.347684038573,-1,1000,500
67.7,26.8519167514429,26.1203786016837,25.4803037252204,-1,1000,500
55,26.8519167514429,26.7441237886169,26.0728998279189,-1,1000,500
56.5,26.8519167514429,26.5988604292027,25.9349551325276,-1,1000,500
82.9,26.8519167514429,25.2361946142574,24.6390380919529,-1,1000,500
53.85,26.8519167514429,26.7240918088919,26.053879422646,-1,1000,500
89.1,26.8519167514429,24.8186425519228,24.2412489091438,-1,1000,500
56.7,26.8519167514429,26.6570605187319,25.9902276743944,-1,1000,500
16.9,26.8519167514429,28.4728951718633,27.7115778972455,-1,1000,500
82.45,26.8519167514429,25.2988249594812,24.6986761509583,-1,1000,500
30.25,26.8519167514429,27.7947804796616,27.0694602349629,-1,1000,500
89.95,26.8519167514429,24.7595915534846,24.1849666247461,-1,1000,500
2.9,26.8519167514429,30.0885488825973,29.2380562540202,-1,1000,500
38.9,26.8519167514429,27.3758632028937,26.6723567694441,-1,1000,500
23.25,26.8519167514429,28.1392597600134,27.3957591364857,-1,1000,500
25.15,26.8519167514429,27.9957403878488,27.2598408025297,-1,1000,500
75,26.8519167514429,25.7992872268993,25.1749660137959,-1,1000,500
0.05,26.8519167514429,31.8945150373538,30.9386795371574,-1,1000,500
55.5,26.8519167514429,26.6229613047649,25.957844460596,-1,1000,500
68.7,26.8519167514429,26.053619862299,25.4168361122407,-1,1000,500
85.6,26.8519167514429,25.1903777295879,24.595405578238,-1,1000,500
8.95,26.8519167514429,29.1934541203973,28.3929585462805,-1,1000,500
64.25,26.8519167514429,26.2784090909089,25.6305105597704,-1,1000,500
40.55,26.8519167514429,27.3100054674684,26.6098988823842,-1,1000,500
97.6,26.8519167514429,23.7100678786727,23.183567487365,-1,1000,500
0.8,26.8519167514429,31.044126786824,30.1386377335744,-1,1000,500
10.35,26.8519167514429,29.1016080167792,28.3061594202899,-1,1000,500
43.45,26.8519167514429,27.1703655352479,26.4774412200805,-1,1000,500
78.9,26.8519167514429,25.5970072768268,24.982512241431,-1,1000,500
41.6,26.8519167514429,27.2073642355247,26.5125404316242,-1,1000,500
92.85,26.8519167514429,24.5913745569121,24.0246011916202,-1,1000,500
66.25,26.8519167514429,26.20121695342,25.5571457779595,-1,1000,500
2.4,26.8519167514429,30.230587665678,29.3720260823592,-1,1000,500
96.4,26.8519167514429,24.0086517664022,23.4686693264492,-1,1000,500
42.55,26.8519167514429,27.1940331010452,26.499894000424,-1,1000,500
24.3,26.8519167514429,28.0365963179164,27.2985367984276,-1,1000,500
86.85,26.8519167514429,24.9625187406296,24.3783520234032,-1,1000,500
84.2,26.8519167514429,25.2975436819447,24.6974561620153,-1,1000,500
58.3,26.8519167514429,26.536683844233,25.8758991874968,-1,1000,500
82,26.8519167514429,25.4120879120878,24.8065092280214,-1,1000,500
59.15,26.8519167514429,26.5183690804841,25.8585022755482,-1,1000,500
63.9,26.8519167514429,26.2604489774459,25.6134419343271,-1,1000,500
33.15,26.8519167514429,27.6272123893804,26.9106566200215,-1,1000,500
84.6,26.8519167514429,25.1814882032667,24.5869394177813,-1,1000,500
19.35,26.8519167514429,28.3307810107196,27.5770779328222,-1,1000,500
0.7,26.8519167514429,31.0808288221018,30.1731941343311,-1,1000,500
17.9,26.8519167514429,28.4178187403992,27.6594567682691,-1,1000,500
8.9,26.8519167514429,29.1764018691587,28.3768444948922,-1,1000,500
73.05,26.8519167514429,25.9103641456581,25.2806148245525,-1,1000,500
33.1,26.8519167514429,27.6700642588077,26.9512721000431,-1,1000,500
78.45,26.8519167514429,25.5511790884443,24.9388996957454,-1,1000,500
63.25,26.8519167514429,26.3504958852077,25.6990131578947,-1,1000,500
52,26.8519167514429,26.7928981387114,26.1192080656114,-1,1000,500
15.5,26.8519167514429,28.6657101865135,27.8940027894003,-1,1000,500
46.8,26.8519167514429,27.0643693107931,26.3768727579658,-1,1000,500
13.45,26.8519167514429,28.7813310285219,28.0033604032484,-1,1000,500
73.05,26.8519167514429,25.8781473422442,25.2499747500252,-1,1000,500
98.9,26.8519167514429,23.1517960602548,22.6500566251416,-1,1000,500
66.85,26.8519167514429,26.1888533529071,25.545394165432,-1,1000,500
8.4,26.8519167514429,29.2601487903461,28.4559786011041,-1,1000,500
88.45,26.8519167514429,25.0313204710598,24.443901246639,-1,1000,500
60.3,26.8519167514429,26.4201840685496,25.7652272493043,-1,1000,500
15.05,26.8519167514429,28.723404255319,27.9485746226942,-1,1000,500
38.05,26.8519167514429,27.4194433770652,26.7136827483037,-1,1000,500
18.75,26.8519167514429,28.2538605124723,27.5042631607899,-1,1000,500
76.9,26.8519167514429,25.6443166649552,25.0275302833116,-1,1000,500
77.55,26.8519167514429,25.61669829222,25.0012500625031,-1,1000,500
80.75,26.8519167514429,25.4483391073975,24.8410174880763,-1,1000,500
3,26.8519167514429,30.0451127819547,29.1970802919708,-1,1000,500
28.65,26.8519167514429,27.8288484038107,27.1017399317036,-1,1000,500
12.65,26.8519167514429,28.8694948560859,28.0867318278845,-1,1000,500
34,26.8519167514429,27.5738338393595,26.86005909213,-1,1000,500
58.2,26.8519167514429,26.5790453892405,25.9161353858913,-1,1000,500
64.6,26.8519167514429,26.2494087970991,25.6029494597778,-1,1000,500
99,26.8519167514429,23.2422874691731,22.7365740530217,-1,1000,500
43.65,26.8519167514429,27.2058823529411,26.5111346765642,-1,1000,500
14.05,26.8519167514429,28.706896551724,27.9329608938547,-1,1000,500
73.6,26.8519167514429,25.8942457231725,25.2652854977261,-1,1000,500
9.8,26.8519167514429,28.8594869424542,28.0772686433064,-1,1000,500
49.65,26.8519167514429,26.9170663361533,26.2370782389673,-1,1000,500
10.8,26.8519167514429,29.0660459703228,28.2725473565168,-1,1000,500
67.2,26.8519167514429,26.1231107159666,25.4829009734468,-1,1000,500
41.85,26.8519167514429,27.2414921465968,26.5449139944787,-1,1000,500
87.6,26.8519167514429,24.9749999999999,24.390243902439,-1,1000,500
97.85,26.8519167514429,23.4870926787981,22.9705517526531,-1,1000,500
61.5,26.8519167514429,26.3713637083574,25.7188416233733,-1,1000,500
74.7,26.8519167514429,25.8313078554066,25.2054242072894,-1,1000,500
69.85,26.8519167514429,26.0142700900994,25.379422364347,-1,1000,500
49,26.8519167514429,26.9591968911916,26.2770653773387,-1,1000,500
54.45,26.8519167514429,26.7298121688873,26.0593109918174,-1,1000,500
58.25,26.8519167514429,26.5832889835018,25.9201658890617,-1,1000,500
54.45,26.8519167514429,26.6727185347358,26.0050969990118,-1,1000,500
34.8,26.8519167514429,27.4873431653091,26.7780634104542,-1,1000,500
93.5,26.8519167514429,24.4649066954008,23.9040015298561,-1,1000,500
16.5,26.8519167514429,28.5804199805457,27.8133170161874,-1,1000,500
39.85,26.8519167514429,27.3878714771356,26.683744262995,-1,1000,500
43.75,26.8519167514429,27.1157917594049,26.4256646054648,-1,1000,500
43.8,26.8519167514429,27.176278563656,26.4830508474576,-1,1000,500
37.2,26.8519167514429,27.4089113257242,26.7036957914975,-1,1000,500
96.3,26.8519167514429,24.0178871952684,23.477485091797,-1,1000,500
96.15,26.8519167514429,24.1048161374384,23.5604561304307,-1,1000,500
84.15,26.8519167514429,25.2757818034611,24.6767347744546,-1,1000,500
60.35,26.8519167514429,26.4874323894367,25.8291145779523,-1,1000,500
76.55,26.8519167514429,25.706345530338,25.0865485926446,-1,1000,500
17.6,26.8519167514429,28.458295350957,27.6977620208287,-1,1000,500
14.7,26.8519167514429,28.7283602691665,27.9532621456924,-1,1000,500
10.9,26.8519167514429,29.1661800770756,28.3671848405764,-1,1000,500
37.55,26.8519167514429,27.4345032130498,26.7279627946758,-1,1000,500
17.1,26.8519167514429,28.5836909871243,27.8164116828929,-1,1000,500
43.7,26.8519167514429,27.1999564365061,26.5055131467345,-1,1000,500
44.85,26.8519167514429,27.1334673257644,26.4424348193982,-1,1000,500
46,26.8519167514429,27.0761058109279,26.3880092885793,-1,1000,500
43.9,26.8519167514429,27.1025501899076,26.4131008980454,-1,1000,500
28.25,26.8519167514429,27.8583379810373,27.1296798697775,-1,1000,500
61.2,26.8519167514429,26.4229792636478,25.7678829107401,-1,1000,500
49.6,26.8519167514429,26.928675400291,26.2480970129666,-1,1000,500
36.4,26.8519167514429,27.4918817766524,26.782366489903,-1,1000,500
82.9,26.8519167514429,25.3707842340511,24.7671884287696,-1,1000,500
36,26.8519167514429,27.4164333937097,26.7108285699022,-1,1000,500
6.55,26.8519167514429,29.5195319425565,28.7009930543597,-1,1000,500
26.5,26.8519167514429,28.0177249270809,27.2806634657355,-1,1000,500
92.2,26.8519167514429,24.6861717900562,24.1149802257162,-1,1000,500
73.75,26.8519167514429,25.7540603248259,25.1319426991706,-1,1000,500
91.7,26.8519167514429,24.6265345363111,24.0581244286195,-1,1000,500
40.9,26.8519167514429,27.3010494097069,26.6014045541605,-1,1000,500
46.65,26.8519167514429,27.0336093521674,26.347684038573,-1,1000,500
19.3,26.8519167514429,28.3468588615855,27.5922962308923,-1,1000,500
89.6,26.8519167514429,24.948803756056,24.3652843428683,-1,1000,500
29.35,26.8519167514429,27.7607958650585,27.0372573406154,-1,1000,500
52.1,26.8519167514429,26.7928981387115,26.1192080656114,-1,1000,500
66.95,26.8519167514429,26.1026337792641,25.4634345080464,-1,1000,500
82.9,26.8519167514429,25.3927100808296,24.7880620693074,-1,1000,500
41.25,26.8519167514429,27.2563570882897,26.5590141293955,-1,1000,500
64.45,26.8519167514429,26.2714984484299,25.6239430123507,-1,1000,500
9.35,26.8519167514429,29.0271966527195,28.235825615541,-1,1000,500
87,26.8519167514429,25.0137713455855,24.4271825687625,-1,1000,500
34.4,26.8519167514429,27.5890637945318,26.8744961031981,-1,1000,500
21.25,26.8519167514429,28.2554587623033,27.5057762130047,-1,1000,500
78.5,26.8519167514429,25.5838967424707,24.9700359568518,-1,1000,500
8.3,26.8519167514429,29.2327500438929,28.4300904076875,-1,1000,500
93.9,26.8519167514429,24.4804940207801,23.9188672024493,-1,1000,500
1.5,26.8519167514429,30.5243216817403,29.6489563567362,-1,1000,500
25.55,26.8519167514429,27.9769239386131,27.2420180887,-1,1000,500
27.85,26.8519167514429,27.9362416107381,27.2034820457019,-1,1000,500
92.9,26.8519167514429,24.6362515413069,24.0673886883273,-1,1000,500
68.65,26.8519167514429,26.0740199404916,25.4362313679605,-1,1000,500
9.45,26.8519167514429,29.1236662585271,28.3270069684437,-1,1000,500
64.2,26.8519167514429,26.2963937878388,25.6476019492177,-1,1000,500
45.65,26.8519167514429,27.0379993504383,26.351849899863,-1,1000,500
69.8,26.8519167514429,25.9858495473935,25.3523983368827,-1,1000,500
84.8,26.8519167514429,25.1485248212666,24.5555446419802,-1,1000,500
89.85,26.8519167514429,24.6751963641752,24.1045171865207,-1,1000,500
61.7,26.8519167514429,26.3894759087066,25.7360510603253,-1,1000,500
92.25,26.8519167514429,24.650841435128,24.0812984636132,-1,1000,500
16.8,26.8519167514429,28.5755148741417,27.8086763070078,-1,1000,500
58.5,26.8519167514429,26.5634971282705,25.9013675922089,-1,1000,500
10.8,26.8519167514429,29.0542112610515,28.261361067149,-1,1000,500
35,26.8519167514429,27.5479814692256,26.8355517389438,-1,1000,500
77.05,26.8519167514429,25.6733141447367,25.0551212667869,-1,1000,500
86.15,26.8519167514429,25.2285468963078,24.6317552588797,-1,1000,500
72,26.8519167514429,25.9170860789705,25.2870075355282,-1,1000,500
62.4,26.8519167514429,26.306088055614,25.6568144499179,-1,1000,500
19.75,26.8519167514429,28.2938710773761,27.5421394733943,-1,1000,500
24.25,26.8519167514429,28.1028468549566,27.3612783189231,-1,1000,500
36.05,26.8519167514429,27.4692036955564,26.7608649111539,-1,1000,500
89.75,26.8519167514429,24.6168251934354,24.0488672983502,-1,1000,500
51.9,26.8519167514429,26.7699233613805,26.0973954799311,-1,1000,500
22.6,26.8519167514429,28.1630581867387,27.4182934854135,-1,1000,500
45.7,26.8519167514429,27.0717034307082,26.3838319877579,-1,1000,500
77.4,26.8519167514429,25.7050226430629,25.0852899859522,-1,1000,500
0.45,26.8519167514429,31.7425012709709,30.7957625030796,-1,1000,500
17.9,26.8519167514429,28.3758450264158,27.6197315362095,-1,1000,500
51.05,26.8519167514429,26.8779595350838,26.1999580800671,-1,1000,500
54.4,26.8519167514429,26.7484202634678,26.0769792427245,-1,1000,500
12.35,26.8519167514429,28.7581323046806,27.9814203368963,-1,1000,500
54,26.8519167514429,26.711229946524,26.0416666666667,-1,1000,500
7.8,26.8519167514429,29.2378833996721,28.434940855323,-1,1000,500
14.95,26.8519167514429,28.6772304512572,27.9049001004576,-1,1000,500
66.15,26.8519167514429,26.1545711592836,25.5128074293295,-1,1000,500
54.95,26.8519167514429,26.6883949561871,26.0199833472107,-1,1000,500
26.4,26.8519167514429,28.0004484556308,27.2643001254158,-1,1000,500
86.3,26.8519167514429,25.1459927507047,24.5531329797682,-1,1000,500
51.65,26.8519167514429,26.879405908626,26.2013310276162,-1,1000,500
33.2,26.8519167514429,27.6119402985073,26.8961807423346,-1,1000,500
92.5,26.8519167514429,24.5732277266689,24.0072982186585,-1,1000,500
58.5,26.8519167514429,26.4677829588808,25.8104480693785,-1,1000,500
24.85,26.8519167514429,28.0586450960565,27.3194186427713,-1,1000,500
42.05,26.8519167514429,27.2207084468664,26.525198938992,-1,1000,500
11.05,26.8519167514429,28.8795097132284,28.0962013935716,-1,1000,500
42.35,26.8519167514429,27.1881123448725,26.494277236117,-1,1000,500
63.1,26.8519167514429,26.35744815577,25.7056192483677,-1,1000,500
37.05,26.8519167514429,27.5495008548893,26.8369921099243,-1,1000,500
33.25,26.8519167514429,27.6379129087588,26.9207990093146,-1,1000,500
18.3,26.8519167514429,28.468026900718,27.7069710739222,-1,1000,500
5.7,26.8519167514429,29.6280918203926,28.8035025059047,-1,1000,500
36.65,26.8519167514429,27.4134240711266,26.7079750013354,-1,1000,500
43.75,26.8519167514429,27.1423137531923,26.4508279109136,-1,1000,500
39.9,26.8519167514429,27.327935222672,26.6269038236234,-1,1000,500
77.15,26.8519167514429,25.8259655653791,25.2003427246611,-1,1000,500
96.45,26.8519167514429,24.0386929111121,23.4973448000376,-1,1000,500
63,26.8519167514429,26.3227234401348,25.6726227151366,-1,1000,500
8.2,26.8519167514429,29.1559654447815,28.3575317604356,-1,1000,500
27.55,26.8519167514429,27.9159447828759,27.1842548795737,-1,1000,500
24.05,26.8519167514429,28.1139190634321,27.3717632889911,-1,1000,500
37.35,26.8519167514429,27.4345032130498,26.7279627946758,-1,1000,500
79.15,26.8519167514429,25.57472735651,24.9613099695472,-1,1000,500
8.2,26.8519167514429,29.181515452474,28.3816767894647,-1,1000,500
63.35,26.8519167514429,26.3310490247759,25.6805341551104,-1,1000,500
9.7,26.8519167514429,29.0948275862068,28.2997509621915,-1,1000,500
0.7,48.5571902023442,52.8813057571209,49.8122703390694,0,1000,500
71,48.5571902023442,47.5654573039919,44.8893163562439,0,1000,500
84.45,48.5571902023442,46.9148646121645,44.5905721103121,0,1000,500
98.15,48.5571902023442,45.1697439741388,42.956359680022,0,1000,500
34.65,48.5571902023442,49.2024621086934,46.7209801557519,0,1000,500
80.25,48.5571902023442,47.133806124055,44.6652572740249,0,1000,500
91.55,48.5571902023442,46.0661137332146,42.9092857462239,0,1000,500
58.5,48.5571902023442,48.2598513665051,45.8262531835678,0,1000,500
26.95,48.5571902023442,49.7288490571477,46.9024607771139,0,1000,500
21.2,48.5571902023442,49.9492753669355,47.3096387086573,0,1000,500
65.2,48.5571902023442,47.8246372937804,45.1589430308333,0,1000,500
32.3,48.5571902023442,49.3316345055472,46.6921439210036,0,1000,500
90.5,48.5571902023442,46.328738023807,43.7709105906318,0,1000,500
5.8,48.5571902023442,51.3531729251295,48.4665326529489,0,1000,500
85.2,48.5571902023442,46.8156785649956,44.4325998967363,0,1000,500
30.6,48.5571902023442,49.5615253737732,46.4727426177419,0,1000,500
84.45,48.5571902023442,46.7448716972057,44.0451051569293,0,1000,500
78.25,48.5571902023442,47.1981145998007,44.6872097440215,0,1000,500
58.8,48.5571902023442,48.1735914970883,45.305518464362,0,1000,500
1.8,48.5571902023442,52.5780471688615,49.2592586939233,0,1000,500
41.65,48.5571902023442,48.9636491143971,46.2517031995084,0,1000,500
76.45,48.5571902023442,47.3076919514787,44.739825043791,0,1000,500
31.65,48.5571902023442,49.4642482902327,46.4486152258563,0,1000,500
3.55,48.5571902023442,51.9233219244632,48.7294817561823,0,1000,500
13.8,48.5571902023442,50.6544522748704,47.4740161827991,0,1000,500
0.95,48.5571902023442,52.8464092032885,49.4532185472213,0,1000,500
21.25,48.5571902023442,49.9933179803223,47.2159782677873,0,1000,500
71.4,48.5571902023442,47.6000134909454,44.8376326424477,0,1000,500
15.4,48.5571902023442,50.4025499259534,47.5828262535696,0,1000,500
95.7,48.5571902023442,45.5700989872956,43.2194360285493,0,1000,500
70,48.5571902023442,47.666665666666,45.2245761463368,0,1000,500
32,48.5571902023442,49.3728612626795,46.8837696666524,0,1000,500
61.5,48.5571902023442,48.029895712176,45.0641610816285,0,1000,500
71,48.5571902023442,47.5527878487548,44.8106695416991,0,1000,500
62.6,48.5571902023442,47.9594756171651,44.8743342184777,0,1000,500
98.5,48.5571902023442,45.0891327016117,42.9570821033097,0,1000,500
64.05,48.5571902023442,47.9273555076142,45.4248261734053,0,1000,500
7.7,48.5571902023442,51.0611381360801,48.3187938848087,0,1000,500
47.7,48.5571902023442,48.6767836066901,46.2957344473208,0,1000,500
38.65,48.5571902023442,49.05248997181,46.3025257781924,0,1000,500
71.65,48.5571902023442,47.5514568957146,45.124859818102,0,1000,500
15.5,48.5571902023442,50.5285106857507,47.4821572384204,0,1000,500
6.15,48.5571902023442,51.3693828859635,48.7592931592492,0,1000,500
47.75,48.5571902023442,48.6202348635932,45.6131624280486,0,1000,500
9.8,48.5571902023442,50.9398401643601,47.8179439240701,0,1000,500
98.1,48.5571902023442,45.034443412178,42.6192152661786,0,1000,500
29.7,48.5571902023442,49.5984660213557,46.6189300752015,0,1000,500
2.75,48.5571902023442,52.1730391998079,49.1141567033572,0,1000,500
55.8,48.5571902023442,48.3122502414429,45.5884386838833,0,1000,500
83.75,48.5571902023442,46.936886350567,44.6267717492717,0,1000,500
4.5,48.5571902023442,51.7526216072834,48.5674103543285,0,1000,500
92.3,48.5571902023442,46.1066255131229,43.7951464281824,0,1000,500
94.95,48.5571902023442,45.944842488056,43.5668069121541,0,1000,500
39.4,48.5571902023442,49.0678466816527,46.5722139137803,0,1000,500
88.2,48.5571902023442,46.484020031466,44.0785558674637,0,1000,500
21.6,48.5571902023442,50.0628725375356,47.2288961147175,0,1000,500
59.45,48.5571902023442,48.1648861279435,45.5861886360979,0,1000,500
3.5,48.5571902023442,51.7970022381818,48.8349410060212,0,1000,500
66.5,48.5571902023442,47.826077664525,45.1728835324869,0,1000,500
43.15,48.5571902023442,48.9018093520363,46.1501560597131,0,1000,500
18.75,48.5571902023442,50.3339891055672,46.4909461301272,0,1000,500
36.7,48.5571902023442,49.2255173042885,46.4288330409104,0,1000,500
99.9,48.5571902023442,43.8421482989039,41.4601872764944,0,1000,500
97.3,48.5571902023442,45.0368121872966,42.5593843731479,0,1000,500
19.2,48.5571902023442,50.166824958892,47.4760480230095,0,1000,500
33.6,48.5571902023442,49.3885122967099,46.4123140281599,0,1000,500
26.95,48.5571902023442,49.6499122373319,47.1219383582665,0,1000,500
9,48.5571902023442,50.831428087429,48.1897658822711,0,1000,500
48.6,48.5571902023442,48.632481988402,45.9958398369425,0,1000,500
17.2,48.5571902023442,50.1573851359682,47.626182949713,0,1000,500
49.5,48.5571902023442,48.5585628370366,46.0468773304757,0,1000,500
84.7,48.5571902023442,46.7922341732198,44.2846007094653,0,1000,500
51.15,48.5571902023442,48.499230333091,45.8587026436125,0,1000,500
45.85,48.5571902023442,48.7827494703183,45.6986139536394,0,1000,500
76.95,48.5571902023442,47.2479722164598,44.5096693656532,0,1000,500
84.7,48.5571902023442,46.7890876310085,44.4534286221525,0,1000,500
20.55,48.5571902023442,50.0602049434747,47.3050808354817,0,1000,500
98.5,48.5571902023442,44.7351049827216,42.386769825976,0,1000,500
92.8,48.5571902023442,45.9226994458841,43.4239554703827,0,1000,500
1.05,48.5571902023442,52.7575907479976,49.8652048527304,0,1000,500
76.95,48.5571902023442,47.2757625142143,44.7967212076619,0,1000,500
37.2,48.5571902023442,49.1990530816465,46.4126108549313,0,1000,500
11.35,48.5571902023442,50.7922480803753,47.9938148271074,0,1000,500
96.5,48.5571902023442,45.5984946153424,43.4543242918024,0,1000,500
49.4,48.5571902023442,48.6547709947087,45.9420326038627,0,1000,500
63.25,48.5571902023442,47.9962671924526,45.472024813734,0,1000,500
45.8,48.5571902023442,48.7355971225772,46.1383465771539,0,1000,500
66.85,48.5571902023442,47.7862305651931,45.3490726849463,0,1000,500
22.9,48.5571902023442,49.9329656851355,46.968892011272,0,1000,500
89,48.5571902023442,46.4040171855772,44.1125096566512,0,1000,500
16.95,48.5571902023442,50.4401203414747,47.3096357463468,0,1000,500
3.45,48.5571902023442,52.1387424742798,48.66379302668,0,1000,500
5.4,48.5571902023442,51.5252315969557,48.3068835994898,0,1000,500
18.5,48.5571902023442,50.1135490326301,47.078558535541,0,1000,500
18.7,48.5571902023442,50.1617005504724,47.3636406048585,0,1000,500
4.4,48.5571902023442,51.7311704248454,48.5556578039047,0,1000,500
36.55,48.5571902023442,49.2154980741895,46.210326251865,0,1000,500
72.5,48.5571902023442,47.5388560157208,45.0053810895172,0,1000,500
30.1,48.5571902023442,49.5129361794326,47.0245414327139,0,1000,500
59.35,48.5571902023442,48.140973025551,45.477402204378,0,1000,500
2,48.5571902023442,52.2393084584503,49.3340004339105,0,1000,500
73.05,48.5571902023442,47.506445898766,45.0981532957511,0,1000,500
23.1,48.5571902023442,49.9056513301982,47.2201423472366,0,1000,500
99.9,48.5571902023442,43.0576573788273,40.892290409552,0,1000,500
17.5,48.5571902023442,50.2293640006819,47.4405153652307,0,1000,500
62.25,48.5571902023442,47.9633031151405,45.3881044819539,0,1000,500
23.7,48.5571902023442,49.9381660677161,46.8873297605087,0,1000,500
70.2,48.5571902023442,47.6387413253678,44.8846031970742,0,1000,500
94.4,48.5571902023442,45.7385123527593,43.2260701971643,0,1000,500
12.75,48.5571902023442,50.7966811566293,47.5551953279852,0,1000,500
82,48.5571902023442,46.9089417798583,44.2448405997524,0,1000,500
3.55,48.5571902023442,51.9939102213241,48.5164453740256,0,1000,500
91.9,48.5571902023442,45.8885611811253,43.0446693866507,0,1000,500
16.65,48.5571902023442,50.2828059422347,47.59968422839,0,1000,500
57.1,48.5571902023442,48.2584438032085,45.5838270967457,0,1000,500
81.65,48.5571902023442,47.001562635147,44.6813743251815,0,1000,500
96.65,48.5571902023442,45.4593429824577,43.2416623424021,0,1000,500
66.25,48.5571902023442,47.8422229920647,45.4189615959365,0,1000,500
86.65,48.5571902023442,46.4960087787336,43.6336704294056,0,1000,500
49.45,48.5571902023442,48.6365124652306,46.0900116280915,0,1000,500
1.05,48.5571902023442,52.9291416908517,49.7797893093444,0,1000,500
80.6,48.5571902023442,46.9805839426707,44.1038593109022,0,1000,500
67.5,48.5571902023442,47.7282378772501,45.3252315162853,0,1000,500
86.65,48.5571902023442,46.4827366376656,43.8480690758699,0,1000,500
68.65,48.5571902023442,47.7458468306987,45.2017273961269,0,1000,500
94.35,48.5571902023442,45.7537931333718,42.9429984542678,0,1000,500
99.5,48.5571902023442,44.1279095822036,42.0419521196977,0,1000,500
55.25,48.5571902023442,48.3299738414503,45.5428547337017,0,1000,500
8.15,48.5571902023442,51.2096441797913,48.2909787545038,0,1000,500
73.6,48.5571902023442,47.4913929051401,45.0590770529655,0,1000,500
41.3,48.5571902023442,48.9533789647529,46.2351830657362,0,1000,500
45.25,48.5571902023442,48.7827004030882,45.8388054285437,0,1000,500
47.45,48.5571902023442,48.658266709407,46.2173293836824,0,1000,500
32.45,48.5571902023442,49.3359541264032,46.6695226662971,0,1000,500
66.9,48.5571902023442,47.8459397976523,45.357114115765,0,1000,500
0.35,48.5571902023442,53.9073616251947,50.6596772319225,0,1000,500
16.05,48.5571902023442,50.4513206916489,47.339571577352,0,1000,500
92.75,48.5571902023442,46.0425958484091,43.6988424878451,0,1000,500
16.7,48.5571902023442,50.2924713260603,47.6032556883671,0,1000,500
4.3,48.5571902023442,51.8860062313206,48.7775958140864,0,1000,500
69.75,48.5571902023442,47.7023071287084,45.0813142064852,0,1000,500
29.2,48.5571902023442,49.5787626650353,46.4188577676487,0,1000,500
87.65,48.5571902023442,46.4918319481174,43.9332352071039,0,1000,500
9.85,48.5571902023442,50.9865184281769,47.8430737186446,0,1000,500
74.05,48.5571902023442,47.5126623053313,45.1192955136468,0,1000,500
9.75,48.5571902023442,51.0051221674612,48.1425943641528,0,1000,500
87.35,48.5571902023442,46.5074788282951,43.7845184283952,0,1000,500
93.5,48.5571902023442,45.7113318488478,43.1765565119478,0,1000,500
75.55,48.5571902023442,47.266511829614,44.5919002423753,0,1000,500
65,48.5571902023442,47.8615613954959,44.9582557064014,0,1000,500
48.6,48.5571902023442,48.6319396596613,45.6557568175666,0,1000,500
95.05,48.5571902023442,45.868931731692,43.7948450948519,0,1000,500
18.6,48.5571902023442,50.2721613325095,47.0604969399128,0,1000,500
64.85,48.5571902023442,47.8675945630621,45.0512338574648,0,1000,500
77.75,48.5571902023442,47.2068447343643,44.8202075733989,0,1000,500
59.15,48.5571902023442,48.1441096978354,45.1686404880259,0,1000,500
6.25,48.5571902023442,51.5348776175353,48.7608122078951,0,1000,500
14.5,48.5571902023442,50.3029979000658,47.7924012238432,0,1000,500
10.25,48.5571902023442,50.993086871841,48.158315093685,0,1000,500
97.5,48.5571902023442,45.1170738909072,42.9371912065416,0,1000,500
90.8,48.5571902023442,46.3062058052373,43.7966106544028,0,1000,500
58.15,48.5571902023442,48.2132992126858,45.5927387297338,0,1000,500
20.75,48.5571902023442,50.0493034918649,47.2631511904875,0,1000,500
21.6,48.5571902023442,49.9363479982491,47.0727017303435,0,1000,500
6.9,48.5571902023442,51.4304033686787,48.5254908726794,0,1000,500
52.9,48.5571902023442,48.4712492325385,45.8266314014725,0,1000,500
50.95,48.5571902023442,48.5264990927008,45.8890707412108,0,1000,500
98.95,48.5571902023442,44.3913100130018,42.0298293158186,0,1000,500
4.85,48.5571902023442,51.7613559568852,48.6633739477812,0,1000,500
69.55,48.5571902023442,47.6622925743828,45.1292799127743,0,1000,500
27.95,48.5571902023442,49.8141373557438,46.6225858212692,0,1000,500
1,48.5571902023442,53.0076527523437,50.1074493174176,0,1000,500
91.05,48.5571902023442,46.215740113029,43.4141474834948,0,1000,500
34.85,48.5571902023442,49.2858829079998,46.2292457293283,0,1000,500
56.1,48.5571902023442,48.3104441307216,45.5972569637485,0,1000,500
33.65,48.5571902023442,49.3267485165053,46.2092052873423,0,1000,500
60.65,48.5571902023442,48.1209408062467,45.0346444248061,0,1000,500
16.75,48.5571902023442,50.2825107699147,47.6168918449372,0,1000,500
94.1,48.5571902023442,45.6794995820796,42.8406230078792,0,1000,500
98.4,48.5571902023442,44.8322333984641,42.4965237061129,0,1000,500
48.8,48.5571902023442,48.6191220169075,46.3179029978457,0,1000,500
5.05,48.5571902023442,51.5525713284184,48.2031113979764,0,1000,500
50.65,48.5571902023442,48.5356760510174,45.6583863864117,0,1000,500
79.9,48.5571902023442,47.0884721780291,44.5012909042725,0,1000,500
29.5,48.5571902023442,49.5822061513201,46.7989334738646,0,1000,500
29.7,48.5571902023442,49.5780119984434,46.7128855503465,0,1000,500
92.05,48.5571902023442,46.1137078998222,43.6902158451567,0,1000,500
24.9,48.5571902023442,49.8415004036719,46.9840927069681,0,1000,500
43.3,48.5571902023442,48.8256547054741,46.4630091427213,0,1000,500
41.95,48.5571902023442,48.9154734443519,46.2718644295422,0,1000,500
85.1,48.5571902023442,46.6576737820328,44.0455027946032,0,1000,500
40.45,48.5571902023442,49.010554358446,46.4323428225768,0,1000,500
44.85,48.5571902023442,48.7854761434357,46.1120966991321,0,1000,500
23.65,48.5571902023442,49.9576709310038,47.0430572041269,0,1000,500
35.5,48.5571902023442,49.1185808370263,46.4635128775013,0,1000,500
92.2,48.5571902023442,45.7826873865561,42.8868684078984,0,1000,500
92.1,48.5571902023442,46.2638712555676,44.0033494243989,0,1000,500
61.5,48.5571902023442,48.0674666007598,45.261169822982,0,1000,500
3.8,48.5571902023442,51.916593768585,48.6475358765222,0,1000,500
18.05,48.5571902023442,50.3115901156204,47.2392658931395,0,1000,500
16.95,48.5571902023442,50.2417613032166,47.7134356376679,0,1000,500
18.3,48.5571902023442,50.2209569634086,47.2207387824282,0,1000,500
76.35,48.5571902023442,47.2232050897845,44.4188044339912,0,1000,500
30.85,48.5571902023442,49.4304743882875,46.7919611337743,0,1000,500
39.85,48.5571902023442,49.0554162587727,46.1723177776812,0,1000,500
33.75,48.5571902023442,49.2975284094065,46.7664401517761,0,1000,500
94.5,48.5571902023442,45.7973176273379,43.4981860781435,0,1000,500
26.35,48.5571902023442,49.7927493767438,46.7294977918609,0,1000,500
55,48.5571902023442,48.3681037000975,45.6667729981186,0,1000,500
77.65,48.5571902023442,47.2397245169284,44.4571506180249,0,1000,500
25,48.5571902023442,49.8756978112048,46.7030323043376,0,1000,500
24.3,48.5571902023442,49.7991232790079,47.0133617650944,0,1000,500
33.1,48.5571902023442,49.3231282329715,46.4307601524804,0,1000,500
68,48.5571902023442,47.7473768014692,44.9044712411645,0,1000,500
94.2,48.5571902023442,45.7980372215754,43.2268120787612,0,1000,500
4.15,48.5571902023442,51.6478689498243,48.7244221067618,0,1000,500
94.65,48.5571902023442,45.6966917737333,43.2165017499433,0,1000,500
9.5,48.5571902023442,51.3177048352368,47.5796549389038,0,1000,500
18.15,48.5571902023442,50.1505760787746,47.5055979011861,0,1000,500
44.65,48.5571902023442,48.8146712463698,46.1507181682523,0,1000,500
37.8,48.5571902023442,49.1290376525668,45.9815355903687,0,1000,500
31.6,48.5571902023442,49.4353877989134,46.8631192574657,0,1000,500
46.7,48.5571902023442,48.7060156648722,45.9896952267622,0,1000,500
33.95,48.5571902023442,49.2642679314454,46.7890263180224,0,1000,500
53,48.5571902023442,48.4326158395974,45.32655662799,0,1000,500
94.2,48.5571902023442,45.7858439218887,43.2926580322966,0,1000,500
11,48.5571902023442,50.9865936766517,47.9142555293534,0,1000,500
1.05,48.5571902023442,52.5318948478418,49.8206286307838,0,1000,500
61.75,48.5571902023442,48.1139610749886,45.475331945924,0,1000,500
22.1,48.5571902023442,49.9693940911724,47.4141266682649,0,1000,500
79.45,48.5571902023442,47.1770578786994,44.4256923141137,0,1000,500
88.8,48.5571902023442,46.4953972713082,44.4474994932059,0,1000,500
89.05,48.5571902023442,46.3796625808407,43.9339099985895,0,1000,500
3.7,48.5571902023442,52.0272985676273,48.774696146114,0,1000,500
42.1,48.5571902023442,48.9082820758795,46.1863082708209,0,1000,500
86.7,48.5571902023442,46.4888723792829,43.7431812879409,0,1000,500
45.8,48.5571902023442,48.7997329090661,45.9644728911853,0,1000,500
95.4,48.5571902023442,45.6346182559455,43.3902102105534,0,1000,500
13.4,48.5571902023442,50.4924875387123,47.8196077379906,0,1000,500
58.65,48.5571902023442,48.215541066642,45.2422188161116,0,1000,500
78.6,48.5571902023442,47.1620073413228,44.2120141436168,0,1000,500
27.7,48.5571902023442,49.7065099676031,47.0870661328245,0,1000,500
98.05,48.5571902023442,44.9213033275961,42.4513871049644,0,1000,500
80.05,48.5571902023442,47.1256031200859,44.685439079346,0,1000,500
82.6,48.5571902023442,46.8535625714731,44.1306621289391,0,1000,500
46,48.5571902023442,48.732672712624,46.0032085433279,0,1000,500
57.15,48.5571902023442,48.2385624023521,45.3788507652255,0,1000,500
9.55,48.5571902023442,50.9917555439564,47.9560613175307,0,1000,500
93.45,48.5571902023442,45.7307058591689,42.8186043119487,0,1000,500
23.1,48.5571902023442,49.9588083347182,47.0994765271179,0,1000,500
74.3,48.5571902023442,47.4347968849051,45.0454080251467,0,1000,500
70.35,48.5571902023442,47.6214358759415,45.0525032720542,0,1000,500
94.1,48.5571902023442,45.8612591430239,43.5381076861238,0,1000,500
80.05,48.5571902023442,47.0585973785251,44.7317190306595,0,1000,500
36.95,48.5571902023442,49.1491334558371,46.6854201897713,0,1000,500
24.6,48.5571902023442,49.7962251516533,46.7713759205444,0,1000,500
4.75,48.5571902023442,51.5254440200472,48.933183682533,0,1000,500
9.9,48.5571902023442,50.7865209401548,48.0402665122865,0,1000,500
13.45,48.5571902023442,50.7318509813511,47.7555175211862,0,1000,500
55.35,48.5571902023442,48.2651314651231,45.2296565967197,0,1000,500
24.75,48.5571902023442,49.8605102603291,47.0033009515115,0,1000,500
57.4,48.5571902023442,48.3020504533472,45.735569709722,0,1000,500
62.05,48.5571902023442,48.0100943399952,45.4301018047807,0,1000,500
59.9,48.5571902023442,48.1719843414622,45.7322442407232,0,1000,500
59.75,48.5571902023442,48.1197600620182,44.9530911219296,0,1000,500
61,48.5571902023442,48.079607130958,45.0946333184422,0,1000,500
23.9,48.5571902023442,49.8951324562185,47.0854148692776,0,1000,500
96.2,48.5571902023442,45.6873429633544,43.4606901285811,0,1000,500
72.6,48.5571902023442,47.5700084571694,45.3142253917797,0,1000,500
33.45,48.5571902023442,49.4101227806924,46.2419438934868,0,1000,500
0.35,48.5571902023442,53.6196452942405,50.6493884645014,0,1000,500
24.2,48.5571902023442,49.7404812952262,47.2203779511,0,1000,500
74.9,48.5571902023442,47.4070040886769,44.5730985431543,0,1000,500
85.8,48.5571902023442,46.7206746379831,44.2552588058871,0,1000,500
13.5,48.5571902023442,50.5758554176182,47.8849365229758,0,1000,500
10.85,48.5571902023442,50.7932646818705,48.2033952781247,0,1000,500
57.7,48.5571902023442,48.2042542291314,45.7590502069171,0,1000,500
21.35,48.5571902023442,49.9436072036593,47.3996788462235,0,1000,500
95.75,48.5571902023442,45.670780033387,43.3883095340968,0,1000,500
88.45,48.5571902023442,46.3790972190312,43.7292418835487,0,1000,500
63.05,48.5571902023442,47.8859409903594,45.2260484432958,0,1000,500
43.3,48.5571902023442,48.8672757506995,46.4756763062398,0,1000,500
15.55,48.5571902023442,50.4235085547865,47.5020924303603,0,1000,500
36.1,48.5571902023442,49.3516881786087,46.0943477595894,0,1000,500
14.1,48.5571902023442,50.5322194202727,47.7363593403966,0,1000,500
30.55,48.5571902023442,49.5270362542387,46.7863673491005,0,1000,500
37.5,48.5571902023442,49.157918755355,46.7176294595128,0,1000,500
96.35,48.5571902023442,45.3796498147921,42.9597989892104,0,1000,500
70.3,48.5571902023442,47.7035332914833,45.3731412958644,0,1000,500
64.8,48.5571902023442,47.8994169069026,45.3278452162361,0,1000,500
90.95,48.5571902023442,46.0128997108792,43.1402312927174,0,1000,500
61.55,48.5571902023442,48.0442955021768,45.3424246894931,0,1000,500
26.5,48.5571902023442,49.6800288064917,47.1243250604205,0,1000,500
86.15,48.5571902023442,46.76176252274,44.5300333380388,0,1000,500
75,48.5571902023442,47.3870607942693,44.8679390088693,0,1000,500
92.75,48.5571902023442,45.8561192592856,43.1996444852177,0,1000,500
89.4,48.5571902023442,46.2060881373008,43.4331744997109,0,1000,500
65,48.5571902023442,47.86158092513,45.1920792884914,0,1000,500
72.55,48.5571902023442,47.470279122063,44.8390462438178,0,1000,500
1.15,48.5571902023442,53.0083920452878,50.0926478376837,0,1000,500
9.1,48.5571902023442,51.2894774250128,47.88786913517,0,1000,500
74,48.5571902023442,47.411937157273,44.8090715292143,0,1000,500
97.8,48.5571902023442,45.0491991563968,42.6112315877621,0,1000,500
17.4,48.5571902023442,50.2717480390909,47.6203927185898,0,1000,500
49.5,48.5571902023442,48.5315404447866,45.5357351684857,0,1000,500
26.1,48.5571902023442,49.7726969421578,46.7657338005353,0,1000,500
9.4,48.5571902023442,51.0173849412336,47.8907184108348,0,1000,500
62.5,48.5571902023442,48.0348962405687,45.5539649353364,0,1000,500
95.95,48.5571902023442,45.5414443302222,43.0626066574938,0,1000,500
40,48.5571902023442,49.0024493142775,46.2020344551623,0,1000,500
71.7,48.5571902023442,47.5478987717833,45.2868942038027,0,1000,500
62.05,48.5571902023442,48.0257178547072,45.4348688801906,0,1000,500
45.45,48.5571902023442,48.7494843039729,46.3800968276279,0,1000,500
17.3,48.5571902023442,50.3583840864707,47.2473909497618,0,1000,500
74.45,48.5571902023442,47.3536621907947,44.848771093191,0,1000,500
19.5,48.5571902023442,50.0043364916533,47.4701211274793,0,1000,500
8,48.5571902023442,51.2755429476218,48.4025524076472,0,1000,500
22.2,48.5571902023442,50.0732503262975,47.2477810156433,0,1000,500
4.1,48.5571902023442,52.1864486488899,48.5310528516476,0,1000,500
79.2,48.5571902023442,47.1855832841212,44.6437339062052,0,1000,500
97.5,48.5571902023442,45.0721922906259,42.9561013414926,0,1000,500
70.75,48.5571902023442,47.6593724397318,45.1018448233988,0,1000,500
34.55,48.5571902023442,49.3253084836486,46.4774008788727,0,1000,500
68.95,48.5571902023442,47.6841709287658,45.2895673675056,0,1000,500
45.55,48.5571902023442,48.7699205770209,45.8750177753853,0,1000,500
57.65,48.5571902023442,48.2314424241623,45.8026700976143,0,1000,500
9.95,48.5571902023442,50.8870926155012,47.9339832953893,0,1000,500
20.65,48.5571902023442,50.0990416212427,47.2128200700832,0,1000,500
15.9,48.5571902023442,50.4437804126302,47.6869928281444,0,1000,500
50.75,48.5571902023442,48.5208508020951,45.9873302049941,0,1000,500
75.35,48.5571902023442,47.4240018196775,45.0690590661366,0,1000,500
53.15,48.5571902023442,48.4373402725018,46.0232556121478,0,1000,500
76,48.5571902023442,47.2194119619613,44.4276551781227,0,1000,500
96.35,48.5571902023442,45.5913303198193,43.0225718670427,0,1000,500
94.4,48.5571902023442,45.7692819201146,43.4971232692997,0,1000,500
82.15,48.5571902023442,46.8974718368044,44.493426708981,0,1000,500
50,48.5571902023442,48.5743986972793,45.4485554473631,0,1000,500
0.75,48.5571902023442,52.8659827663414,50.0202384629896,0,1000,500
57.65,48.5571902023442,48.2466133424061,45.8514964708802,0,1000,500
92.35,48.5571902023442,46.0918931194051,43.5939616680479,0,1000,500
40.65,48.5571902023442,49.0079378458996,46.2571056028094,0,1000,500
81.9,48.5571902023442,46.9434130643049,44.3049835745732,0,1000,500
14.1,48.5571902023442,50.5477715686359,47.6801379236003,0,1000,500
58.1,48.5571902023442,48.2229592906147,45.6809510611752,0,1000,500
98.35,48.5571902023442,44.8661241341142,42.69071473833,0,1000,500
87,48.5571902023442,46.4774381211258,43.6298433958434,0,1000,500
11.85,48.5571902023442,50.568617270488,48.0918041701817,0,1000,500
46.7,48.5571902023442,48.7294902816756,46.0467175830301,0,1000,500
42.05,48.5571902023442,48.9128515612789,46.3187326960218,0,1000,500
3.85,48.5571902023442,51.7527615639072,48.7999293927273,0,1000,500
2.25,48.5571902023442,52.4559773055938,48.5423287277171,0,1000,500
46.2,48.5571902023442,48.7473209811492,46.2618234596816,0,1000,500
79.05,48.5571902023442,47.1779703760749,44.769878578213,0,1000,500
40.8,48.5571902023442,48.9596969734859,46.3679512680975,0,1000,500
17.2,48.5571902023442,50.272731663821,47.3510569126488,0,1000,500
70.4,48.5571902023442,47.6007800178191,44.8359307329689,0,1000,500
51.2,48.5571902023442,48.5044105514335,45.955475293835,0,1000,500
95.6,48.5571902023442,45.5664939720624,42.8860084557238,0,1000,500
55.5,48.5571902023442,48.3298249523505,46.0097324791407,0,1000,500
78.3,48.5571902023442,47.2734594850446,44.8648457182493,0,1000,500
85.65,48.5571902023442,46.7091133452941,44.1187699825896,0,1000,500
59.75,48.5571902023442,48.1495944518967,45.5538193859479,0,1000,500
88.8,48.5571902023442,46.3996234373805,43.7775002730016,0,1000,500
94.3,48.5571902023442,45.840072475285,43.4472019411764,0,1000,500
24.95,48.5571902023442,49.9189766098998,46.8206514863568,0,1000,500
46.3,48.5571902023442,48.7541169354271,46.0112411650856,0,1000,500
17.45,48.5571902023442,50.1627751054997,47.5199701307125,0,1000,500
77.45,48.5571902023442,47.2559615883943,44.847311149637,0,1000,500
76.25,48.5571902023442,47.3289015976333,44.8498969800061,0,1000,500
25.95,48.5571902023442,49.690545551409,47.0448824234143,0,1000,500
8.85,48.5571902023442,51.0004253593886,48.1391625828792,0,1000,500
35.45,48.5571902023442,49.2530216508724,46.575876894301,0,1000,500
98.25,48.5571902023442,44.9753042204001,42.3818232685858,0,1000,500
37.25,48.5571902023442,49.1531377595253,46.2824697060681,0,1000,500
20.6,48.5571902023442,50.0729157854613,47.2715631123634,0,1000,500
62.15,48.5571902023442,47.991895545085,45.448111583881,0,1000,500
67.15,48.5571902023442,47.7804271238758,45.0675857839328,0,1000,500
40.2,48.5571902023442,48.9899956165264,46.3832054163762,0,1000,500
80.3,48.5571902023442,47.0503454867446,44.6369161797467,0,1000,500
27.1,48.5571902023442,49.7033421193622,46.8845741000957,0,1000,500
7.2,48.5571902023442,51.236394992207,48.4157423749675,0,1000,500
35.1,48.5571902023442,49.2313622693719,46.6982097010401,0,1000,500
92.35,48.5571902023442,46.0976206462498,43.6103070822548,0,1000,500
63.8,48.5571902023442,47.9017018214292,44.8688407654175,0,1000,500
0.15,48.5571902023442,53.953231961002,50.7526738786786,0,1000,500
14.15,48.5571902023442,50.522875816047,47.6358553796611,0,1000,500
0.3,48.5571902023442,53.6349877623047,50.3056713733722,0,1000,500
75.35,48.5571902023442,47.3633261926952,45.0401156241009,0,1000,500
3.7,48.5571902023442,51.9200304887003,49.1000693317698,0,1000,500
18.25,48.5571902023442,50.2161435460837,47.5549677728769,0,1000,500
7.95,48.5571902023442,51.0859123475393,48.5137039429801,0,1000,500
89.8,48.5571902023442,46.1763496871255,43.4980809923909,0,1000,500
9.2,48.5571902023442,51.0151933900527,48.3670446023795,0,1000,500
84.55,48.5571902023442,46.7759753275827,44.3480035251986,0,1000,500
91.5,48.5571902023442,46.1947751303567,43.6424630846656,0,1000,500
71.85,48.5571902023442,47.4885479887499,44.5824505067147,0,1000,500
2.45,48.5571902023442,52.4969033163692,49.0959098590639,0,1000,500
81.55,48.5571902023442,47.0267839889479,44.4446008908852,0,1000,500
79,48.5571902023442,47.1585908231609,44.6991579898004,0,1000,500
20.1,48.5571902023442,49.9509459323143,47.2641074676822,0,1000,500
48.45,48.5571902023442,48.651787220316,46.0627606168384,0,1000,500
59.35,48.5571902023442,48.1534913042846,45.2839657745968,0,1000,500
89.6,48.5571902023442,46.4079474270005,44.0008128816587,0,1000,500
35.7,48.5571902023442,49.2559184140176,46.4341728231905,0,1000,500
95.1,48.5571902023442,45.6807016111454,43.4423339434649,0,1000,500
81.05,48.5571902023442,47.0291458623719,44.4287748112104,0,1000,500
10.2,48.5571902023442,50.835891364583,47.9298046263848,0,1000,500
27.9,48.5571902023442,49.5902933002944,46.9936710136275,0,1000,500
10.25,48.5571902023442,50.7612350018626,48.2322675928877,0,1000,500
97.35,48.5571902023442,45.1279192136634,42.7800160093038,0,1000,500
11.35,48.5571902023442,50.7683017563732,47.8417093716087,0,1000,500
54.3,48.5571902023442,48.3781135695693,45.6384687112564,0,1000,500
84.25,48.5571902023442,46.859794363323,44.4196452254101,0,1000,500
86.4,48.5571902023442,46.6265040679327,44.2853981651413,0,1000,500
21.9,48.5571902023442,49.9261687697564,47.1177052587147,0,1000,500
82.55,48.5571902023442,46.8915852654578,44.2560856215719,0,1000,500
68.9,48.5571902023442,47.6569055013979,45.0126543796241,0,1000,500
11.95,48.5571902023442,50.6620637647715,47.7935143069417,0,1000,500
0.45,48.5571902023442,53.8262734973224,50.3985782051773,0,1000,500
37.9,48.5571902023442,49.1455423847193,46.4625315204236,0,1000,500
33.65,48.5571902023442,49.2969348598602,46.6970590603453,0,1000,500
20.75,48.5571902023442,50.0998088437413,47.0127058728307,0,1000,500
71,48.5571902023442,47.5185626989877,44.7361328352188,0,1000,500
97.35,48.5571902023442,45.0376323949524,42.453111553612,0,1000,500
54.65,48.5571902023442,48.3934500145657,45.9070062994512,0,1000,500
97.95,48.5571902023442,45.030693304965,42.5126296402194,0,1000,500
76.75,48.5571902023442,47.2192086498659,44.6328245208706,0,1000,500
50.95,48.5571902023442,48.5286351905207,46.2071227080441,0,1000,500
60,48.5571902023442,48.1460454212662,45.2516516399548,0,1000,500
17.95,48.5571902023442,50.266904477012,47.5530278130558,0,1000,500
74.95,48.5571902023442,47.3756516856664,44.9844549879648,0,1000,500
29.6,48.5571902023442,49.5647224279591,46.6827108674306,0,1000,500
95.8,48.5571902023442,45.5313279617529,43.1497743876251,0,1000,500
79.4,48.5571902023442,47.1494341595116,44.7250610901105,0,1000,500
88.75,48.5571902023442,46.5042855062735,44.261105610629,0,1000,500
56.95,48.5571902023442,48.2908508446494,45.7606922915021,0,1000,500
98.6,48.5571902023442,44.5434530824564,42.15643126031,0,1000,500
49.25,48.5571902023442,48.5427660178281,46.0165184378846,0,1000,500
99,48.5571902023442,44.7546910854188,42.5156379686,0,1000,500
86.4,48.5571902023442,46.6142062007442,44.123136498332,0,1000,500
67.55,48.5571902023442,47.7515813502027,45.1350198039663,0,1000,500
78.9,48.5571902023442,47.086604268858,44.0136538484071,0,1000,500
84.45,48.5571902023442,46.8130583007646,44.3053727228549,0,1000,500
26.65,48.5571902023442,49.692130868652,46.9256318902021,0,1000,500
34.3,48.5571902023442,49.1720347754345,46.7654518496396,0,1000,500
24.5,48.5571902023442,49.7869066918939,47.0278266226132,0,1000,500
83.55,48.5571902023442,46.8743333100557,44.2600124424627,0,1000,500
25.45,48.5571902023442,49.8614152949872,46.7657474810989,0,1000,500
61.7,48.5571902023442,48.0284680284469,45.14826104454,0,1000,500
8.85,48.5571902023442,51.1018291255758,47.9362760951425,0,1000,500
51.15,48.5571902023442,48.5379405350551,45.9144444177041,0,1000,500
59.65,48.5571902023442,48.126586293543,45.8899955254387,0,1000,500
10.3,48.5571902023442,51.0269949468906,47.6072337928235,0,1000,500
20.85,48.5571902023442,50.1325200502585,47.0278295892859,0,1000,500
59.2,48.5571902023442,48.1867354053887,45.4529741995465,0,1000,500
84.1,48.5571902023442,46.7671918292173,44.011612061247,0,1000,500
97.3,48.5571902023442,45.2549355814165,42.7825319040711,0,1000,500
81.1,48.5571902023442,46.9664791960849,44.2546602228141,0,1000,500
66.2,48.5571902023442,47.8507520961093,45.6287650010704,0,1000,500
8.85,48.5571902023442,51.0028447231568,48.3662672643139,0,1000,500
86.05,48.5571902023442,46.7245186017056,44.3948921666343,0,1000,500
53.65,48.5571902023442,48.4332310922803,45.44586363706,0,1000,500
30.25,48.5571902023442,49.5154898501301,46.715297831068,0,1000,500
12.45,48.5571902023442,50.7567059683658,47.8227319153089,0,1000,500
16.05,48.5571902023442,50.3514875893395,47.7551490123119,0,1000,500
63,48.5571902023442,47.9914227030719,45.6655039896694,0,1000,500
84.55,48.5571902023442,46.7750889110441,44.1524745854337,0,1000,500
13.45,48.5571902023442,50.5715580957762,47.8283769640736,0,1000,500
19.3,48.5571902023442,50.224195709025,47.0572284128298,0,1000,500
62.45,48.5571902023442,48.0541344634897,45.5866113942982,0,1000,500
63.3,48.5571902023442,48.0167780758941,45.780735399502,0,1000,500
51.3,48.5571902023442,48.5454568747904,46.0278927870627,0,1000,500
98.6,48.5571902023442,44.7116024595101,42.375747986679,0,1000,500
6.55,48.5571902023442,51.3814558752426,48.2948965021724,0,1000,500
46.6,48.5571902023442,48.7149915013988,45.8872281357381,0,1000,500
18.55,48.5571902023442,50.2082860482499,47.5955759605909,0,1000,500
84.85,48.5571902023442,46.7142458586439,44.0464846275061,0,1000,500
31.4,48.5571902023442,49.4959785816314,46.6837093448365,0,1000,500
48.5,48.5571902023442,48.5778891019283,46.0290969415621,0,1000,500
69.35,48.5571902023442,47.6870584219025,45.0038631221773,0,1000,500
48.15,48.5571902023442,48.6930644487581,46.0204782336973,0,1000,500
86,48.5571902023442,46.6917391331031,44.5540898411244,0,1000,500
77.35,48.5571902023442,47.1814836664259,44.4410133375893,0,1000,500
26.65,48.5571902023442,49.6571660935163,47.0856015447727,0,1000,500
3.15,48.5571902023442,51.9779319596478,48.7056937928661,0,1000,500
22.7,48.5571902023442,49.8667406509937,47.2815696277572,0,1000,500
85.1,48.5571902023442,46.7066280901749,44.1161279498189,0,1000,500
30.85,48.5571902023442,49.4620206199741,46.7884662736397,0,1000,500
78.9,48.5571902023442,47.1196940495394,44.6526870669943,0,1000,500
3.05,48.5571902023442,51.7646440445276,49.1021305738201,0,1000,500
33.2,48.5571902023442,49.3453976495525,46.2599985358016,0,1000,500
85.3,48.5571902023442,46.5931457058573,43.6519329958634,0,1000,500
4.7,48.5571902023442,51.7671091822349,48.688880035338,0,1000,500
35.2,48.5571902023442,49.2127604983722,46.6385869885114,0,1000,500
0.25,48.5571902023442,53.4844709662314,50.6610322633026,0,1000,500
78.3,48.5571902023442,47.0419950162602,44.2114359982465,0,1000,500
27.85,48.5571902023442,49.5966130699172,46.8512575084644,0,1000,500
56.7,48.5571902023442,48.2875262857881,45.5814959426982,0,1000,500
39.1,48.5571902023442,49.0889663813136,46.5219516340148,0,1000,500
6.85,48.5571902023442,51.2749152445505,48.3574319261029,0,1000,500
39.9,120,125.3595,96,1,1000,500
95,120,103.656,93,1,1000,500
98.25,120,97.27596875,92,1,1000,500
96.55,120,102.365625,93,1,1000,500
58.65,120,119.862,93,1,1000,500
28.3,120,129.536857142857,95,1,1000,500
91.65,120,107.559857142857,96,1,1000,500
95.2,120,101.208,87,1,1000,500
97.35,120,100.645192307692,92,1,1000,500
99.2,120,91.24375,85,1,1000,500
94.75,120,105.836307692308,96,1,1000,500
71.45,120,116.0355,96,1,1000,500
99,120,96.6277,91,1,1000,500
86,120,109.1838,93,1,1000,500
96.95,120,103.027678571429,95,1,1000,500
81.6,120,111.944576923077,95,1,1000,500
83.8,120,111.369230769231,96,1,1000,500
98.2,120,98.2754285714286,88,1,1000,500
80.15,120,112.73425,97,1,1000,500
97.75,120,98.5519375,88,1,1000,500
99.45,120,93.35775,90,1,1000,500
96,120,104.217045454545,94,1,1000,500
98.9,120,95.5389090909091,89,1,1000,500
78.8,120,112.2,90,1,1000,500
97.75,120,99.7589411764706,94,1,1000,500
83.65,120,111.392681818182,95,1,1000,500
99.45,120,92.121875,89,1,1000,500
72.1,120,116.025409090909,96,1,1000,500
99,120,98.121875,95,1,1000,500
96.2,120,100.23875,89,1,1000,500
98.5,120,98.6277,93,1,1000,500
64.7,120,117.975,93,1,1000,500
65.85,120,117.6157,100,1,1000,500
74.8,120,113.5399375,91,1,1000,500
93.45,120,107.836307692308,98,1,1000,500
98.4,120,98.5268,92,1,1000,500
98.1,120,100.68975,96,1,1000,500
92.95,120,105.123227272727,92,1,1000,500
75.4,120,114.596769230769,96,1,1000,500
70.65,120,116.163636363636,98,1,1000,500
99,120,94.994,89,1,1000,500
90,120,108.4865,95,1,1000,500
99.95,120,88.371625,85,1,1000,500
85.3,120,110.0444375,92,1,1000,500
84.5,120,111.026625,96,1,1000,500
97.35,120,100.645192307692,92,1,1000,500
95.1,120,105.656,95,1,1000,500
84.85,120,111.1838,95,1,1000,500
99.5,120,91.6491923076923,87,1,1000,500
21.15,120,136.03925,92,1,1000,500
95.65,120,103.836307692308,94,1,1000,500
90.6,120,106.055357142857,90,1,1000,500
67.95,120,117.025409090909,97,1,1000,500
73.65,120,114.5399375,92,1,1000,500
98.65,120,99.0296785714286,93,1,1000,500
99.65,120,92.1294473684211,90,1,1000,500
91.35,120,105.712545454545,91,1,1000,500
99.15,120,96.1377142857143,91,1,1000,500
97.7,120,100.027678571429,92,1,1000,500
99.05,120,98.04395,92,1,1000,500
97.35,120,99.5519375,89,1,1000,500
99.8,120,89.1312,87,1,1000,500
73.85,120,114.5399375,92,1,1000,500
49.15,120,122.862,96,1,1000,500
94.4,120,104.311107142857,94,1,1000,500
98.1,120,96.9001818181818,88,1,1000,500
72.25,120,116.0355,96,1,1000,500
99,120,95.7155,89,1,1000,500
92.9,120,103.1838,87,1,1000,500
53,120,122.05325,92,1,1000,500
98.45,120,95.5309230769231,88,1,1000,500
94.05,120,104.7872,92,1,1000,500
92.65,120,105.029625,93,1,1000,500
87.1,120,108.0444375,90,1,1000,500
94.8,120,102.4875,90,1,1000,500
94.5,120,102.0484375,88,1,1000,500
99.3,120,95.036625,90,1,1000,500
7.35,120,143.3516,95,1,1000,500
92.95,120,104.984,89,1,1000,500
99,120,95.992,88,1,1000,500
95.55,120,103.4875,91,1,1000,500
98.05,120,101.993,95,1,1000,500
94.05,120,104.449076923077,92,1,1000,500
97.2,120,101.7902,92,1,1000,500
91.85,120,107.123227272727,94,1,1000,500
92.9,120,105.712545454545,91,1,1000,500
93.85,120,104.559857142857,93,1,1000,500
86.1,120,110.0395,94,1,1000,500
80,120,112.03195,94,1,1000,500
92.15,120,102.5804,83,1,1000,500
96.7,120,103.059357142857,91,1,1000,500
86.55,120,109.369230769231,94,1,1000,500
82.2,120,111.163636363636,93,1,1000,500
39.7,120,125.4685,94,1,1000,500
88.4,120,107.982,90,1,1000,500
84.5,120,110.622214285714,90,1,1000,500
95.65,120,103.656,93,1,1000,500
91.15,120,108.624727272727,97,1,1000,500
98.9,120,95.1928,88,1,1000,500
99.3,120,93.77746875,90,1,1000,500
86.9,120,108.312,87,1,1000,500
97.55,120,99.5309230769231,92,1,1000,500
93.55,120,103.055357142857,87,1,1000,500
90.3,120,108.123227272727,95,1,1000,500
32.7,120,130.747928571429,93,1,1000,500
86.9,120,109.0395,93,1,1000,500
73.35,120,115.356625,97,1,1000,500
62.05,120,118.975,94,1,1000,500
57.75,120,120.021409090909,96,1,1000,500
96.85,120,102.836307692308,93,1,1000,500
89.8,120,107.4865,94,1,1000,500
98.1,120,98.44155,90,1,1000,500
97.25,120,100.365625,91,1,1000,500
99.05,120,95.994,90,1,1000,500
98.35,120,99.6741363636364,92,1,1000,500
97.55,120,100.7902,91,1,1000,500
83.8,120,111.712545454545,97,1,1000,500
92.85,120,105.449076923077,93,1,1000,500
3.35,120,157.5324,90,1,1000,500
80.7,120,111.98,92,1,1000,500
87.05,120,109.1838,93,1,1000,500
96.55,120,100.656,90,1,1000,500
97.85,120,100.44155,92,1,1000,500
28.45,120,129.21875,98,1,1000,500
97.55,120,99.3795,90,1,1000,500
81.1,120,112.1172,96,1,1000,500
98.7,120,95.1928,88,1,1000,500
81.55,120,112.73425,97,1,1000,500
68.5,120,116.759928571429,91,1,1000,500
99.45,120,94.77746875,91,1,1000,500
93.75,120,105.123227272727,92,1,1000,500
83.55,120,110.392681818182,94,1,1000,500
95.1,120,102.114875,92,1,1000,500
86.85,120,109.712545454545,95,1,1000,500
94.05,120,104.4865,91,1,1000,500
20.6,120,136.03925,92,1,1000,500
92.2,120,105.712545454545,91,1,1000,500
97.5,120,99.5248,91,1,1000,500
96.3,120,103.365625,94,1,1000,500
92.6,120,105.0395,89,1,1000,500
96.25,120,102.217045454545,92,1,1000,500
98.7,120,96.993,90,1,1000,500
94,120,103.43555,89,1,1000,500
87.9,120,109.0444375,91,1,1000,500
93.7,120,105.0484375,91,1,1000,500
96.65,120,102.365625,93,1,1000,500
42.3,120,124.862,98,1,1000,500
90.95,120,108.114875,98,1,1000,500
87.9,120,109.0395,93,1,1000,500
66.05,120,117.5399375,95,1,1000,500
1.25,120,159.058875,93,1,1000,500
99.25,120,96.5309230769231,89,1,1000,500
97.6,120,101.1585,93,1,1000,500
22.8,120,131.0294375,98,1,1000,500
50.35,120,122.42355,96,1,1000,500
16.75,120,134.747928571429,97,1,1000,500
24.2,120,131.536857142857,97,1,1000,500
93.2,120,107.02221875,98,1,1000,500
48.75,120,123.5349375,96,1,1000,500
81.8,120,112.0355,92,1,1000,500
70.05,120,116.119714285714,93,1,1000,500
96.85,120,100.23875,89,1,1000,500
91.2,120,106.870730769231,93,1,1000,500
99.05,120,94.994,89,1,1000,500
91.4,120,106.712545454545,92,1,1000,500
95.75,120,103.656,93,1,1000,500
97.95,120,97.1585,89,1,1000,500
99.3,120,87.328,82,1,1000,500
81,120,111.98,92,1,1000,500
97.45,120,101.02421875,94,1,1000,500
99.05,120,98.0296785714286,92,1,1000,500
92.95,120,105.029625,93,1,1000,500
85.75,120,110.1838,94,1,1000,500
98.1,120,96.5519375,86,1,1000,500
91.8,120,107.104269230769,96,1,1000,500
95.3,120,102.986,89,1,1000,500
97.4,120,102.530923076923,95,1,1000,500
67.3,120,116.4755,92,1,1000,500
92.65,120,106.986,93,1,1000,500
82.15,120,111.622214285714,91,1,1000,500
93.8,120,105.114875,95,1,1000,500
93.55,120,104.0484375,90,1,1000,500
98.55,120,94.994,89,1,1000,500
92.2,120,106.123227272727,93,1,1000,500
93.95,120,103.7872,91,1,1000,500
70.75,120,116.025409090909,96,1,1000,500
96.5,120,100.7872,88,1,1000,500
97.6,120,102.24375,96,1,1000,500
87.55,120,109.0395,93,1,1000,500
98.3,120,99.993,93,1,1000,500
97.75,120,100.027678571429,92,1,1000,500
98.1,120,95.6741363636364,88,1,1000,500
97.15,120,101.878,91,1,1000,500
90.25,120,107.4865,94,1,1000,500
98,120,99.5309230769231,92,1,1000,500
97.45,120,102.900181818182,94,1,1000,500
75.55,120,114.119714285714,91,1,1000,500
98.15,120,96.44155,88,1,1000,500
60.7,120,119.1758,95,1,1000,500
99.4,120,96.6491923076923,92,1,1000,500
91.95,120,107.208,93,1,1000,500
54.15,120,121.542857142857,93,1,1000,500
80.15,120,113.026625,98,1,1000,500
98.85,120,97.1928,90,1,1000,500
96.05,120,102.23775,90,1,1000,500
98.85,120,95.6741363636364,88,1,1000,500
97.1,120,100.7902,91,1,1000,500
91.05,120,108.123227272727,95,1,1000,500
98.65,120,96.6741363636364,89,1,1000,500
44.05,120,124.42355,98,1,1000,500
94.9,120,103.624727272727,92,1,1000,500
93.15,120,104.4865,91,1,1000,500
57.4,120,120.5349375,93,1,1000,500
98.55,120,94.6342142857143,86,1,1000,500
98.45,120,97.9656176470588,93,1,1000,500
82.7,120,111.03195,93,1,1000,500
68.05,120,117.356625,99,1,1000,500
8.75,120,143.95,94,1,1000,500
79.5,120,112.622214285714,92,1,1000,500
79.85,120,111.98,92,1,1000,500
88.1,120,108.026625,93,1,1000,500
90.75,120,107.0395,91,1,1000,500
98.9,120,94.994,89,1,1000,500
84.2,120,111.0444375,93,1,1000,500
85.85,120,109.312,88,1,1000,500
90.45,120,107.4875,95,1,1000,500
97.7,120,101.034625,94,1,1000,500
89.45,120,108.0395,92,1,1000,500
93.55,120,105.986,92,1,1000,500
87.6,120,109.0444375,91,1,1000,500
76.7,120,113.5744,88,1,1000,500
91.1,120,106.879964285714,94,1,1000,500
90.45,120,108.4865,95,1,1000,500
16.55,120,147.4395,87,1,1000,500
84.5,120,108.98,89,1,1000,500
97.3,120,102.4925,95,1,1000,500
98.15,120,98.439,93,1,1000,500
20.35,120,133.71325,97,1,1000,500
93.35,120,106.311107142857,96,1,1000,500
42.6,120,125.4685,94,1,1000,500
91.6,120,105.1838,89,1,1000,500
96.3,120,100.4875,88,1,1000,500
94.9,120,105.23875,94,1,1000,500
98.05,120,98.6451923076923,90,1,1000,500
99.45,120,93.77746875,90,1,1000,500
20.65,120,131.1385,103,1,1000,500
91.15,120,106.879964285714,94,1,1000,500
97.5,120,99.1585,91,1,1000,500
88.5,120,107.1838,91,1,1000,500
90,120,108.43555,94,1,1000,500
82.85,120,110.65,94,1,1000,500
97.35,120,96.3795,87,1,1000,500
84.05,120,110.73425,95,1,1000,500
60.05,120,119.759928571429,94,1,1000,500
84.55,120,109.622214285714,89,1,1000,500
94.4,120,103.7872,91,1,1000,500
92.9,120,105.0484375,91,1,1000,500
94.35,120,103.7872,91,1,1000,500
98.95,120,94.6491923076923,90,1,1000,500
98.25,120,96.9001818181818,88,1,1000,500
70.3,120,116.119714285714,93,1,1000,500
99.5,120,93.995,89,1,1000,500
84.45,120,110.65,94,1,1000,500
36,120,128.0294375,95,1,1000,500
97.3,120,100.7902,91,1,1000,500
95.85,120,104.7902,95,1,1000,500
95.65,120,103.217045454545,93,1,1000,500
56.3,120,120.862,94,1,1000,500
90.9,120,108.029625,96,1,1000,500
99,120,94.1928,87,1,1000,500
98.9,120,95.77746875,92,1,1000,500
54.85,120,120.759928571429,95,1,1000,500
99.05,120,95.6491923076923,91,1,1000,500
95.8,120,104.645192307692,96,1,1000,500
95.65,120,105.02421875,98,1,1000,500
92.55,120,104.0395,88,1,1000,500
98.7,120,94.04395,88,1,1000,500
11.65,120,140.598214285714,96,1,1000,500
98.5,120,98.5268,92,1,1000,500
99.5,120,95.3171071428571,91,1,1000,500
98.2,120,96.44155,88,1,1000,500
99.05,120,91.5389090909091,85,1,1000,500
93.75,120,104.7892,94,1,1000,500
56.6,120,120.975,96,1,1000,500
93.8,120,104.4865,91,1,1000,500
98.05,120,99.6741363636364,92,1,1000,500
97.7,120,97.5519375,87,1,1000,500
94.2,120,105.559857142857,94,1,1000,500
52.05,120,121.759928571429,96,1,1000,500
95.9,120,104.4925,97,1,1000,500
88.45,120,109.1838,93,1,1000,500
98.65,120,96.44155,88,1,1000,500
93.55,120,105.4865,92,1,1000,500
92.9,120,106.208,92,1,1000,500
99.05,120,93.034625,86,1,1000,500
99.5,120,92.77746875,89,1,1000,500
96.85,120,99.2170454545455,89,1,1000,500
86.35,120,110.712545454545,96,1,1000,500
48.65,120,124.088875,88,1,1000,500
95.9,120,100.4875,88,1,1000,500
98.05,120,98.44155,90,1,1000,500
99.2,120,98.9382352941176,96,1,1000,500
39.4,120,127.0294375,94,1,1000,500
84.7,120,110.22975,90,1,1000,500
98.95,120,93.992,86,1,1000,500
77.9,120,113.312,92,1,1000,500
98.7,120,94.994,89,1,1000,500
91.85,120,107.029625,95,1,1000,500
95,120,103.7872,91,1,1000,500
99.45,120,94.7155,88,1,1000,500
96.6,120,102.133714285714,93,1,1000,500
86.6,120,110.984,95,1,1000,500
89.85,120,108.123227272727,95,1,1000,500
99.25,120,95.5329230769231,90,1,1000,500
95.7,120,99.986,86,1,1000,500
76.55,120,114.0355,94,1,1000,500
98.65,120,98.4935,92,1,1000,500
60.3,120,119.862,93,1,1000,500
99.75,120,92.55,87,1,1000,500
96.45,120,102.878,92,1,1000,500
49.25,120,122.4755,98,1,1000,500
98.6,120,96.992,89,1,1000,500
96.55,120,103.645192307692,95,1,1000,500
94.9,120,103.7872,91,1,1000,500
85.6,120,109.163636363636,91,1,1000,500
80.3,120,112.392681818182,96,1,1000,500
35.8,120,127.3595,98,1,1000,500
97.55,120,97.2170454545455,87,1,1000,500
90.4,120,108.4865,95,1,1000,500
93.55,120,105.43555,91,1,1000,500
97.1,120,102.027678571429,94,1,1000,500
86.8,120,109.1838,93,1,1000,500
88.95,120,107.03195,89,1,1000,500
84.35,120,111.1838,95,1,1000,500
96.8,120,100.5519375,90,1,1000,500
98.8,120,98.034625,91,1,1000,500
99.85,120,84.8827307692308,83,1,1000,500
32.05,120,129.0639,93,1,1000,500
87.55,120,109.1838,93,1,1000,500
93.2,120,105.449076923077,93,1,1000,500
62.55,120,118.973,92,1,1000,500
94.25,120,104.104269230769,93,1,1000,500
99.8,120,86.039625,84,1,1000,500
99.25,120,91.5329230769231,86,1,1000,500
54,120,121.1758,97,1,1000,500
73.15,120,115.02795,93,1,1000,500
95.8,120,103.836307692308,94,1,1000,500
96.75,120,99.3111071428571,89,1,1000,500
99.05,120,94.994,89,1,1000,500
99,120,95.5389090909091,89,1,1000,500
96.25,120,101.645192307692,93,1,1000,500
98.8,120,92.44155,84,1,1000,500
83.7,120,110.03195,92,1,1000,500
62.9,120,118.325807692308,98,1,1000,500
94.9,120,104.624727272727,93,1,1000,500
79.45,120,112.98,93,1,1000,500
73.35,120,115.944576923077,99,1,1000,500
89.65,120,107.026625,92,1,1000,500
42.7,120,126.536857142857,92,1,1000,500
97.5,120,102.900181818182,94,1,1000,500
91.5,120,107.029625,95,1,1000,500
91.5,120,107.7872,95,1,1000,500
84.15,120,111.0444375,93,1,1000,500
86.35,120,110.026625,95,1,1000,500
95.25,120,105.836307692308,96,1,1000,500
94.35,120,106.365625,97,1,1000,500
96.95,120,102.758941176471,97,1,1000,500
80.25,120,112.025409090909,92,1,1000,500
66.65,120,116.978,95,1,1000,500
96.85,120,101.217045454545,91,1,1000,500
98.7,120,98.0296785714286,92,1,1000,500
97.7,120,97.7902,88,1,1000,500
89.95,120,106.984,91,1,1000,500
85.8,120,110.392681818182,94,1,1000,500
52.1,120,121.862,95,1,1000,500
92.15,120,105.43555,91,1,1000,500
97.4,120,103.027678571429,95,1,1000,500
86.75,120,110.026625,95,1,1000,500
35.95,120,128.0639,92,1,1000,500
97.85,120,97.9001818181818,89,1,1000,500
99.15,120,96.1377142857143,91,1,1000,500
98.95,120,97.7952,93,1,1000,500
84.05,120,111.267428571429,93,1,1000,500
99.25,120,95.3171071428571,91,1,1000,500
76.5,120,114.025409090909,94,1,1000,500
37.2,120,129.293,89,1,1000,500
80.9,120,112.03195,94,1,1000,500
97.45,120,102.1585,94,1,1000,500
0,120,197.0625,93,1,1000,500
98.85,120,93.0296785714286,87,1,1000,500
50.95,120,122.019625,100,1,1000,500
58.45,120,119.973,93,1,1000,500
90.55,120,107.1838,91,1,1000,500
94.35,120,104.7872,92,1,1000,500
6.65,120,144.952,97,1,1000,500
97.95,120,99.0593571428571,87,1,1000,500
98.15,120,98.7902,89,1,1000,500
90.35,120,107.4865,94,1,1000,500
97.3,120,99.6451923076923,91,1,1000,500
79.9,120,112.22975,92,1,1000,500
99.4,120,96.5984,95,1,1000,500
98.05,120,99.1585,91,1,1000,500
99,120,97.77746875,94,1,1000,500
99.2,120,97.7952,93,1,1000,500
96.85,120,102.027678571429,94,1,1000,500
92.85,120,106.836307692308,97,1,1000,500
86.5,120,109.026625,94,1,1000,500
97.9,120,99.1585,91,1,1000,500
81.45,120,111.312,90,1,1000,500
18.5,120,136.079875,91,1,1000,500
98.8,120,97.1928,90,1,1000,500
95.05,120,105.992,98,1,1000,500
92.25,120,106.123227272727,93,1,1000,500
98.05,120,100.027678571429,92,1,1000,500
64.1,120,118.02795,96,1,1000,500
97.35,120,99.5519375,89,1,1000,500
99.15,120,93.6491923076923,89,1,1000,500
95.55,120,103.02221875,94,1,1000,500
61.95,120,119.975,95,1,1000,500
93.85,120,105.7872,93,1,1000,500
81.3,120,112.03195,94,1,1000,500
96.25,120,100.23875,89,1,1000,500
82.45,120,110.22975,90,1,1000,500
66.9,120,117.5399375,95,1,1000,500
80.25,120,113.32,100,1,1000,500
90.3,120,106.0444375,88,1,1000,500
96,120,104.365625,95,1,1000,500
78.25,120,112.98,93,1,1000,500
94.35,120,104.104269230769,93,1,1000,500
98.6,120,94.5389090909091,88,1,1000,500
90.7,120,106.984,91,1,1000,500
95.45,120,104.217045454545,94,1,1000,500
98.95,120,99.0293,95,1,1000,500
96.6,120,101.656,91,1,1000,500
19.65,120,135.1608,96,1,1000,500
96.25,120,100.029625,88,1,1000,500
96.15,120,102.878,92,1,1000,500
98.65,120,96.992,89,1,1000,500
99.15,120,94.04395,88,1,1000,500
73.45,120,114.5399375,92,1,1000,500
54.25,120,121.05325,91,1,1000,500
99.05,120,98.6277,93,1,1000,500
67.3,120,117.8711,89,1,1000,500
96.45,120,102.7902,93,1,1000,500
98.85,120,97.034625,90,1,1000,500
98.8,120,97.5329230769231,92,1,1000,500
74.8,120,114.6157,97,1,1000,500
99.6,120,92.5678571428572,89,1,1000,500
91.1,120,107.123227272727,94,1,1000,500
38.3,120,126.4685,95,1,1000,500
97.2,120,100.027678571429,92,1,1000,500
79.35,120,113.03195,95,1,1000,500
92.65,120,104.4875,92,1,1000,500
73,120,115.025409090909,95,1,1000,500
77.85,120,113.356625,95,1,1000,500
64.65,120,118.2,96,1,1000,500
59.5,120,119.759928571429,94,1,1000,500
75.5,120,114.356625,96,1,1000,500
89.25,120,107.0395,91,1,1000,500
97.95,120,98.993,92,1,1000,500
87.65,120,108.0444375,90,1,1000,500
55.9,120,120.973,94,1,1000,500
92.3,120,105.984,90,1,1000,500
78.5,120,113.356625,95,1,1000,500
90.3,120,107.984,92,1,1000,500
94.25,120,104.4865,91,1,1000,500
99.2,120,96.1928,89,1,1000,500
96.15,120,101.23775,89,1,1000,500
75.5,120,114.22975,94,1,1000,500
98.15,120,96.6451923076923,88,1,1000,500
94.1,120,104.656,94,1,1000,500
93.3,120,104.208,90,1,1000,500
95.6,120,104.4875,92,1,1000,500
94.7,120,103.624727272727,92,1,1000,500
98.2,120,98.7902,89,1,1000,500
97.5,120,99.44155,91,1,1000,500
99.4,120,94.77746875,91,1,1000,500
97.75,120,99.44155,91,1,1000,500
35.5,120,128.0294375,95,1,1000,500
94.75,120,102.7872,90,1,1000,500
87.9,120,108.1838,92,1,1000,500
95.65,120,104.645192307692,96,1,1000,500
98.1,120,97.9001818181818,89,1,1000,500
98.2,120,98.034625,91,1,1000,500
84.25,120,111.73425,96,1,1000,500
93.4,120,104.0484375,90,1,1000,500
94.1,120,104.0484375,90,1,1000,500
92.55,120,104.43555,90,1,1000,500
99.1,120,96.4955,92,1,1000,500
86.5,120,107.73125,89,1,1000,500
98.95,120,97.0296785714286,91,1,1000,500
99.1,120,96.6277,91,1,1000,500
93.7,120,106.4915,98,1,1000,500
21.55,120,132.0294375,99,1,1000,500
93.55,120,106.4875,94,1,1000,500
96.95,120,103.656,93,1,1000,500
82,120,112.03195,94,1,1000,500
83.45,120,110.22975,90,1,1000,500
93.3,120,107.23875,96,1,1000,500
98.75,120,94.4925,87,1,1000,500
93.85,26.8519167514429,24.9337573787051,24.6025806652451,-1,1778,500
14.7,26.8519167514429,28.257812360254,27.8311441349438,-1,1778,500
22.7,26.8519167514429,27.8380383449638,27.4240852230338,-1,1778,500
41.15,26.8519167514429,27.125345558818,26.7325463401434,-1,1778,500
83.05,26.8519167514429,25.6841172549466,25.3324251554587,-1,1778,500
69.1,26.8519167514429,26.2910945795264,25.9223628968775,-1,1778,500
4.9,26.8519167514429,29.105921585968,28.6529864950603,-1,1778,500
82.45,26.8519167514429,25.6515872371519,25.3007971316067,-1,1778,500
12.35,26.8519167514429,28.3954596110293,27.9645807901208,-1,1778,500
69.15,26.8519167514429,26.2639944138722,25.896031980078,-1,1778,500
54.85,26.8519167514429,26.6953884110381,26.3150867379216,-1,1778,500
91.45,26.8519167514429,25.2663457232423,24.9261507892703,-1,1778,500
21.15,26.8519167514429,27.9473693521566,27.5301227902116,-1,1778,500
61,26.8519167514429,26.5094811384078,26.1345215852912,-1,1778,500
80.1,26.8519167514429,25.8454755165813,25.4892923950203,-1,1778,500
8.7,26.8519167514429,28.5860883412048,28.149344635988,-1,1778,500
79.7,26.8519167514429,25.7889384070392,25.4343320567695,-1,1778,500
15.95,26.8519167514429,28.1661169254908,27.7422423476552,-1,1778,500
0.85,26.8519167514429,29.8162240718721,29.3406964656965,-1,1778,500
20.3,26.8519167514429,27.926619290058,27.5099987816976,-1,1778,500
60.9,26.8519167514429,26.511260656508,26.1362501446831,-1,1778,500
81.7,26.8519167514429,25.7125441494816,25.3600628930818,-1,1778,500
47.2,26.8519167514429,26.9219482267932,26.5350859521891,-1,1778,500
46.3,26.8519167514429,26.9803422598716,26.5917800844535,-1,1778,500
60.15,26.8519167514429,26.5571656720182,26.1808394341935,-1,1778,500
79.55,26.8519167514429,25.8091620513323,25.4539920770395,-1,1778,500
5.25,26.8519167514429,28.9671593076133,28.5185746504285,-1,1778,500
89.1,26.8519167514429,25.419618002478,25.0752268544958,-1,1778,500
80.9,26.8519167514429,25.7990462659024,25.4441582692122,-1,1778,500
13.75,26.8519167514429,28.3450200061005,27.915686482286,-1,1778,500
90.1,26.8519167514429,25.3112813035746,24.9698587722347,-1,1778,500
19.1,26.8519167514429,27.9894580181074,27.5709401709402,-1,1778,500
3.25,26.8519167514429,29.2081684724328,28.7520145520691,-1,1778,500
72.05,26.8519167514429,26.142731846164,25.7782018037412,-1,1778,500
0.35,26.8519167514429,30.2194697375469,29.7308755760369,-1,1778,500
36.6,26.8519167514429,27.3811075483144,26.9807797350812,-1,1778,500
38.65,26.8519167514429,27.2747410220995,26.8775527555306,-1,1778,500
3.25,26.8519167514429,29.3601642939449,28.899204680501,-1,1778,500
69.05,26.8519167514429,26.2622479344339,25.8943350479997,-1,1778,500
64.65,26.8519167514429,26.4433638539696,26.0702952333828,-1,1778,500
31.75,26.8519167514429,27.449141645816,27.0467993360825,-1,1778,500
22.25,26.8519167514429,27.8788140827672,27.4636341522744,-1,1778,500
61.05,26.8519167514429,26.4872573019014,26.1129338685963,-1,1778,500
30.15,26.8519167514429,27.559759948361,27.1541315925099,-1,1778,500
25.9,26.8519167514429,27.6746667133823,27.2656109846133,-1,1778,500
76.2,26.8519167514429,25.9921846720853,25.6318938816547,-1,1778,500
34.1,26.8519167514429,27.4215066828676,27.0199832475769,-1,1778,500
35.3,26.8519167514429,27.3735163140476,26.9734129692833,-1,1778,500
41.15,26.8519167514429,27.1453879991752,26.7520013539816,-1,1778,500
58.45,26.8519167514429,26.5732476576562,26.1964599423249,-1,1778,500
33.35,26.8519167514429,27.3877533329866,26.9872289568038,-1,1778,500
96.8,26.8519167514429,24.5448090488176,24.2240272179737,-1,1778,500
7.7,26.8519167514429,28.7019077034884,28.2615816481611,-1,1778,500
82.9,26.8519167514429,25.7020857737863,25.3498949529293,-1,1778,500
18.45,26.8519167514429,28.0281922537835,27.6085027597289,-1,1778,500
92.3,26.8519167514429,25.2191535895021,24.8802455532819,-1,1778,500
44.55,26.8519167514429,27.075136682263,26.6838071443041,-1,1778,500
94.45,26.8519167514429,24.9435997031563,24.6121578275357,-1,1778,500
49.45,26.8519167514429,26.9150679796913,26.5284057533189,-1,1778,500
94.95,26.8519167514429,24.8139136717768,24.4859572754171,-1,1778,500
74.2,26.8519167514429,26.03888311988,25.6772799636116,-1,1778,500
53.55,26.8519167514429,26.7623202154873,26.3800861176942,-1,1778,500
58.8,26.8519167514429,26.5857693408055,26.2086221190516,-1,1778,500
90.2,26.8519167514429,25.2865672119602,24.9458201158405,-1,1778,500
27.35,26.8519167514429,27.6016528636824,27.1947765944635,-1,1778,500
89.5,26.8519167514429,25.3510872181658,25.0085754066198,-1,1778,500
45.3,26.8519167514429,27.0228019158399,26.6330013985071,-1,1778,500
54.8,26.8519167514429,26.7279079604095,26.3466680001333,-1,1778,500
79.5,26.8519167514429,25.8568973418882,25.500395256917,-1,1778,500
60.3,26.8519167514429,26.5077018591852,26.1327932545259,-1,1778,500
80.95,26.8519167514429,25.7906225001224,25.4359692317595,-1,1778,500
38.1,26.8519167514429,27.281806407046,26.8844099738069,-1,1778,500
44.75,26.8519167514429,27.0394529645351,26.6491662873232,-1,1778,500
13.55,26.8519167514429,28.2451814768461,27.81889860786,-1,1778,500
58.9,26.8519167514429,26.554040879446,26.1778042761796,-1,1778,500
29.55,26.8519167514429,27.5347811688425,27.1298959870928,-1,1778,500
65.55,26.8519167514429,26.3511759799833,25.9807360410263,-1,1778,500
23.25,26.8519167514429,27.8135321666256,27.4003154956923,-1,1778,500
86.35,26.8519167514429,25.5214623822679,25.1742689685927,-1,1778,500
48.1,26.8519167514429,26.9320456211535,26.5448896651328,-1,1778,500
68.4,26.8519167514429,26.2753521946676,25.9070674621386,-1,1778,500
93.6,26.8519167514429,24.9664638482813,24.6344055856867,-1,1778,500
46.9,26.8519167514429,26.9748138788334,26.5864127966629,-1,1778,500
23.05,26.8519167514429,27.770505924129,27.3585807009952,-1,1778,500
4.85,26.8519167514429,28.905147018462,28.4584998739692,-1,1778,500
89.9,26.8519167514429,25.2546320720029,24.9147567857255,-1,1778,500
77.5,26.8519167514429,25.906933648201,25.549032602195,-1,1778,500
49.7,26.8519167514429,26.8820916856686,26.4963875618138,-1,1778,500
47.95,26.8519167514429,26.9504239384479,26.5627331697644,-1,1778,500
68.8,26.8519167514429,26.2928448978913,25.9240635045595,-1,1778,500
7.45,26.8519167514429,28.6363521009318,28.1980554812238,-1,1778,500
44.65,26.8519167514429,27.0422301345476,26.6518623433996,-1,1778,500
45.6,26.8519167514429,27.0288124283539,26.6388364567885,-1,1778,500
56.25,26.8519167514429,26.6427125847472,26.2639283518602,-1,1778,500
9.95,26.8519167514429,28.4092470372436,27.9779453412631,-1,1778,500
5.75,26.8519167514429,29.0017256888987,28.5520592485549,-1,1778,500
4.45,26.8519167514429,29.111821616143,28.6587010914893,-1,1778,500
36.05,26.8519167514429,27.3654552383592,26.9655901871471,-1,1778,500
81.7,26.8519167514429,25.7288762214984,25.375941177415,-1,1778,500
25.8,26.8519167514429,27.6325520377821,27.2247541294201,-1,1778,500
72.2,26.8519167514429,26.0676710339593,25.7052576799857,-1,1778,500
65.45,26.8519167514429,26.3068558392033,25.9376764030194,-1,1778,500
98.55,26.8519167514429,24.2037261180653,23.8919253907313,-1,1778,500
96.05,26.8519167514429,24.752095639503,24.42579428854,-1,1778,500
15.75,26.8519167514429,28.168628080311,27.7446771164277,-1,1778,500
7.35,26.8519167514429,28.74944039018,28.3076399584512,-1,1778,500
51.15,26.8519167514429,26.8528471868095,26.467991761416,-1,1778,500
1.6,26.8519167514429,29.6327774755679,29.1631365313653,-1,1778,500
92.1,26.8519167514429,25.1448922420654,24.8080043945696,-1,1778,500
2.3,26.8519167514429,29.6061208043629,29.1373322518803,-1,1778,500
65.35,26.8519167514429,26.3283390553649,25.9585488824293,-1,1778,500
28.5,26.8519167514429,27.6170938079089,27.2097571052314,-1,1778,500
7.5,26.8519167514429,28.8333972147694,28.3889866733719,-1,1778,500
77.8,26.8519167514429,25.9443751026441,25.5854254682012,-1,1778,500
48.7,26.8519167514429,26.8889550816157,26.5030516431925,-1,1778,500
44.05,26.8519167514429,27.0561245461396,26.6653508106011,-1,1778,500
97.3,26.8519167514429,24.5307069985559,24.2102989829678,-1,1778,500
15.1,26.8519167514429,28.243666529598,27.8174298687128,-1,1778,500
57.45,26.8519167514429,26.6530512392232,26.2739694148936,-1,1778,500
75.25,26.8519167514429,26.0123001432547,25.6514443362545,-1,1778,500
15.2,26.8519167514429,28.244171493957,27.8179194311962,-1,1778,500
94.25,26.8519167514429,24.8740828216029,24.5445115607385,-1,1778,500
8.45,26.8519167514429,28.665971075505,28.2267580985035,-1,1778,500
24.3,26.8519167514429,27.7568436588537,27.3453280971576,-1,1778,500
0.7,26.8519167514429,30.0670523971756,29.5834175556803,-1,1778,500
52.45,26.8519167514429,26.8245771921484,26.4405413091116,-1,1778,500
26.95,26.8519167514429,27.6369027833663,27.2289750215332,-1,1778,500
41.85,26.8519167514429,27.1444551359153,26.7510958417249,-1,1778,500
56.3,26.8519167514429,26.6899761780061,26.3098305536136,-1,1778,500
64.15,26.8519167514429,26.419041407452,26.0466672159512,-1,1778,500
6.5,26.8519167514429,28.7992306850914,28.3558832499148,-1,1778,500
24.45,26.8519167514429,27.7822271464247,27.3699503038908,-1,1778,500
65.25,26.8519167514429,26.3753735704149,26.0042445380363,-1,1778,500
32.15,26.8519167514429,27.4486647090508,27.0463365387906,-1,1778,500
57.55,26.8519167514429,26.6252001415738,26.2469197303311,-1,1778,500
52.2,26.8519167514429,26.8295884920433,26.4454073950142,-1,1778,500
99.3,26.8519167514429,23.6730953665408,23.3750166368436,-1,1778,500
86.9,26.8519167514429,25.3885701428732,25.0450310559006,-1,1778,500
46.35,26.8519167514429,26.9964796554848,26.6074470592196,-1,1778,500
13.2,26.8519167514429,28.3267227312665,27.8979490980974,-1,1778,500
4.55,26.8519167514429,29.2189731069434,28.7624783914112,-1,1778,500
88.35,26.8519167514429,25.3133091911293,24.9718312084301,-1,1778,500
31.15,26.8519167514429,27.5727475826439,27.1667325507451,-1,1778,500
8.35,26.8519167514429,28.7191266566074,28.278266781165,-1,1778,500
54.4,26.8519167514429,26.7564276277904,26.3743638517629,-1,1778,500
57.7,26.8519167514429,26.6041259683395,26.226451409514,-1,1778,500
60.25,26.8519167514429,26.565204230918,26.1886473590032,-1,1778,500
99.05,26.8519167514429,24.1349476739745,23.8249427227782,-1,1778,500
93.8,26.8519167514429,25.1537004012483,24.8165732498077,-1,1778,500
71.7,26.8519167514429,26.1405688944782,25.7760999315091,-1,1778,500
49.3,26.8519167514429,26.8917014213976,26.5057182144414,-1,1778,500
53.95,26.8519167514429,26.7260992403864,26.3449114970499,-1,1778,500
26.35,26.8519167514429,27.7232332450029,27.3127246336743,-1,1778,500
43.45,26.8519167514429,27.0923169267707,26.7004848054866,-1,1778,500
3.55,26.8519167514429,29.1758024600155,28.7206686653948,-1,1778,500
69.4,26.8519167514429,26.2819092300526,25.9134383658213,-1,1778,500
51.15,26.8519167514429,26.8606090490198,26.4755284580081,-1,1778,500
44.45,26.8519167514429,27.0394529645351,26.6491662873232,-1,1778,500
80.1,26.8519167514429,25.835753769666,25.4798420246635,-1,1778,500
75.75,26.8519167514429,25.9443751026442,25.5854254682012,-1,1778,500
5.8,26.8519167514429,28.8176179791678,28.3736985711208,-1,1778,500
89.75,26.8519167514429,25.2950698925592,24.9540904928799,-1,1778,500
68.1,26.8519167514429,26.3116755496336,25.9423591393261,-1,1778,500
44.15,26.8519167514429,27.0895294601825,26.6977789038088,-1,1778,500
5.7,26.8519167514429,28.7353208672876,28.2939586503177,-1,1778,500
69.85,26.8519167514429,26.2347714893052,25.8676376728582,-1,1778,500
70.75,26.8519167514429,26.204309458249,25.838038414385,-1,1778,500
98.4,26.8519167514429,24.3050140775728,23.9905594511732,-1,1778,500
11.8,26.8519167514429,28.410268860714,27.9789358161929,-1,1778,500
50.95,26.8519167514429,26.8510215181698,26.4662190445892,-1,1778,500
14.4,26.8519167514429,28.2623622441678,27.8355551642159,-1,1778,500
84.1,26.8519167514429,25.620801505052,25.2708639764661,-1,1778,500
84.1,26.8519167514429,25.6025314814514,25.2530994376278,-1,1778,500
12.4,26.8519167514429,28.3929078524057,27.9621072742712,-1,1778,500
32.65,26.8519167514429,27.4343643089107,27.0324599808455,-1,1778,500
68.7,26.8519167514429,26.2722933643772,25.9040954456809,-1,1778,500
97.85,26.8519167514429,24.2881983948834,23.974185132942,-1,1778,500
92.5,26.8519167514429,25.0234116361217,24.6898156825992,-1,1778,500
75.1,26.8519167514429,26.0144419194414,25.6535259271281,-1,1778,500
63.85,26.8519167514429,26.4128573817088,26.0406596484291,-1,1778,500
5.3,26.8519167514429,29.0038555455597,28.5541224076884,-1,1778,500
6.1,26.8519167514429,28.8676449089979,28.4221674788269,-1,1778,500
22,26.8519167514429,27.8341144548594,27.4202792956891,-1,1778,500
43.1,26.8519167514429,27.0955696962421,26.703642384106,-1,1778,500
64.6,26.8519167514429,26.4004980112972,26.0286528232911,-1,1778,500
34.6,26.8519167514429,27.3536093363116,26.9540943351182,-1,1778,500
44.6,26.8519167514429,27.0913877075045,26.6995827773179,-1,1778,500
98.1,26.8519167514429,24.1290495028333,23.8191983122363,-1,1778,500
12.7,26.8519167514429,28.2653963141886,27.8384966272742,-1,1778,500
13.8,26.8519167514429,28.2912122351762,27.8635241855874,-1,1778,500
36.2,26.8519167514429,27.3635592046006,26.9637501919108,-1,1778,500
8.65,26.8519167514429,28.6368712045681,28.1985585328433,-1,1778,500
97.7,26.8519167514429,24.393208980575,24.076434479292,-1,1778,500
3.55,26.8519167514429,29.3008068255588,28.8417268812495,-1,1778,500
31.95,26.8519167514429,27.4696656175555,27.0667146135142,-1,1778,500
24.2,26.8519167514429,27.8542360927445,27.4397958475106,-1,1778,500
88.35,26.8519167514429,25.4425440079883,25.097523023182,-1,1778,500
45.9,26.8519167514429,27.0195665931209,26.6298605027293,-1,1778,500
3.75,26.8519167514429,29.1741860422169,28.7191031650859,-1,1778,500
95.8,26.8519167514429,24.7551986210139,24.4288142927794,-1,1778,500
26.3,26.8519167514429,27.7130201389376,27.3028172663362,-1,1778,500
19.95,26.8519167514429,27.9137894476446,27.4975557991058,-1,1778,500
65.3,26.8519167514429,26.3907951887738,26.0192266539367,-1,1778,500
20,26.8519167514429,27.9780568149618,27.5598835283246,-1,1778,500
30.7,26.8519167514429,27.5924929698007,27.1858897182759,-1,1778,500
72.9,26.8519167514429,26.0633702897116,25.7010780312515,-1,1778,500
48.95,26.8519167514429,26.9334231254475,26.5462270963841,-1,1778,500
96.9,26.8519167514429,24.4964722665882,24.1769708464621,-1,1778,500
48.55,26.8519167514429,26.9407721955047,26.5533623397786,-1,1778,500
96.95,26.8519167514429,24.5604545949224,24.2392577825487,-1,1778,500
49.35,26.8519167514429,26.8898704658803,26.5039404406586,-1,1778,500
99.7,26.8519167514429,23.5713667561922,23.275883903459,-1,1778,500
27.6,26.8519167514429,27.6499632443029,27.2416455543491,-1,1778,500
33.45,26.8519167514429,27.4238868153806,27.0222928847403,-1,1778,500
5.95,26.8519167514429,28.9109659236485,28.4641371486197,-1,1778,500
48.35,26.8519167514429,26.9045250949469,26.5181693118142,-1,1778,500
0.95,26.8519167514429,29.912199647814,29.4335778928159,-1,1778,500
0.1,26.8519167514429,31.0540976194689,30.5379057187017,-1,1778,500
6.5,26.8519167514429,28.8623707384807,28.417057691962,-1,1778,500
49.6,26.8519167514429,26.8606090490198,26.4755284580081,-1,1778,500
24.7,26.8519167514429,27.7739235921869,27.3618958592993,-1,1778,500
90.15,26.8519167514429,25.2255968063872,24.8865132096861,-1,1778,500
1.6,26.8519167514429,29.8579258727249,29.3810550578088,-1,1778,500
29.4,26.8519167514429,27.5823759472012,27.1760741364785,-1,1778,500
89.6,26.8519167514429,25.2610934326879,24.9210418440387,-1,1778,500
3.05,26.8519167514429,29.3367193448346,28.8765026124447,-1,1778,500
78.55,26.8519167514429,25.8729896164303,25.516037903369,-1,1778,500
79.2,26.8519167514429,25.8598602039647,25.5032753557714,-1,1778,500
64.55,26.8519167514429,26.3978510794733,26.0260813725652,-1,1778,500
72.9,26.8519167514429,26.0952294426641,25.7320396568284,-1,1778,500
59.8,26.8519167514429,26.577718333081,26.2008022808646,-1,1778,500
73.7,26.8519167514429,26.0478993536473,25.6860425435104,-1,1778,500
35.4,26.8519167514429,27.3550303030304,26.9554733198042,-1,1778,500
72,26.8519167514429,26.1237101468448,25.7597170841414,-1,1778,500
11.85,26.8519167514429,28.4240706754471,27.9923140949581,-1,1778,500
66.85,26.8519167514429,26.3147435577099,25.9453399428778,-1,1778,500
1.2,26.8519167514429,29.7707108397407,29.2966470817193,-1,1778,500
97.2,26.8519167514429,24.4744604706648,24.155541292255,-1,1778,500
31.75,26.8519167514429,27.4849592010717,27.0815543295754,-1,1778,500
3.2,26.8519167514429,29.2953732035234,28.8364651366439,-1,1778,500
85.95,26.8519167514429,25.4724918572027,25.1266472729585,-1,1778,500
34.75,26.8519167514429,27.3858542081997,26.9853860074436,-1,1778,500
21.55,26.8519167514429,27.9039283569435,27.4879919308558,-1,1778,500
32.7,26.8519167514429,27.4338878855238,27.0319976741402,-1,1778,500
97.4,26.8519167514429,24.4030060553633,24.0859733333333,-1,1778,500
88.85,26.8519167514429,25.2809019331712,24.9403095760292,-1,1778,500
0.55,26.8519167514429,30.2460846256941,29.7566219243585,-1,1778,500
54.55,26.8519167514429,26.7229345693213,26.3418381801517,-1,1778,500
51.45,26.8519167514429,26.8551296217595,26.4702079914258,-1,1778,500
28.3,26.8519167514429,27.6311020936456,27.2233474561675,-1,1778,500
50.2,26.8519167514429,26.8437213254036,26.4591305512312,-1,1778,500
16.75,26.8519167514429,28.1400274319101,27.7169460615838,-1,1778,500
68.4,26.8519167514429,26.2740411801883,25.9057936572974,-1,1778,500
32.55,26.8519167514429,27.431506016774,27.0296863777831,-1,1778,500
53.05,26.8519167514429,26.7722982019083,26.3897756110592,-1,1778,500
9.85,26.8519167514429,28.6821053778278,28.2423928386371,-1,1778,500
60.25,26.8519167514429,26.5705659742663,26.1938552300146,-1,1778,500
18.35,26.8519167514429,28.0346583850932,27.6147731441849,-1,1778,500
89.65,26.8519167514429,25.3368564554932,24.9947342620851,-1,1778,500
88.75,26.8519167514429,25.3417337739421,24.9994780710772,-1,1778,500
25.65,26.8519167514429,27.7568436588537,27.3453280971576,-1,1778,500
75.75,26.8519167514429,25.9107579261592,25.5527498464225,-1,1778,500
13.4,26.8519167514429,28.2750085017272,27.8478153629316,-1,1778,500
80.9,26.8519167514429,25.7944125138789,25.4396536462105,-1,1778,500
20.25,26.8519167514429,27.9696358067315,27.5517169252222,-1,1778,500
99.8,26.8519167514429,23.5246824415886,23.2303871138414,-1,1778,500
40.1,26.8519167514429,27.2239780795478,26.8282838569513,-1,1778,500
90.25,26.8519167514429,25.1741430688573,24.8364601992395,-1,1778,500
73.05,26.8519167514429,26.0478993536473,25.6860425435104,-1,1778,500
39.65,26.8519167514429,27.2136606373816,26.8182697365072,-1,1778,500
0.85,26.8519167514429,30.1485333689574,29.6622504128509,-1,1778,500
18.35,26.8519167514429,27.9414376171778,27.5243700698278,-1,1778,500
50.95,26.8519167514429,26.8583256826142,26.4733113370292,-1,1778,500
40.9,26.8519167514429,27.1654600794456,26.7714847058026,-1,1778,500
23,26.8519167514429,27.79982754373,27.3870224378411,-1,1778,500
77.25,26.8519167514429,25.9537523822041,25.5945398902149,-1,1778,500
32.75,26.8519167514429,27.4577293426495,27.0551323964877,-1,1778,500
49.65,26.8519167514429,26.8670045408936,26.4817383728723,-1,1778,500
29,26.8519167514429,27.5434225438061,27.1382803378889,-1,1778,500
23.45,26.8519167514429,27.7714823148865,27.3595278071071,-1,1778,500
72,26.8519167514429,26.1440297889947,25.7794630916267,-1,1778,500
48.95,26.8519167514429,26.9123168654174,26.5257346154492,-1,1778,500
67.6,26.8519167514429,26.3051036549829,25.9359740089262,-1,1778,500
73.9,26.8519167514429,26.0315888343276,25.6701908241981,-1,1778,500
71.4,26.8519167514429,26.1384063006718,25.7739984020089,-1,1778,500
59.4,26.8519167514429,26.5857693408054,26.2086221190516,-1,1778,500
9.85,26.8519167514429,28.5876402461093,28.1508486348822,-1,1778,500
9.2,26.8519167514429,28.6821053778278,28.2423928386371,-1,1778,500
2.4,26.8519167514429,29.3612556687235,28.9002614594189,-1,1778,500
98.45,26.8519167514429,24.2762547253896,23.9625547655504,-1,1778,500
17.85,26.8519167514429,28.0162626137231,27.5969341434458,-1,1778,500
31.55,26.8519167514429,27.5036212960061,27.0996622490442,-1,1778,500
16,26.8519167514429,28.1430352911835,27.719862509207,-1,1778,500
70.95,26.8519167514429,26.1479243908898,25.7832476959465,-1,1778,500
69.3,26.8519167514429,26.2295443979544,25.862558698889,-1,1778,500
4.05,26.8519167514429,29.3274607359002,28.8675372112136,-1,1778,500
43.2,26.8519167514429,27.0937108751951,26.7018379620245,-1,1778,500
97.8,26.8519167514429,24.4665004336514,24.1477916800342,-1,1778,500
61.95,26.8519167514429,26.4779343982032,26.1038776588717,-1,1778,500
12.1,26.8519167514429,28.3628316995224,27.9329527983459,-1,1778,500
50,26.8519167514429,26.8583256826142,26.4733113370292,-1,1778,500
5.45,26.8519167514429,29.1268506738942,28.6732576279795,-1,1778,500
64.25,26.8519167514429,26.4455772063747,26.0724453608247,-1,1778,500
16,26.8519167514429,28.1761642320795,27.7519839876396,-1,1778,500
85.1,26.8519167514429,25.5896750575048,25.2405985021478,-1,1778,500
66.5,26.8519167514429,26.3261452830503,25.9564174986863,-1,1778,500
69.7,26.8519167514429,26.1834620611927,25.8177808993352,-1,1778,500
74.9,26.8519167514429,25.9977454126554,25.6372984721186,-1,1778,500
87.1,26.8519167514429,25.5466379895857,25.1987501394934,-1,1778,500
41.95,26.8519167514429,27.1230169631207,26.7302859655353,-1,1778,500
40.1,26.8519167514429,27.2122543193289,26.8169047538258,-1,1778,500
20.7,26.8519167514429,27.928594158829,27.5119140862966,-1,1778,500
6.25,26.8519167514429,28.8882326049191,28.4421132184115,-1,1778,500
77.05,26.8519167514429,25.9324501789291,25.5738346789199,-1,1778,500
59.2,26.8519167514429,26.611744689453,26.2338511584678,-1,1778,500
32.55,26.8519167514429,27.4844810188246,27.0810903421454,-1,1778,500
4.85,26.8519167514429,29.0727115462476,28.6208195266808,-1,1778,500
98.55,26.8519167514429,24.2011305839819,23.8893977178266,-1,1778,500
33.85,26.8519167514429,27.4167476570635,27.0153651574971,-1,1778,500
31.45,26.8519167514429,27.4940478262383,27.0903731125851,-1,1778,500
63.15,26.8519167514429,26.4522194872825,26.0788978716383,-1,1778,500
9.75,26.8519167514429,28.5669620253165,28.1308085212408,-1,1778,500
68.25,26.8519167514429,26.2535190201586,25.885853722446,-1,1778,500
99.05,26.8519167514429,23.9363768599049,23.631527800619,-1,1778,500
19,26.8519167514429,28.0167594793034,27.5974159755565,-1,1778,500
11.3,26.8519167514429,28.4558145399525,28.0230830600124,-1,1778,500
83.75,26.8519167514429,25.6108328064459,25.2611711308573,-1,1778,500
2.85,26.8519167514429,29.1984511311548,28.7426036040951,-1,1778,500
7,26.8519167514429,28.7515333515334,28.3096679442633,-1,1778,500
83.15,26.8519167514429,25.6129089788904,25.2631898604696,-1,1778,500
2.1,26.8519167514429,29.564012351455,29.0965687357337,-1,1778,500
96.85,26.8519167514429,24.4953327544502,24.1758614888117,-1,1778,500
76.55,26.8519167514429,25.9465057074813,25.5874963576909,-1,1778,500
48.25,26.8519167514429,26.9136923522496,26.5270701171416,-1,1778,500
77.4,26.8519167514429,25.9610031059473,25.6015873015873,-1,1778,500
79.85,26.8519167514429,25.8285728299789,25.4728614710243,-1,1778,500
41.1,26.8519167514429,27.1748060481998,26.7805564026973,-1,1778,500
63.2,26.8519167514429,26.4442491504712,26.0711552418025,-1,1778,500
77.35,26.8519167514429,25.9201109160418,25.5618409987709,-1,1778,500
19.05,26.8519167514429,27.9864828954595,27.5680549741872,-1,1778,500
46.25,26.8519167514429,27.0121744780535,26.6226840935121,-1,1778,500
55,26.8519167514429,26.7157038490158,26.3348161476816,-1,1778,500
42.9,26.8519167514429,27.0862781406992,26.6946227116125,-1,1778,500
36.2,26.8519167514429,27.3214403071548,26.9228751490376,-1,1778,500
87.65,26.8519167514429,25.4770106600868,25.1310417196642,-1,1778,500
0.55,26.8519167514429,30.1404804151642,29.6544594949533,-1,1778,500
82.55,26.8519167514429,25.6828645748659,25.3312072308851,-1,1778,500
54.05,26.8519167514429,26.7745669638318,26.3919787614166,-1,1778,500
94.9,26.8519167514429,24.8474786875964,24.5186219306002,-1,1778,500
55.4,26.8519167514429,26.6868200554092,26.3067654156611,-1,1778,500
73.15,26.8519167514429,26.1137779981817,25.7500651635605,-1,1778,500
7.85,26.8519167514429,28.7400258336821,28.2985176167287,-1,1778,500
40.3,26.8519167514429,27.1738711619506,26.7796489563567,-1,1778,500
82.25,26.8519167514429,25.6912180842414,25.3393289408294,-1,1778,500
8.5,26.8519167514429,28.6753371694106,28.2358342265095,-1,1778,500
59.45,26.8519167514429,26.558505093978,26.1821404316642,-1,1778,500
93.9,26.8519167514429,24.9573920187051,24.6255783881471,-1,1778,500
69.1,26.8519167514429,26.2469761414236,25.8794963734303,-1,1778,500
84.25,26.8519167514429,25.618724052932,25.2688440202708,-1,1778,500
46.35,26.8519167514429,27.0177181850832,26.6280660377358,-1,1778,500
6.75,26.8519167514429,28.8207724444931,28.3767548741517,-1,1778,500
21.45,26.8519167514429,27.8282306933484,27.4145723849663,-1,1778,500
75.5,26.8519167514429,26.011015246814,25.6501955438716,-1,1778,500
37.7,26.8519167514429,27.3053841500303,26.9072926596759,-1,1778,500
80.55,26.8519167514429,25.7674854831344,25.413476534238,-1,1778,500
90.45,26.8519167514429,25.1930118329984,24.8548156301596,-1,1778,500
59.45,26.8519167514429,26.5696722000774,26.1929871076791,-1,1778,500
59.05,26.8519167514429,26.577718333081,26.2008022808646,-1,1778,500
81.25,26.8519167514429,25.7263622447318,25.3734970703909,-1,1778,500
91.8,26.8519167514429,25.151698005063,24.8146252629596,-1,1778,500
73.55,26.8519167514429,26.092212403997,25.7291076602533,-1,1778,500
52.5,26.8519167514429,26.76277359897,26.3805263948462,-1,1778,500
14.85,26.8519167514429,28.2532639410524,27.8267345034593,-1,1778,500
97.9,26.8519167514429,24.2401221402157,23.9273690584317,-1,1778,500
82.55,26.8519167514429,25.6995770294453,25.3474558604211,-1,1778,500
51.75,26.8519167514429,26.8341458443037,26.4498326639893,-1,1778,500
65,26.8519167514429,26.3885909964086,26.0170852947954,-1,1778,500
41.9,26.8519167514429,27.1393255338522,26.7461166198518,-1,1778,500
55.05,26.8519167514429,26.7238386845756,26.3427161975235,-1,1778,500
86,26.8519167514429,25.5569702166211,25.2087971675545,-1,1778,500
95.95,26.8519167514429,24.7079625256112,24.3828402184309,-1,1778,500
4.2,26.8519167514429,29.056669364332,28.6052807789058,-1,1778,500
21.55,26.8519167514429,27.9034354852954,27.4875139120757,-1,1778,500
93.05,26.8519167514429,24.9877888676231,24.6551552019966,-1,1778,500
59.75,26.8519167514429,26.5629708097929,26.1864780238896,-1,1778,500
67.15,26.8519167514429,26.2775375095645,25.9091907486026,-1,1778,500
87.3,26.8519167514429,25.4663324359615,25.1206573217635,-1,1778,500
14.65,26.8519167514429,28.1771693569964,27.7529585279348,-1,1778,500
98.45,26.8519167514429,24.2367750843817,23.924109642949,-1,1778,500
65.45,26.8519167514429,26.3766947171576,26.005528043303,-1,1778,500
39.5,26.8519167514429,27.2080362371258,26.8128106393445,-1,1778,500
51.5,26.8519167514429,26.8651769467544,26.4799638142465,-1,1778,500
28.95,26.8519167514429,27.553511005686,27.1480686326709,-1,1778,500
91.35,26.8519167514429,25.0706690789056,24.735794432012,-1,1778,500
43.35,26.8519167514429,27.1016126265226,26.7095084404941,-1,1778,500
85.05,26.8519167514429,25.453202287924,25.1078882993932,-1,1778,500
14.7,26.8519167514429,28.2164252415739,27.7910190590056,-1,1778,500
67.5,26.8519167514429,26.2705457810889,25.9023974566967,-1,1778,500
69.4,26.8519167514429,26.2819092300526,25.9134383658213,-1,1778,500
32.05,26.8519167514429,27.4730096344475,27.0699594115531,-1,1778,500
92.55,26.8519167514429,24.9873936288001,24.6547706321848,-1,1778,500
25.95,26.8519167514429,27.6736971183323,27.264670369476,-1,1778,500
46.15,26.8519167514429,27.0468600191755,26.6563569826467,-1,1778,500
59.1,26.8519167514429,26.5956160878129,26.2181860403397,-1,1778,500
12,26.8519167514429,28.3597766767198,27.9299913416854,-1,1778,500
67.45,26.8519167514429,26.3283390553649,25.9585488824293,-1,1778,500
34.75,26.8519167514429,27.3896527211887,26.9890721579073,-1,1778,500
62.4,26.8519167514429,26.5148204095334,26.1397079495279,-1,1778,500
88.65,26.8519167514429,25.3392948800205,24.9971059415179,-1,1778,500
47.25,26.8519167514429,26.96284348865,26.5747911027421,-1,1778,500
80.4,26.8519167514429,25.709614946457,25.357215047726,-1,1778,500
19.9,26.8519167514429,28.0765115700423,27.6553582363748,-1,1778,500
56.7,26.8519167514429,26.6588983765905,26.279648195255,-1,1778,500
47.25,26.8519167514429,26.9504239384479,26.5627331697644,-1,1778,500
78.2,26.8519167514429,25.8882534168005,25.5308749656765,-1,1778,500
77.9,26.8519167514429,25.8768038788515,25.5197455520036,-1,1778,500
58.5,26.8519167514429,26.6081588654394,26.2303684035845,-1,1778,500
28.5,26.8519167514429,27.5920110385301,27.1854221488399,-1,1778,500
61.85,26.8519167514429,26.4912548421176,26.116817025214,-1,1778,500
4,26.8519167514429,29.1295360672666,28.6758585657009,-1,1778,500
53.8,26.8519167514429,26.7414811680068,26.3598492428791,-1,1778,500
44.3,26.8519167514429,27.0802420460779,26.6887631912199,-1,1778,500
14.15,26.8519167514429,28.214409458663,27.789064697609,-1,1778,500
30.95,26.8519167514429,27.4639349107283,27.0611539120014,-1,1778,500
45.65,26.8519167514429,27.0389901583227,26.6487169976734,-1,1778,500
16.5,26.8519167514429,28.1204920075475,27.6980041004433,-1,1778,500
88.2,26.8519167514429,25.4245272390762,25.0800012693577,-1,1778,500
93.9,26.8519167514429,24.9278557114229,24.596837944664,-1,1778,500
86.75,26.8519167514429,25.5371397164611,25.1895139442231,-1,1778,500
57.85,26.8519167514429,26.628790560472,26.2504068821204,-1,1778,500
97,26.8519167514429,24.4014983008959,24.0845053253897,-1,1778,500
32.6,26.8519167514429,27.4486647090508,27.0463365387906,-1,1778,500
85.65,26.8519167514429,25.5499433931748,25.2019643170331,-1,1778,500
96,26.8519167514429,24.5230910135209,24.2028847920622,-1,1778,500
95.95,26.8519167514429,24.7455043859649,24.4193792581378,-1,1778,500
68.85,26.8519167514429,26.2884695388814,25.9198124036601,-1,1778,500
13.6,26.8519167514429,28.2704545454545,27.8434004474273,-1,1778,500
96.2,26.8519167514429,24.6574420927764,24.3336668873255,-1,1778,500
16.8,26.8519167514429,28.0755136134215,27.6543905383418,-1,1778,500
50.4,26.8519167514429,26.8350575005521,26.4507178955119,-1,1778,500
27.8,26.8519167514429,27.6717581320395,27.2627893338853,-1,1778,500
57.6,26.8519167514429,26.6552998346438,26.2761532707173,-1,1778,500
64.3,26.8519167514429,26.3802184222831,26.0089513435243,-1,1778,500
94.75,26.8519167514429,24.8513874905613,24.5224258032487,-1,1778,500
55.55,26.8519167514429,26.7247428610096,26.3435942734288,-1,1778,500
39.95,26.8519167514429,27.2066305003014,26.8114462123011,-1,1778,500
52.5,26.8519167514429,26.820023089199,26.4361191483668,-1,1778,500
78.95,26.8519167514429,25.8963165745947,25.5387125961352,-1,1778,500
75.7,26.8519167514429,26.0328757642173,25.6714415643474,-1,1778,500
11.55,26.8519167514429,28.3821954725117,27.9517232842314,-1,1778,500
88.95,26.8519167514429,25.2401060889294,24.900626988878,-1,1778,500
93.7,26.8519167514429,25.018656066389,24.6851886556722,-1,1778,500
70.35,26.8519167514429,26.2051788202508,25.8388831674105,-1,1778,500
85.15,26.8519167514429,25.5805589740269,25.2317343762471,-1,1778,500
83.4,26.8519167514429,25.5867737807939,25.2377774229602,-1,1778,500
82.25,26.8519167514429,25.7121256510416,25.3596560188676,-1,1778,500
24.8,26.8519167514429,27.7578190891201,27.346274285912,-1,1778,500
52.1,26.8519167514429,26.7840999643953,26.4012360113579,-1,1778,500
95.45,26.8519167514429,24.7979436464956,24.4704152088429,-1,1778,500
53.8,26.8519167514429,26.7387654237403,26.357211939303,-1,1778,500
8.95,26.8519167514429,28.6977365208546,28.2575397321987,-1,1778,500
35.65,26.8519167514429,27.3564514173897,26.9568524455966,-1,1778,500
38.65,26.8519167514429,27.2629735093623,26.8661318285345,-1,1778,500
76.15,26.8519167514429,25.9909017620638,25.6306469920545,-1,1778,500
94.4,26.8519167514429,24.9361188281349,24.6048785043819,-1,1778,500
34.3,26.8519167514429,27.3583464662383,26.9586914995224,-1,1778,500
83.4,26.8519167514429,25.6025314814515,25.2530994376278,-1,1778,500
43.9,26.8519167514429,27.0426930516802,26.6523117391158,-1,1778,500
2.1,26.8519167514429,29.4889585783353,29.0239074550129,-1,1778,500
62.3,26.8519167514429,26.4659574468085,26.0922431865828,-1,1778,500
61.2,26.8519167514429,26.4601946300856,26.0866451016636,-1,1778,500
46.45,26.8519167514429,26.9600825994949,26.5721106161217,-1,1778,500
80.55,26.8519167514429,25.6862053266561,25.3344552900258,-1,1778,500
7.15,26.8519167514429,28.8244535269861,28.3803213933028,-1,1778,500
93.2,26.8519167514429,25.0666909967948,24.7319240819264,-1,1778,500
91.55,26.8519167514429,25.2207640851255,24.8818121713944,-1,1778,500
27.75,26.8519167514429,27.6398040416411,27.2317896767969,-1,1778,500
58.65,26.8519167514429,26.6189192377037,26.2408194435221,-1,1778,500
81.05,26.8519167514429,25.7784178062074,25.4241044860144,-1,1778,500
95.1,26.8519167514429,24.7800505090116,24.4530012376238,-1,1778,500
74.9,26.8519167514429,26.020869364695,25.6597727272727,-1,1778,500
46.8,26.8519167514429,26.9987865736943,26.609686705611,-1,1778,500
10.95,26.8519167514429,28.5087073430422,28.0743490462151,-1,1778,500
86.7,26.8519167514429,25.4708490535616,25.1250496733481,-1,1778,500
79.5,26.8519167514429,25.8624003405203,25.5057445297876,-1,1778,500
18.6,26.8519167514429,28.0560676292468,27.6355339534233,-1,1778,500
51.75,26.8519167514429,26.8118295994569,26.4281629855039,-1,1778,500
14.55,26.8519167514429,28.2224743188924,27.7968837929094,-1,1778,500
3.75,26.8519167514429,29.0411787414748,28.5902760192454,-1,1778,500
53.55,26.8519167514429,26.7537088470397,26.3717236431587,-1,1778,500
39.9,26.8519167514429,27.1860297027999,26.791450557646,-1,1778,500
83.05,26.8519167514429,25.6195549933509,25.2696519639974,-1,1778,500
48.65,26.8519167514429,26.9191957058874,26.532413468963,-1,1778,500
44.75,26.8519167514429,27.0278875600951,26.6379385890997,-1,1778,500
28.6,26.8519167514429,27.6509311769236,27.2425845814446,-1,1778,500
71.1,26.8519167514429,26.1505214368482,25.7857713828937,-1,1778,500
49.65,26.8519167514429,26.8820916856686,26.4963875618138,-1,1778,500
77.2,26.8519167514429,25.9482104433239,25.5891533106686,-1,1778,500
57.4,26.8519167514429,26.6157798968899,26.2377703633617,-1,1778,500
27.6,26.8519167514429,27.6475437092004,27.2392982698008,-1,1778,500
66.95,48.5571902023442,47.9679552681278,46.3758288508711,0,1778,500
83.35,48.5571902023442,47.2234501639577,45.6332633831092,0,1778,500
83.2,48.5571902023442,47.2526671537385,45.7737263720012,0,1778,500
95.6,48.5571902023442,46.236761646074,44.7438708218981,0,1778,500
57.85,48.5571902023442,48.3181238514426,46.5922466490447,0,1778,500
96.45,48.5571902023442,46.2171824859805,44.7747297048593,0,1778,500
55.15,48.5571902023442,48.4180301179264,46.8179952246466,0,1778,500
8.4,48.5571902023442,50.4102294489945,48.8248378133163,0,1778,500
80,48.5571902023442,47.5084820118764,46.0567000718624,0,1778,500
77.15,48.5571902023442,47.5730702799989,46.1711858735315,0,1778,500
96.7,48.5571902023442,46.2273120891248,44.631231883103,0,1778,500
35.2,48.5571902023442,49.0937944080868,47.2896293921494,0,1778,500
97.95,48.5571902023442,45.9148296156888,44.4850800260518,0,1778,500
75.7,48.5571902023442,47.627413953036,45.8626782036944,0,1778,500
34.85,48.5571902023442,49.1164852769286,47.4369600676517,0,1778,500
50.15,48.5571902023442,48.53898828729,46.9660609929872,0,1778,500
95.9,48.5571902023442,46.1772880228424,44.6997158083052,0,1778,500
61.95,48.5571902023442,48.1512485896193,46.3718591727162,0,1778,500
71.8,48.5571902023442,47.7582448457321,46.0841220883754,0,1778,500
20.7,48.5571902023442,49.737081263736,48.079319286208,0,1778,500
78.15,48.5571902023442,47.4514258908502,45.8213960739056,0,1778,500
12.3,48.5571902023442,50.2917304170789,48.4966602119893,0,1778,500
32.35,48.5571902023442,49.230741714624,47.5919851740775,0,1778,500
70.65,48.5571902023442,47.8835109527338,46.4478990702969,0,1778,500
78.45,48.5571902023442,47.5166952850073,46.0449043813344,0,1778,500
45.25,48.5571902023442,48.7402199703089,46.9733031948934,0,1778,500
27.75,48.5571902023442,49.4010040976031,47.8944244478291,0,1778,500
2.45,48.5571902023442,51.1908456845785,49.486068313783,0,1778,500
91.3,48.5571902023442,46.7632019245871,45.289594764791,0,1778,500
41.35,48.5571902023442,48.8449051430582,47.4158473236038,0,1778,500
8,48.5571902023442,50.3737973861303,48.7856887672755,0,1778,500
20.45,48.5571902023442,49.7386540337921,48.0892821881509,0,1778,500
29.75,48.5571902023442,49.2900626262897,47.7352014956745,0,1778,500
33.6,48.5571902023442,49.1584157892887,47.5321891976493,0,1778,500
59.2,48.5571902023442,48.2106740371517,46.6939441314765,0,1778,500
86.5,48.5571902023442,47.1308237711175,45.5728936506344,0,1778,500
43.05,48.5571902023442,48.7840538302229,47.3910061600399,0,1778,500
10.95,48.5571902023442,50.3880460005119,48.5643145765232,0,1778,500
6.7,48.5571902023442,50.5868148868412,48.9910344426888,0,1778,500
80.35,48.5571902023442,47.435105170464,45.9967043758838,0,1778,500
25.25,48.5571902023442,49.4510887641131,47.7686420089775,0,1778,500
96.2,48.5571902023442,46.0197104839124,44.4642719387362,0,1778,500
84.95,48.5571902023442,47.1707676002313,45.8278922865068,0,1778,500
76.3,48.5571902023442,47.651561674387,46.1133530582975,0,1778,500
13.75,48.5571902023442,49.9792764338392,48.4228032809002,0,1778,500
44.75,48.5571902023442,48.7674916411865,47.2036822276527,0,1778,500
32.05,48.5571902023442,49.2117657320753,47.6992617100665,0,1778,500
97.8,48.5571902023442,45.7797175533348,44.3459977721475,0,1778,500
91.75,48.5571902023442,46.6775122147953,45.2056583393268,0,1778,500
80.25,48.5571902023442,47.4087096482704,45.8306869958042,0,1778,500
98.05,48.5571902023442,45.8795463214696,44.3760880632641,0,1778,500
10.85,48.5571902023442,50.3601970803885,48.2549397508594,0,1778,500
4.3,48.5571902023442,51.009891882118,49.2965338841836,0,1778,500
59.65,48.5571902023442,48.2255964056767,46.7162618404669,0,1778,500
83.7,48.5571902023442,47.3002065789115,45.7913003632145,0,1778,500
47.75,48.5571902023442,48.6559040016837,46.9232821401029,0,1778,500
62.65,48.5571902023442,48.1922147696033,46.6258258592492,0,1778,500
60.35,48.5571902023442,48.2296099767866,46.7727717445396,0,1778,500
51.3,48.5571902023442,48.5016940441466,46.6911101773983,0,1778,500
56.25,48.5571902023442,48.3373223728497,46.6153353346789,0,1778,500
74.2,48.5571902023442,47.668550886926,45.9504778844291,0,1778,500
85.6,48.5571902023442,47.1300187787207,45.726223668051,0,1778,500
74.55,48.5571902023442,47.7137697549228,46.3069943500717,0,1778,500
62.8,48.5571902023442,48.1151367786851,46.697500695798,0,1778,500
72.3,48.5571902023442,47.8018188331313,46.2452020021255,0,1778,500
62.2,48.5571902023442,48.1399942049091,46.675672951682,0,1778,500
88.7,48.5571902023442,46.930817604664,45.5310761452965,0,1778,500
91.75,48.5571902023442,46.6620255479298,45.2032264097168,0,1778,500
95.9,48.5571902023442,46.2831681766954,44.8531878157881,0,1778,500
6.65,48.5571902023442,50.7312722982711,49.1528773431091,0,1778,500
73.7,48.5571902023442,47.726601742567,46.2228225523044,0,1778,500
64.55,48.5571902023442,48.1246156169006,46.6953914574343,0,1778,500
45.1,48.5571902023442,48.734464311312,47.1526925402001,0,1778,500
15.55,48.5571902023442,49.9614300765034,48.0999103732632,0,1778,500
65.7,48.5571902023442,48.0036799077875,46.3121265721988,0,1778,500
98.95,48.5571902023442,45.1694574352778,43.5133928439554,0,1778,500
62.7,48.5571902023442,48.1156708444137,46.645280824576,0,1778,500
23.6,48.5571902023442,49.5098199399104,47.9880846172835,0,1778,500
76.55,48.5571902023442,47.5736760709968,45.9871268499344,0,1778,500
85.4,48.5571902023442,47.1412346092732,45.7963027042637,0,1778,500
64.8,48.5571902023442,48.0441851421253,46.2792025637628,0,1778,500
10.15,48.5571902023442,50.3272424458023,48.5982421780202,0,1778,500
50.65,48.5571902023442,48.544212803907,46.7598223479051,0,1778,500
47.95,48.5571902023442,48.6863433696673,47.1126831433347,0,1778,500
79.65,48.5571902023442,47.4010832385704,45.9584080480364,0,1778,500
76.55,48.5571902023442,47.5908722967292,45.9485770303814,0,1778,500
14.4,48.5571902023442,49.9976067945225,48.404430338795,0,1778,500
64.3,48.5571902023442,48.1346304185752,46.5092211156519,0,1778,500
95.55,48.5571902023442,46.341577259711,44.8165405219396,0,1778,500
99.35,48.5571902023442,45.3386116431433,43.9566623424495,0,1778,500
47.55,48.5571902023442,48.637102404076,47.0267478312398,0,1778,500
21.35,48.5571902023442,49.6430714734766,48.0358018587019,0,1778,500
25.05,48.5571902023442,49.4961186085393,47.9391919343202,0,1778,500
47.05,48.5571902023442,48.6952405325403,46.8877788012504,0,1778,500
57.45,48.5571902023442,48.3490138967511,46.7453284538775,0,1778,500
4.75,48.5571902023442,50.9796373383937,49.2381820918875,0,1778,500
95.8,48.5571902023442,46.2786236523246,44.8642164602488,0,1778,500
89.25,48.5571902023442,47.01090626559,45.6292411123211,0,1778,500
82.55,48.5571902023442,47.3588068906351,45.8591422690678,0,1778,500
26.15,48.5571902023442,49.4394601127162,47.8744702094342,0,1778,500
38.8,48.5571902023442,48.9725838690711,47.0898432488273,0,1778,500
78.9,48.5571902023442,47.4122213366241,45.7434474504722,0,1778,500
97.4,48.5571902023442,45.9011764265456,44.5005941952145,0,1778,500
6.2,48.5571902023442,50.5880844252515,49.0918211574281,0,1778,500
39.3,48.5571902023442,48.9576577021243,47.4682171681097,0,1778,500
22.6,48.5571902023442,49.5885076838906,47.7949542473036,0,1778,500
4.95,48.5571902023442,50.7455856395629,48.9542132597599,0,1778,500
74.7,48.5571902023442,47.6554048615006,46.093759264674,0,1778,500
23.2,48.5571902023442,49.6082308656607,47.9844230024065,0,1778,500
61.9,48.5571902023442,48.191739091679,46.6574932981487,0,1778,500
74.25,48.5571902023442,47.6950161910524,46.2619228933742,0,1778,500
11.3,48.5571902023442,50.2328521916118,48.6100866461044,0,1778,500
71.1,48.5571902023442,47.8371375064053,45.9757162006194,0,1778,500
84.2,48.5571902023442,47.207913884646,45.7419817564134,0,1778,500
4.4,48.5571902023442,50.8816578942478,49.255271436169,0,1778,500
8.85,48.5571902023442,50.4590773313985,48.8419439353376,0,1778,500
4.9,48.5571902023442,50.8778363146398,49.0210941410399,0,1778,500
60.95,48.5571902023442,48.1811719173814,46.6284288145516,0,1778,500
8.15,48.5571902023442,50.5029132820623,48.9880342930642,0,1778,500
97.55,48.5571902023442,45.8230523941532,44.3344177808295,0,1778,500
59.45,48.5571902023442,48.2228595882947,46.5724581071532,0,1778,500
47.6,48.5571902023442,48.6420724153315,47.1428970609959,0,1778,500
9.35,48.5571902023442,50.3203499118239,48.7941150905799,0,1778,500
14.15,48.5571902023442,50.0075506714966,48.0542034595402,0,1778,500
71.25,48.5571902023442,47.7976301238659,46.1094118661711,0,1778,500
23.5,48.5571902023442,49.4689431444092,47.9888899335213,0,1778,500
43.55,48.5571902023442,48.7853536376115,47.2596765718663,0,1778,500
82.95,48.5571902023442,47.2688869509889,45.8132868435476,0,1778,500
15.25,48.5571902023442,49.963541385451,48.3613817727985,0,1778,500
90.15,48.5571902023442,46.7762399019411,45.0970072565622,0,1778,500
40.75,48.5571902023442,48.9186219573068,47.2087544289358,0,1778,500
8.2,48.5571902023442,50.3994477318612,48.7710614933643,0,1778,500
99.1,48.5571902023442,45.3892951173886,43.8818851733231,0,1778,500
38.05,48.5571902023442,48.9871219842916,47.4185575938196,0,1778,500
31.45,48.5571902023442,49.2711525336534,47.4648837171709,0,1778,500
3.4,48.5571902023442,50.9463415742947,49.339196513806,0,1778,500
42.55,48.5571902023442,48.8008791915309,47.3264123967646,0,1778,500
52.85,48.5571902023442,48.4890898578476,46.9499530996017,0,1778,500
63.65,48.5571902023442,48.1193530254493,46.5908252658977,0,1778,500
42.95,48.5571902023442,48.8039685656524,47.0936123379458,0,1778,500
20.65,48.5571902023442,49.7255600415839,48.0334310609808,0,1778,500
91.95,48.5571902023442,46.68282584397,45.134232029884,0,1778,500
79.3,48.5571902023442,47.470299705763,45.8050101869247,0,1778,500
74.15,48.5571902023442,47.7167461070564,46.2172937413407,0,1778,500
89.4,48.5571902023442,46.9306627338978,45.5073111019633,0,1778,500
89.55,48.5571902023442,46.8478216305929,45.0362921168637,0,1778,500
88.55,48.5571902023442,47.0887089531776,45.807858223817,0,1778,500
84.3,48.5571902023442,47.1759555625696,45.7466804414012,0,1778,500
16.4,48.5571902023442,49.9435823391133,48.1391274048187,0,1778,500
28,48.5571902023442,49.4266085592615,47.5608993574793,0,1778,500
73.7,48.5571902023442,47.7203845920457,46.1195095722635,0,1778,500
5.3,48.5571902023442,50.6875556314431,49.0842955439423,0,1778,500
78.6,48.5571902023442,47.4821904569422,45.9101260462268,0,1778,500
26.75,48.5571902023442,49.4082872238834,47.6366303309066,0,1778,500
88.95,48.5571902023442,47.0033606275526,45.6100157654066,0,1778,500
14.55,48.5571902023442,49.9983348716396,48.4261722297957,0,1778,500
40.3,48.5571902023442,48.9121798922897,47.205924375303,0,1778,500
9.6,48.5571902023442,50.2971412821499,48.7293591468176,0,1778,500
30.95,48.5571902023442,49.193515775616,47.588353557766,0,1778,500
56.15,48.5571902023442,48.4057574708381,46.796170107625,0,1778,500
19.3,48.5571902023442,49.7419083849974,48.0397280712205,0,1778,500
76.95,48.5571902023442,47.582519127287,46.0463914559596,0,1778,500
56.7,48.5571902023442,48.3500291870247,46.8177758536777,0,1778,500
16.7,48.5571902023442,49.893115177059,48.2674815232748,0,1778,500
27.85,48.5571902023442,49.3601550381157,47.6198672587901,0,1778,500
98.85,48.5571902023442,45.3342765978871,43.9025469397271,0,1778,500
45.25,48.5571902023442,48.7365427770086,47.26337220964,0,1778,500
22.9,48.5571902023442,49.5941676423179,47.7726252367046,0,1778,500
39.35,48.5571902023442,48.9567526911134,47.3664193063006,0,1778,500
86.9,48.5571902023442,47.0520603414765,45.6271087996851,0,1778,500
36.55,48.5571902023442,49.0592504782531,47.4467460904104,0,1778,500
15.2,48.5571902023442,50.0658708980678,48.3984765608077,0,1778,500
43.7,48.5571902023442,48.8201371968826,47.0668042532065,0,1778,500
22.75,48.5571902023442,49.567035696093,48.0867595290915,0,1778,500
75.4,48.5571902023442,47.6190794286513,45.9352976354299,0,1778,500
11.2,48.5571902023442,50.2365924232908,48.5943655893135,0,1778,500
97.1,48.5571902023442,45.9883944280646,44.4541821036655,0,1778,500
25.35,48.5571902023442,49.4451324313906,47.983482934101,0,1778,500
41.1,48.5571902023442,48.8548227023201,47.1999657011048,0,1778,500
87.5,48.5571902023442,47.1080130766764,45.6728788743256,0,1778,500
68.2,48.5571902023442,47.9336421483877,46.4433339933183,0,1778,500
10,48.5571902023442,50.3467021501477,48.6933674511003,0,1778,500
66.3,48.5571902023442,47.9697590216655,45.9876983260469,0,1778,500
20.6,48.5571902023442,49.7090200195993,48.1488958795401,0,1778,500
54.75,48.5571902023442,48.3911444432688,46.9985820320216,0,1778,500
95.2,48.5571902023442,46.4025454433643,44.8277085298925,0,1778,500
32.6,48.5571902023442,49.1755518313669,47.6978277249953,0,1778,500
8.95,48.5571902023442,50.4228172168517,48.676326721886,0,1778,500
74.1,48.5571902023442,47.7345304697786,46.2531177571308,0,1778,500
59.5,48.5571902023442,48.2809901999469,46.586255769068,0,1778,500
51.3,48.5571902023442,48.4982635411807,47.1047755011321,0,1778,500
44.95,48.5571902023442,48.7257782975259,46.9946532211476,0,1778,500
85.8,48.5571902023442,47.0841910992976,45.5419921943053,0,1778,500
5.05,48.5571902023442,50.8096315595112,49.1452826506042,0,1778,500
91.25,48.5571902023442,46.6692026532526,44.8440289499577,0,1778,500
64.2,48.5571902023442,48.0674885630671,46.361768266855,0,1778,500
35.45,48.5571902023442,49.1068021472969,47.4689004888692,0,1778,500
64.95,48.5571902023442,48.0469419064288,46.5433002204302,0,1778,500
91.65,48.5571902023442,46.6842725963292,44.9484250609113,0,1778,500
37.65,48.5571902023442,49.0254818833582,47.3282005019029,0,1778,500
3.45,48.5571902023442,51.203355861118,48.9671480919731,0,1778,500
68.3,48.5571902023442,47.9451491572625,46.4623783505945,0,1778,500
27.35,48.5571902023442,49.4006704653752,47.7069970067447,0,1778,500
93.05,48.5571902023442,46.5800401303422,45.076380298235,0,1778,500
32.95,48.5571902023442,49.1571881422204,47.6237203754755,0,1778,500
98.35,48.5571902023442,45.7380976397909,44.3472797673051,0,1778,500
79.9,48.5571902023442,47.5185783594746,46.1161860227644,0,1778,500
89.9,48.5571902023442,46.7863026291965,45.2071566425818,0,1778,500
57,48.5571902023442,48.3119322889057,46.7993497946978,0,1778,500
10.4,48.5571902023442,50.2878583874428,48.5463402375944,0,1778,500
2.3,48.5571902023442,51.3710344777929,49.6679157350941,0,1778,500
56.8,48.5571902023442,48.3091918772138,46.8805370708014,0,1778,500
80.8,48.5571902023442,47.4367294284468,45.883068627376,0,1778,500
25.85,48.5571902023442,49.4356724128911,47.8469819469274,0,1778,500
55.5,48.5571902023442,48.3245592856673,46.7059354864595,0,1778,500
88.25,48.5571902023442,47.0905478521249,45.7450722674798,0,1778,500
20.15,48.5571902023442,49.7115216825263,48.1017765591717,0,1778,500
47.2,48.5571902023442,48.6824132035545,46.8139641697506,0,1778,500
0.35,48.5571902023442,52.2791007248097,50.5485914938343,0,1778,500
59.45,48.5571902023442,48.2452736928777,46.53778789472,0,1778,500
53.05,48.5571902023442,48.4209630778472,46.8557446682524,0,1778,500
61.3,48.5571902023442,48.2048209537741,46.7020530955303,0,1778,500
54.9,48.5571902023442,48.3863110672457,46.8153706113243,0,1778,500
64.6,48.5571902023442,48.0263844058669,46.4666183761328,0,1778,500
33.3,48.5571902023442,49.1351648369584,47.5162271920608,0,1778,500
44.35,48.5571902023442,48.762504921677,47.3214017913219,0,1778,500
63,48.5571902023442,48.1081537243864,46.6922423947748,0,1778,500
83.7,48.5571902023442,47.2454070443819,45.7479196168195,0,1778,500
47.85,48.5571902023442,48.6426446854101,47.0340229165115,0,1778,500
84.65,48.5571902023442,47.0902099774122,45.561836502542,0,1778,500
80.7,48.5571902023442,47.3860273800683,45.8910998890265,0,1778,500
96.25,48.5571902023442,46.2166480447121,44.8745193605362,0,1778,500
97.9,48.5571902023442,45.7222014397642,44.2378057665004,0,1778,500
59.45,48.5571902023442,48.2717379163599,46.8174932301098,0,1778,500
86.6,48.5571902023442,47.0407985114125,45.549478085818,0,1778,500
79.75,48.5571902023442,47.4452448699164,45.9321224065376,0,1778,500
90.65,48.5571902023442,46.8045843489462,45.3789371644363,0,1778,500
85.8,48.5571902023442,47.1236001144335,45.5396466891109,0,1778,500
45.45,48.5571902023442,48.7456917397766,46.9221020364542,0,1778,500
7.05,48.5571902023442,50.5531687412313,48.9012030657032,0,1778,500
34,48.5571902023442,49.170810307536,47.5687342739738,0,1778,500
35.6,48.5571902023442,49.0422998063189,47.5296108020995,0,1778,500
85.05,48.5571902023442,47.1787596979282,45.5732361545434,0,1778,500
11.25,48.5571902023442,50.2492337677512,48.319714195798,0,1778,500
72.6,48.5571902023442,47.728099736897,46.0281320687794,0,1778,500
65.8,48.5571902023442,48.0255464365754,46.3596098284351,0,1778,500
68.9,48.5571902023442,47.8913719620128,46.3526791334327,0,1778,500
7.4,48.5571902023442,50.6158648082513,48.9067373770241,0,1778,500
96.05,48.5571902023442,46.176902090465,44.5875122905457,0,1778,500
62.65,48.5571902023442,48.1042319626993,46.504149995251,0,1778,500
33.1,48.5571902023442,49.1468199837235,47.6774347687371,0,1778,500
50.15,48.5571902023442,48.5267715684563,46.9501248011237,0,1778,500
32.35,48.5571902023442,49.1913179467656,47.593566894074,0,1778,500
66.95,48.5571902023442,47.9359799493364,46.4218985910217,0,1778,500
88.5,48.5571902023442,46.9039740025825,45.196901319092,0,1778,500
82.4,48.5571902023442,47.2988712215574,45.6175089162656,0,1778,500
91.7,48.5571902023442,46.7393233990816,45.2904335408064,0,1778,500
47.85,48.5571902023442,48.6305048058963,47.1474002469442,0,1778,500
46.9,48.5571902023442,48.6924424180455,47.2284000024946,0,1778,500
96.25,48.5571902023442,46.2893924528267,44.9485695800211,0,1778,500
5.85,48.5571902023442,50.6707165323021,49.0838423009691,0,1778,500
20.35,48.5571902023442,49.7170250855186,48.10284495986,0,1778,500
14.7,48.5571902023442,50.0520700198105,48.377788436742,0,1778,500
34.9,48.5571902023442,49.1418819350906,47.5678426520251,0,1778,500
61.65,48.5571902023442,48.1549939451184,46.462730767256,0,1778,500
96.75,48.5571902023442,46.1301393676624,44.7474004442272,0,1778,500
75.3,48.5571902023442,47.6133940773815,45.777008055216,0,1778,500
85.9,48.5571902023442,47.1073925229302,45.6278045559201,0,1778,500
33.6,48.5571902023442,49.1163438422854,47.5321351401443,0,1778,500
53.45,48.5571902023442,48.4428990477813,46.6263888975905,0,1778,500
64.8,48.5571902023442,48.040351628767,46.4600013106097,0,1778,500
45.55,48.5571902023442,48.7282906837022,47.1128964543747,0,1778,500
36.6,48.5571902023442,49.0468778089585,47.617858406919,0,1778,500
4.05,48.5571902023442,51.1628520909704,49.1706343164068,0,1778,500
0.85,48.5571902023442,52.0547592158039,50.4125390238677,0,1778,500
80.65,48.5571902023442,47.3550472996172,45.7326681549187,0,1778,500
86.85,48.5571902023442,46.9795536389709,45.2999585667221,0,1778,500
81.8,48.5571902023442,47.3200889161633,45.7287346452984,0,1778,500
53.85,48.5571902023442,48.424987696165,46.7319192524393,0,1778,500
41.8,48.5571902023442,48.8758257239412,47.0238253945289,0,1778,500
20.65,48.5571902023442,49.658048702014,48.0643742931793,0,1778,500
48.6,48.5571902023442,48.5900755107029,47.165167391557,0,1778,500
13.65,48.5571902023442,50.1071621965254,48.3949996848269,0,1778,500
27.15,48.5571902023442,49.3940410597904,47.8353361462438,0,1778,500
93.45,48.5571902023442,46.4781548044668,44.9426329934467,0,1778,500
71.4,48.5571902023442,47.8279437934776,45.945051047989,0,1778,500
26.85,48.5571902023442,49.3909088980156,47.7385237436462,0,1778,500
34.6,48.5571902023442,49.1188574836332,47.3443535237547,0,1778,500
56.4,48.5571902023442,48.3625954219911,46.6747171787825,0,1778,500
86.75,48.5571902023442,47.0985007821857,45.7092316334367,0,1778,500
72.7,48.5571902023442,47.7935201836136,46.3144862726239,0,1778,500
59.8,48.5571902023442,48.2558722739,46.5992401823251,0,1778,500
2.8,48.5571902023442,51.021511908485,49.4365083691765,0,1778,500
76.65,48.5571902023442,47.5561669095566,46.0210731550929,0,1778,500
69.9,48.5571902023442,47.8847100646733,46.1958063911069,0,1778,500
18.15,48.5571902023442,49.809786514539,48.3703268333627,0,1778,500
97.85,48.5571902023442,45.9536587376572,44.5919525719593,0,1778,500
15.35,48.5571902023442,49.8916508506077,48.3306650544771,0,1778,500
39.4,48.5571902023442,48.9157689506417,47.4037525220803,0,1778,500
51.75,48.5571902023442,48.5168424093696,47.1773647613196,0,1778,500
38.4,48.5571902023442,48.9664264162152,47.357229225143,0,1778,500
49.8,48.5571902023442,48.5836612913729,46.8889099160983,0,1778,500
59.4,48.5571902023442,48.2658896825346,46.8875755597116,0,1778,500
61.2,48.5571902023442,48.1702026926026,46.5369088479505,0,1778,500
5.25,48.5571902023442,50.7445136167984,49.1310653590443,0,1778,500
5.55,48.5571902023442,50.7129993800945,48.9148528625762,0,1778,500
11.3,48.5571902023442,50.2080997592844,48.6219522023423,0,1778,500
10.05,48.5571902023442,50.2882587368825,48.6746041696642,0,1778,500
8.4,48.5571902023442,50.4237520145897,48.7433786371782,0,1778,500
78.95,48.5571902023442,47.4876256074932,45.9588210970092,0,1778,500
15,48.5571902023442,49.9793427218786,48.3011385932853,0,1778,500
49.2,48.5571902023442,48.6115985120923,46.9387573493847,0,1778,500
50.15,48.5571902023442,48.5719403678224,46.8187048170224,0,1778,500
86.3,48.5571902023442,47.0740077076952,45.5298936015083,0,1778,500
42.35,48.5571902023442,48.7929795257613,47.2647217372164,0,1778,500
87.95,48.5571902023442,46.944518102739,45.4676404113925,0,1778,500
1.3,48.5571902023442,51.6009721029431,49.8117203246146,0,1778,500
96,48.5571902023442,46.1685816648519,44.7624565844152,0,1778,500
75.8,48.5571902023442,47.5764893159071,45.9832985798673,0,1778,500
33.6,48.5571902023442,49.0896576361044,47.5024106811945,0,1778,500
74.55,48.5571902023442,47.6381611744441,46.0049670314383,0,1778,500
80.75,48.5571902023442,47.4029543537202,45.8630326310923,0,1778,500
83.35,48.5571902023442,47.2948885952431,45.7958010145569,0,1778,500
1.85,48.5571902023442,51.3534337697235,49.5619055936594,0,1778,500
39.85,48.5571902023442,48.9162619295825,47.3007860083804,0,1778,500
53.25,48.5571902023442,48.4650690671928,46.8304023589906,0,1778,500
77.55,48.5571902023442,47.5179810327212,45.7975164999761,0,1778,500
99.3,48.5571902023442,45.252964527918,43.7965951230504,0,1778,500
84.7,48.5571902023442,47.1209330554956,45.5726660639952,0,1778,500
19.05,48.5571902023442,49.7576606355754,48.0902228399388,0,1778,500
32.1,48.5571902023442,49.2184208136072,47.6920838946506,0,1778,500
25.8,48.5571902023442,49.4233074159089,47.7254598098809,0,1778,500
75.35,48.5571902023442,47.6643587772363,46.1744703471356,0,1778,500
42,48.5571902023442,48.8172611458002,47.091162634077,0,1778,500
98.1,48.5571902023442,45.9112652417532,44.4361887944838,0,1778,500
87.25,48.5571902023442,46.9864381906963,45.4007096707769,0,1778,500
21.4,48.5571902023442,49.6055456264482,48.094315902373,0,1778,500
36.25,48.5571902023442,49.0408781315474,47.6090265160814,0,1778,500
78.1,48.5571902023442,47.519353714382,46.1468893094192,0,1778,500
40.1,48.5571902023442,48.9112780183783,47.4331560660913,0,1778,500
28,48.5571902023442,49.3423838377857,47.7912173696534,0,1778,500
24.15,48.5571902023442,49.5452755405921,47.9993896999823,0,1778,500
44.7,48.5571902023442,48.7500390588456,47.1722186105283,0,1778,500
18.15,48.5571902023442,49.8110701207888,48.2804417018123,0,1778,500
10.75,48.5571902023442,50.2359223144882,48.517069835828,0,1778,500
81.4,48.5571902023442,47.3159393643081,45.8899398615784,0,1778,500
91.05,48.5571902023442,46.6509793483701,44.9448253511635,0,1778,500
82.8,48.5571902023442,47.2844685083399,45.7511925321248,0,1778,500
14.5,48.5571902023442,50.0341193691952,48.4181398710822,0,1778,500
13.25,48.5571902023442,50.0510940555857,48.4793165353432,0,1778,500
26.2,48.5571902023442,49.5158110964251,47.7096301623823,0,1778,500
88.55,48.5571902023442,46.9704112718806,45.4659327526249,0,1778,500
69.7,48.5571902023442,47.8504180721637,46.163347633207,0,1778,500
86.65,48.5571902023442,46.961454059563,45.122907534221,0,1778,500
62.4,48.5571902023442,48.1161193415605,46.2942507339378,0,1778,500
35,48.5571902023442,49.0851692638645,47.6806986711113,0,1778,500
65.6,48.5571902023442,47.9946176636517,46.5211640106637,0,1778,500
10.6,48.5571902023442,50.2784152240027,48.6165200655784,0,1778,500
20.4,48.5571902023442,49.658633960721,48.1183298514918,0,1778,500
14.55,48.5571902023442,49.9939342740333,48.352994350611,0,1778,500
41.55,48.5571902023442,48.8428871962826,47.40202832446,0,1778,500
22,48.5571902023442,49.6792350636071,47.8378030568318,0,1778,500
46.55,48.5571902023442,48.6762836816711,46.9705994566393,0,1778,500
51.45,48.5571902023442,48.4848582499676,46.9033468198473,0,1778,500
97.35,48.5571902023442,46.1154551218849,44.7580295208184,0,1778,500
88.6,48.5571902023442,46.9174705854937,45.3930534136247,0,1778,500
76.45,48.5571902023442,47.5760792426012,45.8129121917105,0,1778,500
9.05,48.5571902023442,50.4681381715145,48.4366676219111,0,1778,500
96.45,48.5571902023442,45.9634981666068,44.210600799897,0,1778,500
11.45,48.5571902023442,50.1504954553592,48.5450306073202,0,1778,500
66.25,48.5571902023442,48.021823997428,46.4859550464172,0,1778,500
27.2,48.5571902023442,49.4383332864265,47.8380076136002,0,1778,500
96.95,48.5571902023442,45.934952797112,44.2652021300832,0,1778,500
47.1,48.5571902023442,48.7075612441587,47.0067408813852,0,1778,500
31.2,48.5571902023442,49.2635116181361,47.3893818449881,0,1778,500
94.5,48.5571902023442,46.3823767500048,44.8389530436665,0,1778,500
24.4,48.5571902023442,49.5019987713837,48.0183366932715,0,1778,500
21.8,48.5571902023442,49.5763817232625,48.0362806859096,0,1778,500
34.65,48.5571902023442,49.0978064094771,47.5748035401252,0,1778,500
49.7,48.5571902023442,48.5800466173843,46.9003884382331,0,1778,500
16.8,48.5571902023442,49.8658852232448,48.1627510282115,0,1778,500
37.65,48.5571902023442,49.0162915424189,47.4345293315977,0,1778,500
43.3,48.5571902023442,48.8009673510441,47.1224313412906,0,1778,500
72.25,48.5571902023442,47.7769353904629,46.1135499812494,0,1778,500
84.8,48.5571902023442,47.1820174538896,45.5953201881611,0,1778,500
29.45,48.5571902023442,49.2979562653194,47.7857995274871,0,1778,500
11.75,48.5571902023442,50.2116572390918,48.4640612875377,0,1778,500
50.55,48.5571902023442,48.5211470134191,46.8560062073719,0,1778,500
97.05,48.5571902023442,46.0770506437426,44.628695769669,0,1778,500
45.15,48.5571902023442,48.7540094124547,46.7408707791791,0,1778,500
15.45,48.5571902023442,49.9493410393817,48.3972535706395,0,1778,500
9.15,48.5571902023442,50.2934271894926,48.7690111714118,0,1778,500
97.6,48.5571902023442,45.8252921154337,44.2284658122579,0,1778,500
55.15,48.5571902023442,48.370968615271,46.742549436494,0,1778,500
62.15,48.5571902023442,48.1375428321147,46.5333720793113,0,1778,500
11.1,48.5571902023442,50.1841569409872,48.5390829870934,0,1778,500
2.75,48.5571902023442,51.1051069712867,49.5286983381415,0,1778,500
50.35,48.5571902023442,48.5525054809761,47.1096915691619,0,1778,500
91.7,48.5571902023442,46.7136924588042,45.1128859370128,0,1778,500
30.2,48.5571902023442,49.263988711086,47.7669226977213,0,1778,500
42.75,48.5571902023442,48.7779372372101,47.1170691635373,0,1778,500
15.9,48.5571902023442,49.9596935962273,48.3619057120911,0,1778,500
35.5,48.5571902023442,49.0747781341947,47.5177702105058,0,1778,500
3.95,48.5571902023442,51.2167257118456,49.5331008838975,0,1778,500
65.95,48.5571902023442,47.969835272481,46.4789886730738,0,1778,500
2.8,48.5571902023442,51.200807719873,49.5375575653522,0,1778,500
79.95,48.5571902023442,47.4639498736605,45.8382307150309,0,1778,500
94.5,48.5571902023442,46.3886308598714,44.8701816734891,0,1778,500
56.1,48.5571902023442,48.3789069482067,46.8385993049442,0,1778,500
10.75,48.5571902023442,50.3967522194365,48.3318267144238,0,1778,500
99.1,48.5571902023442,45.4046515488198,43.9904690227808,0,1778,500
74.6,48.5571902023442,47.528194959775,45.8464924304647,0,1778,500
52.4,48.5571902023442,48.4561421531676,46.8997431443202,0,1778,500
67.95,48.5571902023442,47.9749197198836,46.3165647929413,0,1778,500
61.6,48.5571902023442,48.1829033885152,46.7216426380779,0,1778,500
3.6,48.5571902023442,50.9923068047564,49.1355432180729,0,1778,500
79.9,48.5571902023442,47.4627135402335,45.9610188512191,0,1778,500
62.6,48.5571902023442,48.1593959933228,46.7237952113088,0,1778,500
76.4,48.5571902023442,47.6609577190851,46.1478347608535,0,1778,500
90.25,48.5571902023442,46.8393809685173,45.2584323270315,0,1778,500
14.8,48.5571902023442,50.026374020364,48.34427948053,0,1778,500
51.3,48.5571902023442,48.5043012383033,46.8513044832823,0,1778,500
55.4,48.5571902023442,48.3628199869558,46.8030172762579,0,1778,500
85.5,48.5571902023442,47.1486710995724,45.5828356948725,0,1778,500
19.95,48.5571902023442,49.7268979584964,48.0190990240619,0,1778,500
72.75,48.5571902023442,47.7845658794079,46.3820154346152,0,1778,500
78.35,48.5571902023442,47.4121793816172,45.4787584521917,0,1778,500
83.45,48.5571902023442,47.2176857036789,45.6123779681051,0,1778,500
5.9,48.5571902023442,50.7422793652458,49.0524235137746,0,1778,500
15.75,48.5571902023442,49.9369476675716,48.3523291944917,0,1778,500
67.65,48.5571902023442,47.9711563414067,46.3990739380951,0,1778,500
25.7,48.5571902023442,49.5203514562616,47.4894374773974,0,1778,500
71.4,48.5571902023442,47.8577628770655,46.4107392714737,0,1778,500
7.35,48.5571902023442,50.6331219595387,49.0142735061058,0,1778,500
52.8,48.5571902023442,48.461345554416,47.0229695163262,0,1778,500
55.55,48.5571902023442,48.3369055283152,46.923659699471,0,1778,500
8.65,48.5571902023442,50.3368734175789,48.7827445512269,0,1778,500
13.95,48.5571902023442,49.9078087436085,48.4208208592285,0,1778,500
35.65,48.5571902023442,49.0570113246122,47.3789846869648,0,1778,500
66,48.5571902023442,48.0481157575789,46.5962276969547,0,1778,500
84.1,48.5571902023442,47.147429385275,45.4398355224101,0,1778,500
83.25,48.5571902023442,47.2731739009395,45.6359273330693,0,1778,500
23.65,48.5571902023442,49.5503329212995,47.7070292829975,0,1778,500
73.05,48.5571902023442,47.6812660173019,46.0899771464423,0,1778,500
16.35,48.5571902023442,49.8808257962156,48.1236487565073,0,1778,500
79,48.5571902023442,47.4157636273757,45.8138831781717,0,1778,500
65.2,48.5571902023442,48.0323071020724,46.5532114508288,0,1778,500
94.7,48.5571902023442,46.4243902865621,45.0233958149358,0,1778,500
91.7,48.5571902023442,46.6334133955172,45.3253677648275,0,1778,500
23.75,48.5571902023442,49.5874648017529,47.9852973831091,0,1778,500
55.1,48.5571902023442,48.3759670581141,46.7475910546189,0,1778,500
38.4,48.5571902023442,48.9541146854491,47.3029375021155,0,1778,500
6.15,48.5571902023442,50.644095955927,48.9474002629304,0,1778,500
50,48.5571902023442,48.58735979342,46.9129661658924,0,1778,500
14.5,48.5571902023442,50.0879546651882,48.0178109582789,0,1778,500
81.4,48.5571902023442,47.4146234942612,45.9428459409713,0,1778,500
51.7,48.5571902023442,48.511173446795,46.8161072838977,0,1778,500
22.5,48.5571902023442,49.5722480962522,48.0001099922424,0,1778,500
94.65,48.5571902023442,46.3909035984544,44.9248521799137,0,1778,500
71.45,48.5571902023442,47.8214724083182,46.2857622050877,0,1778,500
7.4,48.5571902023442,50.5726824802733,48.8169393230398,0,1778,500
69.2,48.5571902023442,47.8570191373482,46.1753543351235,0,1778,500
20.75,48.5571902023442,49.6959545977245,47.912402291805,0,1778,500
47.05,48.5571902023442,48.6440804609261,46.9469042056536,0,1778,500
83.8,48.5571902023442,47.2323236102754,45.7477341689268,0,1778,500
27.8,48.5571902023442,49.3459349148035,47.6358174837666,0,1778,500
57.3,48.5571902023442,48.3320884204228,46.6697159560997,0,1778,500
92.4,48.5571902023442,46.5523124530808,45.021410995793,0,1778,500
26.7,48.5571902023442,49.4733864454977,47.8008613820777,0,1778,500
58.45,48.5571902023442,48.2755752913726,46.7314032308699,0,1778,500
12.05,48.5571902023442,50.1072206811906,48.6198548090782,0,1778,500
13.1,48.5571902023442,50.1328552162907,48.3383474596095,0,1778,500
73.7,48.5571902023442,47.6827402444154,46.1059138277652,0,1778,500
86.15,48.5571902023442,47.1275401421642,45.5589881433372,0,1778,500
83.95,48.5571902023442,47.1763397858899,45.606659597694,0,1778,500
12.5,48.5571902023442,50.1986760180506,48.3828082505861,0,1778,500
91.15,48.5571902023442,46.7475441542889,45.214196041053,0,1778,500
81.7,48.5571902023442,47.3170546810405,45.8414702499834,0,1778,500
38.9,48.5571902023442,48.9107993074485,47.2974066233144,0,1778,500
13.85,48.5571902023442,50.1421082964592,48.4785966730505,0,1778,500
36.75,48.5571902023442,49.004652644777,47.456114089292,0,1778,500
39.15,48.5571902023442,48.9432173705616,47.2536632986207,0,1778,500
3.8,48.5571902023442,50.9515117198728,49.5207755691311,0,1778,500
4.15,48.5571902023442,50.9497115629975,49.3064923962204,0,1778,500
67.9,48.5571902023442,47.9966253754441,46.3670393884247,0,1778,500
39.6,48.5571902023442,48.8834493718365,47.2786323436945,0,1778,500
48,48.5571902023442,48.6809210781916,47.122671577626,0,1778,500
69.4,48.5571902023442,47.8801057987682,46.2882144858997,0,1778,500
52.15,48.5571902023442,48.5214228681786,47.017017334037,0,1778,500
76.4,48.5571902023442,47.5923773110693,46.1522204179917,0,1778,500
13.9,48.5571902023442,50.1076281485232,48.5244265901055,0,1778,500
87.8,48.5571902023442,47.0868577289426,45.5796126111683,0,1778,500
16.1,48.5571902023442,49.8433348261991,48.0857715786465,0,1778,500
46.75,48.5571902023442,48.6919035484342,46.9976313675927,0,1778,500
47.3,48.5571902023442,48.7099378011971,46.8261007284792,0,1778,500
63,48.5571902023442,48.1081502017201,46.525434356506,0,1778,500
53.3,48.5571902023442,48.4399397258021,46.8808738840615,0,1778,500
89.95,48.5571902023442,46.8661978384651,45.3305527301137,0,1778,500
25.7,48.5571902023442,49.4570462511354,47.9092036095222,0,1778,500
41.2,48.5571902023442,48.8807853483504,47.2049992211119,0,1778,500
59.05,120,120.046525434321,104,1,1778,500
88.1,120,110.996062992126,104,1,1778,500
98.65,120,100.284991161819,99,1,1778,500
94.95,120,106.558246625422,99,1,1778,500
98.05,120,102.997187851519,98,1,1778,500
94.35,120,107.996625421822,102,1,1778,500
95.6,120,106.718441444819,100,1,1778,500
73.5,120,116.24311023622,104,1,1778,500
97.65,120,103.373101799775,100,1,1778,500
93.85,120,107.037706224222,100,1,1778,500
93.2,120,107.558246625422,100,1,1778,500
74.3,120,116.24311023622,104,1,1778,500
78.4,120,114.792800899888,102,1,1778,500
75.4,120,115.441872890889,101,1,1778,500
94.55,120,107.328646419198,99,1,1778,500
27.7,120,131.38177727784,99,1,1778,500
17.45,120,131.985939257593,107,1,1778,500
93.6,120,109.195950506187,102,1,1778,500
95,120,106.797300337458,102,1,1778,500
38.25,120,125.039848143982,107,1,1778,500
73.25,120,116.109132992991,105,1,1778,500
71.2,120,116.214223222097,102,1,1778,500
2.6,120,143.729330708661,107,1,1778,500
76.3,120,115.629818999898,104,1,1778,500
27.75,120,128.77121163426,103,1,1778,500
36.25,120,127.18638920135,103,1,1778,500
93.2,120,106.383608298963,97,1,1778,500
78.4,120,115.075412448444,101,1,1778,500
91.7,120,108.994938132733,100,1,1778,500
70.05,120,116.991001124859,101,1,1778,500
88.35,120,111.031194761369,103,1,1778,500
90.4,120,108.794488188976,99,1,1778,500
95.95,120,107.569419893942,104,1,1778,500
91.85,120,108.279929294552,98,1,1778,500
93.5,120,107.994938132733,99,1,1778,500
98.95,120,99.6651668541432,97,1,1778,500
97.6,120,103.059652699663,98,1,1778,500
99.6,120,93.8883889513811,93,1,1778,500
87,120,111.904080171797,103,1,1778,500
98.5,120,99.6797474179364,96,1,1778,500
90.9,120,109.162073490814,101,1,1778,500
84.9,120,112.556559336333,102,1,1778,500
37.85,120,126.069788151481,102,1,1778,500
96.5,120,104.31899807167,100,1,1778,500
78.7,120,114.492969628796,102,1,1778,500
86.25,120,111.369727221597,102,1,1778,500
97.95,120,101.246484814398,95,1,1778,500
93.8,120,107.99550056243,100,1,1778,500
69.25,120,117.062389522738,101,1,1778,500
93.25,120,108.195950506187,101,1,1778,500
68.2,120,117.989876265467,100,1,1778,500
84.1,120,112.243672665917,101,1,1778,500
26.35,120,129.9848143982,103,1,1778,500
92.45,120,108.677497699151,101,1,1778,500
84.1,120,111.660667416573,101,1,1778,500
93.95,120,105.279929294552,95,1,1778,500
59.05,120,120.062389522738,104,1,1778,500
85.05,120,112.243672665917,101,1,1778,500
3.45,120,143.4772215973,103,1,1778,500
86.65,120,110.882764654418,100,1,1778,500
97.85,120,101.997750281215,98,1,1778,500
98.8,120,100.373101799775,97,1,1778,500
97.6,120,103.997187851519,99,1,1778,500
92.1,120,108.445247469066,100,1,1778,500
96.9,120,106.038831083615,101,1,1778,500
89.7,120,110.99550056243,103,1,1778,500
96.55,120,104.046597300337,98,1,1778,500
92.8,120,109.037706224222,102,1,1778,500
97.55,120,102.74620359955,96,1,1778,500
96.3,120,105.331458567679,102,1,1778,500
82.1,120,113.391901012373,99,1,1778,500
76,120,115.214223222097,101,1,1778,500
82.4,120,112.992125984252,99,1,1778,500
89.85,120,109.794488188976,100,1,1778,500
95.15,120,106.541773187442,100,1,1778,500
34.2,120,126.23861079865,106,1,1778,500
90.75,120,110.278279668166,105,1,1778,500
75.2,120,115.792800899888,103,1,1778,500
96.05,120,103.637996143339,95,1,1778,500
83.9,120,112.794488188976,103,1,1778,500
95.35,120,107.997187851519,103,1,1778,500
96.35,120,105.718441444819,99,1,1778,500
87.7,120,111.383608298963,102,1,1778,500
73.95,120,115.991001124859,100,1,1778,500
87.05,120,111.24311023622,99,1,1778,500
83.3,120,113.064639241523,101,1,1778,500
84.3,120,112.492969628796,100,1,1778,500
11.4,120,139.642669666292,97,1,1778,500
96.2,120,102.541773187442,96,1,1778,500
93,120,108.994938132733,100,1,1778,500
71.3,120,117.054590832396,103,1,1778,500
52.1,120,121.631246986984,101,1,1778,500
84.35,120,112.794488188976,103,1,1778,500
95.5,120,106.138839787884,99,1,1778,500
95.8,120,106.49690663667,101,1,1778,500
52.2,120,121.128975355353,108,1,1778,500
68.85,120,117.492969628796,105,1,1778,500
83.05,120,113.221520605379,103,1,1778,500
96.75,120,106.679747417936,103,1,1778,500
92.25,120,109.195950506187,102,1,1778,500
97.65,120,103.651228692567,99,1,1778,500
37.45,120,128.648293963255,96,1,1778,500
51.05,120,122.321334833146,101,1,1778,500
88.2,120,110.794488188976,101,1,1778,500
92.6,120,109.541773187442,103,1,1778,500
65.85,120,118.128975355353,105,1,1778,500
14.45,120,136.31458567679,103,1,1778,500
91.6,120,110.195950506187,103,1,1778,500
69.45,120,117.062389522738,101,1,1778,500
76.4,120,115.492969628796,103,1,1778,500
94.4,120,106.558246625422,99,1,1778,500
95.65,120,104.328646419198,96,1,1778,500
98.8,120,97.0405183727034,95,1,1778,500
56.1,120,121.23861079865,101,1,1778,500
23.3,120,133.38177727784,101,1,1778,500
97.4,120,102.49690663667,97,1,1778,500
91,120,108.904080171797,100,1,1778,500
94,120,107.718441444819,101,1,1778,500
79.25,120,114.660667416573,104,1,1778,500
88.05,120,110.882764654418,100,1,1778,500
80.15,120,113.324146981627,97,1,1778,500
97.85,120,101.679747417936,98,1,1778,500
95.35,120,107.49690663667,102,1,1778,500
83.55,120,113.221520605379,103,1,1778,500
78.3,120,114.792800899888,102,1,1778,500
25.4,120,129.037598425197,107,1,1778,500
92.75,120,107.677497699151,100,1,1778,500
48.9,120,123.044275715536,103,1,1778,500
98.65,120,103.373101799775,100,1,1778,500
71.9,120,116.441872890889,102,1,1778,500
92.1,120,109.037706224222,102,1,1778,500
26.6,120,132.38177727784,100,1,1778,500
84.1,120,111.492969628796,99,1,1778,500
65.05,120,118.128975355353,105,1,1778,500
96.7,120,105.997187851519,101,1,1778,500
82.3,120,113.064639241523,101,1,1778,500
97.2,120,103.997187851519,99,1,1778,500
88.35,120,111.383608298963,102,1,1778,500
87.5,120,111.648978973782,103,1,1778,500
86.75,120,111.243672665917,100,1,1778,500
99.05,120,98.2260200429492,96,1,1778,500
90.65,120,110.383608298963,101,1,1778,500
87.25,120,112.534221683828,105,1,1778,500
87.75,120,111.162073490814,103,1,1778,500
98.3,120,102.542898046835,98,1,1778,500
66.45,120,118.046525434321,102,1,1778,500
69.9,120,116.718989671746,102,1,1778,500
94.8,120,106.195950506187,99,1,1778,500
11.85,120,138.079696287964,102,1,1778,500
76.05,120,115.492969628796,103,1,1778,500
83.1,120,112.054590832396,98,1,1778,500
95.9,120,105.718441444819,99,1,1778,500
67.4,120,117.4924071991,104,1,1778,500
94.6,120,105.445247469066,97,1,1778,500
89.45,120,109.556559336333,99,1,1778,500
98.3,120,102.569419893942,99,1,1778,500
90.95,120,109.445247469066,101,1,1778,500
67.5,120,117.718989671746,103,1,1778,500
47.4,120,123.039848143982,105,1,1778,500
63.9,120,118.718989671746,104,1,1778,500
94,120,106.541773187442,100,1,1778,500
26.8,120,128.985939257593,104,1,1778,500
95.1,120,106.032319620762,100,1,1778,500
49,120,123.321334833146,102,1,1778,500
49.6,120,122.631246986984,102,1,1778,500
98,120,103.843990655014,100,1,1778,500
84.45,120,112.075412448444,98,1,1778,500
63.15,120,118.739454443195,100,1,1778,500
77.55,120,115.24311023622,103,1,1778,500
70.45,120,116.792800899888,104,1,1778,500
72.2,120,116.324146981627,100,1,1778,500
73.1,120,116.214223222097,102,1,1778,500
99,120,101.132133483315,99,1,1778,500
97.2,120,104.651228692567,100,1,1778,500
94.7,120,108.046597300337,102,1,1778,500
52.8,120,121.631246986984,101,1,1778,500
15.15,120,133.555359151535,105,1,1778,500
98.8,120,99.4974690663667,95,1,1778,500
90.4,120,109.556559336333,99,1,1778,500
94.9,120,104.994375703037,95,1,1778,500
96.8,120,103.138839787884,96,1,1778,500
85.4,120,112.279929294552,102,1,1778,500
92.5,120,109.637996143339,101,1,1778,500
30.15,120,128.9848143982,102,1,1778,500
97.8,120,103.164323209599,99,1,1778,500
96.5,120,103.09544431946,95,1,1778,500
81.8,120,113.840616076837,104,1,1778,500
65.25,120,118.492969628796,106,1,1778,500
98.45,120,101.081036745407,97,1,1778,500
68.45,120,117.629818999898,106,1,1778,500
95.1,120,105.637996143339,97,1,1778,500
95.2,120,105.558246625422,98,1,1778,500
91.95,120,109.996625421822,104,1,1778,500
54.5,120,120.989876265467,103,1,1778,500
74.35,120,116.214223222097,102,1,1778,500
87,120,111.369727221597,102,1,1778,500
98.5,120,103.553555805524,100,1,1778,500
95.05,120,107.138839787884,100,1,1778,500
94.8,120,106.541773187442,100,1,1778,500
91.7,120,108.445247469066,100,1,1778,500
79.7,120,112.991001124859,97,1,1778,500
83,120,113.904080171797,105,1,1778,500
81.6,120,113.24311023622,101,1,1778,500
30.25,120,127.23861079865,107,1,1778,500
94.2,120,106.496344206974,100,1,1778,500
44.6,120,123.631246986984,103,1,1778,500
75.15,120,115.052341113611,97,1,1778,500
97.25,120,99.9966254218223,94,1,1778,500
81.3,120,114.369727221597,105,1,1778,500
94.55,120,107.996625421822,102,1,1778,500
11.5,120,143.310648668916,103,1,1778,500
66.95,120,118.062389522738,102,1,1778,500
91.45,120,110.195950506187,103,1,1778,500
98.45,120,103.04772215973,99,1,1778,500
93,120,107.994938132733,99,1,1778,500
81.75,120,112.792800899888,100,1,1778,500
89.55,120,109.279929294552,99,1,1778,500
95,120,105.195950506187,98,1,1778,500
67.35,120,117.992125984252,104,1,1778,500
81.2,120,112.989876265467,95,1,1778,500
89.1,120,110.994938132733,102,1,1778,500
98.95,120,99.883555420957,98,1,1778,500
96.1,120,106.776215473066,104,1,1778,500
92.9,120,107.077662167229,97,1,1778,500
86.25,120,112.677497699151,105,1,1778,500
26.45,120,131.066413573303,101,1,1778,500
97.85,120,102.542898046835,98,1,1778,500
96.35,120,104.032319620762,98,1,1778,500
97.15,120,103.164323209599,99,1,1778,500
96,120,105.046597300337,99,1,1778,500
96.9,120,104.246484814398,98,1,1778,500
90.75,120,109.279929294552,99,1,1778,500
85.4,120,112.221520605379,102,1,1778,500
93.8,120,107.195950506187,100,1,1778,500
86.4,120,111.369727221597,102,1,1778,500
97.45,120,104.164323209599,100,1,1778,500
94.15,120,105.994938132733,97,1,1778,500
63.7,120,119.321334833146,98,1,1778,500
94.1,120,107.195950506187,100,1,1778,500
85.5,120,111.882764654418,101,1,1778,500
81.5,120,113.492969628796,101,1,1778,500
90.65,120,109.677497699151,102,1,1778,500
70.2,120,117.054590832396,103,1,1778,500
67.4,120,118.054590832396,104,1,1778,500
91.3,120,110.444867088982,106,1,1778,500
95.55,120,105.49690663667,100,1,1778,500
96.8,120,102.49690663667,97,1,1778,500
90.7,120,109.162073490814,101,1,1778,500
42.65,120,124.23861079865,104,1,1778,500
42.6,120,122.876806264602,109,1,1778,500
0.95,120,151.226237345332,109,1,1778,500
52.25,120,122.129840912743,99,1,1778,500
82.1,120,113.24311023622,101,1,1778,500
65.25,120,119.052341113611,101,1,1778,500
97.7,120,104.373101799775,101,1,1778,500
99.15,120,98.2260200429492,96,1,1778,500
57.5,120,120.128975355353,107,1,1778,500
81.75,120,113.882764654418,103,1,1778,500
97.75,120,103.113632430562,100,1,1778,500
94.65,120,108.038831083615,103,1,1778,500
98.7,120,100.113632430562,97,1,1778,500
89.9,120,110.445247469066,102,1,1778,500
95.8,120,106.139964647276,101,1,1778,500
51.8,120,121.399861949075,105,1,1778,500
69.75,120,117.19088863892,101,1,1778,500
91.3,120,108.445247469066,100,1,1778,500
68.9,120,117.214223222097,103,1,1778,500
40.75,120,124.631246986984,104,1,1778,500
94.7,120,106.996625421822,101,1,1778,500
77.25,120,115.221520605379,105,1,1778,500
96.35,120,105.031064866892,101,1,1778,500
86.95,120,110.24311023622,98,1,1778,500
93.7,120,107.797300337458,103,1,1778,500
94.15,120,107.541773187442,101,1,1778,500
96.25,120,105.164323209599,101,1,1778,500
96.65,120,105.059652699663,100,1,1778,500
30,120,128.883745781777,100,1,1778,500
96.2,120,104.569419893942,101,1,1778,500
82.2,120,112.629818999898,101,1,1778,500
5.85,120,142.642669666292,100,1,1778,500
0.9,120,162.465973003375,102,1,1778,500
88.8,120,109.882764654418,99,1,1778,500
62.25,120,119.046525434321,103,1,1778,500
88,120,112.541773187442,106,1,1778,500
75.95,120,115.629818999898,104,1,1778,500
91.1,120,109.279929294552,99,1,1778,500
97.6,120,101.542898046835,97,1,1778,500
92.15,120,107.648978973782,99,1,1778,500
68.4,120,117.739454443195,99,1,1778,500
86.7,120,111.221520605379,101,1,1778,500
84.35,120,111.992125984252,98,1,1778,500
72.8,120,115.989876265467,98,1,1778,500
88.15,120,111.037706224222,104,1,1778,500
90.65,120,109.383608298963,100,1,1778,500
3.05,120,148.075196850394,104,1,1778,500
57,120,120.046525434321,104,1,1778,500
79.1,120,114.109132992991,103,1,1778,500
77.45,120,114.062389522738,98,1,1778,500
72.3,120,116.046525434321,100,1,1778,500
70.15,120,117.109132992991,106,1,1778,500
97.45,120,101.046597300337,95,1,1778,500
70.3,120,117.128975355353,104,1,1778,500
89.05,120,110.904080171797,102,1,1778,500
92.2,120,109.558246625422,102,1,1778,500
98.05,120,101.553555805524,98,1,1778,500
72.25,120,116.441872890889,102,1,1778,500
86.65,120,110.391901012373,96,1,1778,500
39.3,120,124.321334833146,103,1,1778,500
64.8,120,118.718989671746,104,1,1778,500
97.3,120,104.569419893942,101,1,1778,500
52.05,120,121.441872890889,107,1,1778,500
87.9,120,111.162073490814,103,1,1778,500
21.6,120,133.066413573303,103,1,1778,500
98.65,120,99.3303337082865,94,1,1778,500
31.2,120,128.77121163426,103,1,1778,500
84.75,120,111.992125984252,98,1,1778,500
84.75,120,112.648978973782,104,1,1778,500
80,120,114.064639241523,102,1,1778,500
51.45,120,122.052341113611,104,1,1778,500
95.55,120,106.718441444819,100,1,1778,500
76.55,120,114.492969628796,102,1,1778,500
0,120,227.928008998875,100,1,1778,500
93.6,120,108.677497699151,101,1,1778,500
80.5,120,114.369727221597,105,1,1778,500
97.9,120,102.542898046835,98,1,1778,500
94.9,120,107.558246625422,100,1,1778,500
87.3,120,111.221520605379,101,1,1778,500
96.9,120,105.569419893942,102,1,1778,500
61.45,120,119.588976377953,100,1,1778,500
92.85,120,108.994938132733,100,1,1778,500
83.85,120,113.369727221597,104,1,1778,500
95.7,120,105.31899807167,101,1,1778,500
76.85,120,115.054590832396,101,1,1778,500
97.6,120,103.997187851519,99,1,1778,500
94.35,120,106.994938132733,98,1,1778,500
85.65,120,112.904080171797,104,1,1778,500
74,120,116.24311023622,104,1,1778,500
98.45,120,102.497469066367,98,1,1778,500
25.85,120,129.486220472441,105,1,1778,500
92.2,120,108.445247469066,100,1,1778,500
70.7,120,116.739454443195,98,1,1778,500
84.7,120,113.383608298963,104,1,1778,500
95.15,120,105.99550056243,98,1,1778,500
77.5,120,115.24311023622,103,1,1778,500
83.75,120,112.492969628796,100,1,1778,500
97.45,120,101.843990655014,98,1,1778,500
96.35,120,107.542898046835,103,1,1778,500
97.35,120,104.046597300337,98,1,1778,500
96.15,120,105.246484814398,99,1,1778,500
86.9,120,111.492969628796,99,1,1778,500
40.5,120,126.109181664792,98,1,1778,500
99.2,120,97.9983127109111,95,1,1778,500
96.4,120,104.718441444819,98,1,1778,500
58.75,120,120.631246986984,100,1,1778,500
8.15,120,141.4772215973,101,1,1778,500
90.2,120,110.445247469066,102,1,1778,500
92.4,120,109.037706224222,102,1,1778,500
83.95,120,112.075412448444,98,1,1778,500
94.75,120,106.535346543221,101,1,1778,500
92.5,120,108.037706224222,101,1,1778,500
92,120,109.996062992126,103,1,1778,500
91.6,120,108.677497699151,101,1,1778,500
38.75,120,127.883745781777,99,1,1778,500
62.8,120,118.989876265467,101,1,1778,500
98,120,103.553555805524,100,1,1778,500
95.5,120,105.99550056243,98,1,1778,500
94.1,120,108.195950506187,101,1,1778,500
99.05,120,97.2487345331834,95,1,1778,500
87.5,120,110.882764654418,100,1,1778,500
95.55,120,105.996625421822,100,1,1778,500
94.1,120,105.279929294552,95,1,1778,500
42.05,120,124.631246986984,104,1,1778,500
79.65,120,113.062389522738,97,1,1778,500
97.35,120,103.997187851519,99,1,1778,500
95.2,120,107.779123312711,104,1,1778,500
84.35,120,112.064639241523,100,1,1778,500
9.75,120,141.977502812148,102,1,1778,500
97.2,120,103.665166854143,101,1,1778,500
92.55,120,108.496344206974,102,1,1778,500
95.2,120,106.046597300337,100,1,1778,500
85.35,120,112.221520605379,102,1,1778,500
65.55,120,118.487345331834,96,1,1778,500
79.2,120,114.660667416573,104,1,1778,500
93.05,120,108.994938132733,100,1,1778,500
98.05,120,102.331458567679,99,1,1778,500
69.8,120,117.128975355353,104,1,1778,500
98.6,120,102.113632430562,99,1,1778,500
89.65,120,109.369727221597,100,1,1778,500
92.75,120,108.496344206974,102,1,1778,500
93.3,120,108.541773187442,102,1,1778,500
85.35,120,110.992125984252,97,1,1778,500
90.05,120,110.383608298963,101,1,1778,500
98.55,120,100.113632430562,97,1,1778,500
89.2,120,110.556559336333,100,1,1778,500
92.55,120,107.99550056243,100,1,1778,500
57.75,120,120.739454443195,102,1,1778,500
94.25,120,107.558246625422,100,1,1778,500
83.4,120,113.369727221597,104,1,1778,500
89.7,120,110.677497699151,103,1,1778,500
78.05,120,113.991001124859,98,1,1778,500
97.5,120,101.552430946132,96,1,1778,500
96.3,120,106.31899807167,102,1,1778,500
89.9,120,110.534221683828,103,1,1778,500
93.55,120,106.677497699151,99,1,1778,500
95.5,120,104.328646419198,96,1,1778,500
98.6,120,102.552430946132,97,1,1778,500
78.1,120,114.128975355353,101,1,1778,500
6.85,120,143.310648668916,103,1,1778,500
62.45,120,119.046525434321,103,1,1778,500
58.9,120,119.718989671746,105,1,1778,500
94,120,106.541773187442,100,1,1778,500
83.4,120,112.243672665917,101,1,1778,500
87.1,120,111.495781777278,104,1,1778,500
0.25,120,157.870247469066,105,1,1778,500
63.15,120,119.046525434321,103,1,1778,500
93.05,120,106.556559336333,96,1,1778,500
96,120,106.997187851519,102,1,1778,500
97.1,120,105.552430946132,100,1,1778,500
56.65,120,120.19088863892,104,1,1778,500
86.35,120,111.882764654418,101,1,1778,500
35.3,120,127.9848143982,101,1,1778,500
55.5,120,121.039848143982,103,1,1778,500
98.85,120,99.9074547499744,97,1,1778,500
61.9,120,119.214223222097,105,1,1778,500
93.45,120,108.637996143339,100,1,1778,500
82.55,120,112.792800899888,100,1,1778,500
48.3,120,123.486220472441,99,1,1778,500
97.3,120,103.74620359955,97,1,1778,500
85.65,120,111.075412448444,97,1,1778,500
94.35,120,107.718441444819,101,1,1778,500
95.85,120,103.046597300337,97,1,1778,500
99.1,120,101.226020042949,99,1,1778,500
96.05,120,105.49690663667,100,1,1778,500
90.7,120,107.064639241523,95,1,1778,500
93.65,120,107.99550056243,100,1,1778,500
70.55,120,116.991001124859,101,1,1778,500
96.15,120,103.558246625422,96,1,1778,500
94.9,120,106.541773187442,100,1,1778,500
95.65,120,105.994938132733,97,1,1778,500
98.45,120,102.891230114093,100,1,1778,500
86,120,111.243672665917,100,1,1778,500
77.35,120,115.243672665917,104,1,1778,500
57.3,120,120.739454443195,102,1,1778,500
86.05,120,111.556559336333,101,1,1778,500
27.8,120,129.883745781777,101,1,1778,500
90.5,120,109.994938132733,101,1,1778,500
94.5,120,105.99550056243,98,1,1778,500
92.6,120,108.445247469066,100,1,1778,500
84.95,120,112.369727221597,103,1,1778,500
26.55,120,128.585601799775,103,1,1778,500
82.35,120,113.24311023622,101,1,1778,500
90,120,110.383608298963,101,1,1778,500
61.8,120,119.324146981627,103,1,1778,500
96,120,106.552430946132,101,1,1778,500
83.95,120,112.660667416573,102,1,1778,500
48.5,120,123.044275715536,103,1,1778,500
99.05,120,96.7989876265467,95,1,1778,500
87.35,120,111.648978973782,103,1,1778,500
86.65,120,111.243672665917,100,1,1778,500
96.8,120,104.843990655014,101,1,1778,500
33.4,120,126.985939257593,102,1,1778,500
66.75,120,117.739454443195,99,1,1778,500
86.75,120,111.064639241523,99,1,1778,500
87.75,120,111.648978973782,103,1,1778,500
74.15,120,115.991001124859,100,1,1778,500
85.4,120,111.882764654418,101,1,1778,500
96.95,120,105.74620359955,99,1,1778,500
87,120,111.369727221597,102,1,1778,500
51.1,120,122.321334833146,101,1,1778,500
89.5,120,111.445247469066,103,1,1778,500
99.65,120,99.6150385048023,99,1,1778,500
84.55,120,112.882764654418,102,1,1778,500
32.5,120,127.034180386543,107,1,1778,500
91.45,120,109.445247469066,101,1,1778,500
93.45,120,105.445247469066,97,1,1778,500
77.05,120,114.890494938133,98,1,1778,500
87.6,120,112.445247469066,104,1,1778,500
80.1,120,113.792800899888,101,1,1778,500
96.2,120,105.535346543221,100,1,1778,500
85.95,120,112.529658792651,106,1,1778,500
70.55,120,116.718989671746,102,1,1778,500
97.05,120,105.164323209599,101,1,1778,500
84.3,120,112.556559336333,102,1,1778,500
97.25,120,103.31899807167,99,1,1778,500
91.15,120,108.993250843645,97,1,1778,500
2.15,120,155.870247469066,103,1,1778,500
70.45,120,116.991001124859,101,1,1778,500
74.5,120,115.890494938133,99,1,1778,500
97.2,120,100.396400449944,94,1,1778,500
92.5,120,109.195950506187,102,1,1778,500
9.65,120,137.478908886389,100,1,1778,500
81.2,120,113.075412448444,99,1,1778,500
45.25,120,124.585601799775,99,1,1778,500
94.75,120,107.542898046835,103,1,1778,500
91.6,120,109.994938132733,101,1,1778,500
83.4,120,112.882764654418,102,1,1778,500
96.15,120,106.038831083615,101,1,1778,500
98.65,120,99.5535558055243,96,1,1778,500
77.95,120,114.062389522738,98,1,1778,500
90.65,120,107.492969628796,95,1,1778,500
7.1,26.8519167514429,28.2763906098824,28.0345558546433,-1,3162,500
8.75,26.8519167514429,28.1672208945803,27.9272757744197,-1,3162,500
39.3,26.8519167514429,27.0989870836903,26.8771445007769,-1,3162,500
69.2,26.8519167514429,26.3604240841839,26.1506857914064,-1,3162,500
61.1,26.8519167514429,26.6274216235801,26.4133463662061,-1,3162,500
30.7,26.8519167514429,27.3473730867941,27.1213840845468,-1,3162,500
89.4,26.8519167514429,25.7179666634075,25.5184837316618,-1,3162,500
42,26.8519167514429,27.0584913424367,26.8373211649443,-1,3162,500
31.7,26.8519167514429,27.3165800305003,27.0911071370509,-1,3162,500
79,26.8519167514429,26.0935496334663,25.8881023277492,-1,3162,500
17.6,26.8519167514429,27.7724484011871,27.5392751491514,-1,3162,500
7.75,26.8519167514429,28.2193894836699,27.9785422858006,-1,3162,500
44.15,26.8519167514429,26.9906836323573,26.7706370924124,-1,3162,500
65,26.8519167514429,26.4646999015029,26.2532730452318,-1,3162,500
85.8,26.8519167514429,25.8372332285549,25.6358657470321,-1,3162,500
91.8,26.8519167514429,25.5233116959393,25.3268856644915,-1,3162,500
62.5,26.8519167514429,26.5520170866607,26.3391711187684,-1,3162,500
66.15,26.8519167514429,26.4761967831487,26.2645833442788,-1,3162,500
16.15,26.8519167514429,27.8439359497226,27.60954353409,-1,3162,500
53,26.8519167514429,26.8086849234236,26.5916402476648,-1,3162,500
68.1,26.8519167514429,26.3956489130206,26.1853409668278,-1,3162,500
65.75,26.8519167514429,26.4575544367327,26.2462435029138,-1,3162,500
68.6,26.8519167514429,26.354029668145,26.1443947032613,-1,3162,500
11.4,26.8519167514429,28.0244325063928,27.7869478458554,-1,3162,500
3.9,26.8519167514429,28.5728881392757,28.3258842061127,-1,3162,500
50.15,26.8519167514429,26.872978829805,26.6548760330578,-1,3162,500
82.3,26.8519167514429,26.0009625089748,25.7969936063823,-1,3162,500
24.1,26.8519167514429,27.5419449771841,27.312681319762,-1,3162,500
33.4,26.8519167514429,27.2773672030216,27.0525506918552,-1,3162,500
67.6,26.8519167514429,26.4214658440261,26.2107399018498,-1,3162,500
27.65,26.8519167514429,27.4578095468332,27.2299647582372,-1,3162,500
41.15,26.8519167514429,27.0666980794853,26.8453917162051,-1,3162,500
60.55,26.8519167514429,26.5985108149536,26.3849072935414,-1,3162,500
21.85,26.8519167514429,27.6006594280539,27.3704030178432,-1,3162,500
17.55,26.8519167514429,27.8762411031036,27.6412967150843,-1,3162,500
97.45,26.8519167514429,25.0183524817902,24.8297472881154,-1,3162,500
80.05,26.8519167514429,26.0513829665232,25.8466096217977,-1,3162,500
87.4,26.8519167514429,25.7410158282127,25.5411693779122,-1,3162,500
98.3,26.8519167514429,24.801323057225,24.6160308049871,-1,3162,500
36.6,26.8519167514429,27.2028315751658,26.9792600987614,-1,3162,500
30.3,26.8519167514429,27.3680403055776,27.1417045812385,-1,3162,500
87.1,26.8519167514429,25.8016170085342,25.6008132246303,-1,3162,500
76.95,26.8519167514429,26.1947595186179,25.9876900683596,-1,3162,500
21.25,26.8519167514429,27.5835973462563,27.3536296434102,-1,3162,500
12.45,26.8519167514429,28.0043315999463,27.7671922993607,-1,3162,500
52.6,26.8519167514429,26.8213463427201,26.6040934925602,-1,3162,500
99.6,26.8519167514429,24.4119491786222,24.2325277026437,-1,3162,500
34.25,26.8519167514429,27.235891678611,27.0117683928417,-1,3162,500
91,26.8519167514429,25.609634985626,25.4118562046319,-1,3162,500
68.35,26.8519167514429,26.4193706981318,26.2086786933203,-1,3162,500
17.95,26.8519167514429,27.7389974634082,27.5063936085923,-1,3162,500
67.85,26.8519167514429,26.406248679038,26.1957691642606,-1,3162,500
16.55,26.8519167514429,27.8180527801126,27.5841021453165,-1,3162,500
86.55,26.8519167514429,25.7985535376896,25.597798202719,-1,3162,500
14.35,26.8519167514429,27.9288971599102,27.693051700929,-1,3162,500
18.3,26.8519167514429,27.730070302573,27.4976182880276,-1,3162,500
28.95,26.8519167514429,27.4364040625858,27.2089195617506,-1,3162,500
81.9,26.8519167514429,26.0219472952498,25.817643777888,-1,3162,500
48,26.8519167514429,26.9433910385319,26.7241265021597,-1,3162,500
53.9,26.8519167514429,26.773784139978,26.5573127779047,-1,3162,500
26.15,26.8519167514429,27.4963329353574,27.2678390260399,-1,3162,500
72.85,26.8519167514429,26.2469000288858,26.0389924265311,-1,3162,500
62,26.8519167514429,26.5448243992607,26.3320955074823,-1,3162,500
88.6,26.8519167514429,25.6685636508385,25.469858770303,-1,3162,500
85.1,26.8519167514429,25.9156135429037,25.713002777492,-1,3162,500
67.45,26.8519167514429,26.4389383246395,26.2279292560978,-1,3162,500
15.65,26.8519167514429,27.8673807943881,27.6325878594249,-1,3162,500
93.85,26.8519167514429,25.4320020762725,25.2370019233973,-1,3162,500
75.55,26.8519167514429,26.2437299136682,26.0358733184382,-1,3162,500
73.6,26.8519167514429,26.2789197204651,26.0704965737351,-1,3162,500
11.35,26.8519167514429,28.0841196073033,27.8456079763828,-1,3162,500
6.8,26.8519167514429,28.3686848618333,28.1252468423866,-1,3162,500
27.1,26.8519167514429,27.4777375794498,27.2495571169266,-1,3162,500
17.85,26.8519167514429,27.801339571315,27.5676739825742,-1,3162,500
18.1,26.8519167514429,27.7114648833883,27.4793291667354,-1,3162,500
15.5,26.8519167514429,27.8838623644875,27.6487876642626,-1,3162,500
10.45,26.8519167514429,28.0494418220903,27.8115271210014,-1,3162,500
95.75,26.8519167514429,25.203954933328,25.0124934330673,-1,3162,500
36,26.8519167514429,27.1975020408164,26.9740194570795,-1,3162,500
7.2,26.8519167514429,28.3740000340656,28.1304695237238,-1,3162,500
24.8,26.8519167514429,27.5351162829138,27.3059679480877,-1,3162,500
65.75,26.8519167514429,26.4794233122983,26.2677574955074,-1,3162,500
32.4,26.8519167514429,27.3100118583772,27.0846489754787,-1,3162,500
47,26.8519167514429,26.9317751922528,26.7127025178472,-1,3162,500
79.55,26.8519167514429,26.0431016962402,25.8384605842585,-1,3162,500
73.65,26.8519167514429,26.2651085545506,26.0569078570163,-1,3162,500
99.4,26.8519167514429,24.5513055439562,24.3697936978395,-1,3162,500
24.9,26.8519167514429,27.5278360737008,27.2988106549589,-1,3162,500
4.5,26.8519167514429,28.5119209945288,28.2659843944363,-1,3162,500
9.6,26.8519167514429,28.1307541625857,27.89143861411,-1,3162,500
73.9,26.8519167514429,26.2383562506892,26.0305861034741,-1,3162,500
68.5,26.8519167514429,26.4171362420578,26.2064804281843,-1,3162,500
76.5,26.8519167514429,26.1852892016369,25.9783718053982,-1,3162,500
8.05,26.8519167514429,28.3063403416557,28.0639858981772,-1,3162,500
53.25,26.8519167514429,26.7951734232665,26.5783507895157,-1,3162,500
61.4,26.8519167514429,26.532704375803,26.3201726906573,-1,3162,500
36.35,26.8519167514429,27.2093482876899,26.9856680935595,-1,3162,500
98.55,26.8519167514429,24.8750211541716,24.688607169843,-1,3162,500
69.2,26.8519167514429,26.4077835609924,26.1972791967552,-1,3162,500
98.3,26.8519167514429,24.9043997827268,24.7175377008653,-1,3162,500
8.2,26.8519167514429,28.2607203243665,28.0191572599177,-1,3162,500
1.4,26.8519167514429,29.0240844203362,28.7691103604252,-1,3162,500
63.5,26.8519167514429,26.5353811028222,26.3228058720698,-1,3162,500
57.15,26.8519167514429,26.7279626480121,26.5122428523698,-1,3162,500
66,26.8519167514429,26.476617590184,26.2649973204998,-1,3162,500
53.7,26.8519167514429,26.781962583266,26.5653569416841,-1,3162,500
71.85,26.8519167514429,26.3304250241043,26.1211712700254,-1,3162,500
70.6,26.8519167514429,26.3988558388667,26.1884959924564,-1,3162,500
58.6,26.8519167514429,26.6613726693164,26.446742776126,-1,3162,500
54.85,26.8519167514429,26.7305359435174,26.5147739748914,-1,3162,500
79.15,26.8519167514429,26.0170703899796,25.8128446619989,-1,3162,500
39.55,26.8519167514429,27.117661741485,26.8955087371955,-1,3162,500
13.4,26.8519167514429,27.975017213101,27.7383811257102,-1,3162,500
89.15,26.8519167514429,25.6855822702837,25.4866095326464,-1,3162,500
82.9,26.8519167514429,25.9411728065031,25.7381557946764,-1,3162,500
86.8,26.8519167514429,25.7985535376896,25.597798202719,-1,3162,500
6.25,26.8519167514429,28.3894736842106,28.14567381317,-1,3162,500
45.6,26.8519167514429,26.9803378520642,26.7604625020074,-1,3162,500
47.5,26.8519167514429,26.9210394479549,26.702144024613,-1,3162,500
4,26.8519167514429,28.6446204726396,28.396357811506,-1,3162,500
0.65,26.8519167514429,29.4035266291686,29.141752892827,-1,3162,500
1.95,26.8519167514429,28.7772352199375,28.5266371459223,-1,3162,500
2.05,26.8519167514429,28.748100253683,28.4980161897161,-1,3162,500
14.25,26.8519167514429,27.8762411031037,27.6412967150843,-1,3162,500
72.3,26.8519167514429,26.2783669949574,26.069952752949,-1,3162,500
48.5,26.8519167514429,26.9132106564131,26.6944444444444,-1,3162,500
48.2,26.8519167514429,26.8985801326215,26.6800552907836,-1,3162,500
57.8,26.8519167514429,26.6522726909109,26.4377915278439,-1,3162,500
37.6,26.8519167514429,27.148450147217,26.9257848898273,-1,3162,500
18.65,26.8519167514429,27.7070094416509,27.4749494372142,-1,3162,500
3.05,26.8519167514429,28.8584949241804,28.606460473234,-1,3162,500
30.15,26.8519167514429,27.3777856908075,27.1512863823247,-1,3162,500
8.8,26.8519167514429,28.162617707224,27.9227521029525,-1,3162,500
72.05,26.8519167514429,26.2960657514641,26.0873662787664,-1,3162,500
37.4,26.8519167514429,27.2263953583396,27.0024306455795,-1,3162,500
71.9,26.8519167514429,26.3290378323702,26.1198064704899,-1,3162,500
68.65,26.8519167514429,26.3794867193109,26.1694402420575,-1,3162,500
48.4,26.8519167514429,26.8872921934686,26.6689534865111,-1,3162,500
92.75,26.8519167514429,25.5003903479455,25.3043227373962,-1,3162,500
34.6,26.8519167514429,27.2336653842381,27.0095792789337,-1,3162,500
29.6,26.8519167514429,27.4471026312755,27.2194380921268,-1,3162,500
80.65,26.8519167514429,26.0158514492754,25.81164516179,-1,3162,500
59.7,26.8519167514429,26.6186283595922,26.404696635979,-1,3162,500
92.9,26.8519167514429,25.521617232504,25.3252177084758,-1,3162,500
83.5,26.8519167514429,26.0070513787917,25.8029854135913,-1,3162,500
56.4,26.8519167514429,26.7308218958269,26.5150552405603,-1,3162,500
72.65,26.8519167514429,26.2989717304819,26.0902254069485,-1,3162,500
13.15,26.8519167514429,27.9538925371131,27.7176187492723,-1,3162,500
72.75,26.8519167514429,26.2673173654583,26.0590810996779,-1,3162,500
92.3,26.8519167514429,25.5983537281859,25.4007519943092,-1,3162,500
73.7,26.8519167514429,26.2600021018339,26.0518836214309,-1,3162,500
28.55,26.8519167514429,27.4327895308881,27.2053658403853,-1,3162,500
97.7,26.8519167514429,25.0674193936719,24.8780611610142,-1,3162,500
42.3,26.8519167514429,27.0488255033558,26.8278156712693,-1,3162,500
9.25,26.8519167514429,28.1185668228954,27.8794614972785,-1,3162,500
53.35,26.8519167514429,26.7736407031004,26.5571716957076,-1,3162,500
32.55,26.8519167514429,27.3490193288532,27.1230027182022,-1,3162,500
83.25,26.8519167514429,25.9283868758561,25.7255731377846,-1,3162,500
63.1,26.8519167514429,26.5424277026848,26.3297378150906,-1,3162,500
9.85,26.8519167514429,28.0915391620106,27.852899717522,-1,3162,500
1.9,26.8519167514429,28.8768374705312,28.624478227261,-1,3162,500
59.6,26.8519167514429,26.6352269638489,26.4210242587601,-1,3162,500
54.05,26.8519167514429,26.7943114494813,26.5775029772031,-1,3162,500
26.7,26.8519167514429,27.4833286588686,27.2550539744848,-1,3162,500
70,26.8519167514429,26.3481939970371,26.1386533092118,-1,3162,500
49.2,26.8519167514429,26.9061106923657,26.6874616300361,-1,3162,500
57.45,26.8519167514429,26.6737529222131,26.4589206040045,-1,3162,500
16.9,26.8519167514429,27.8371117597256,27.6028358612769,-1,3162,500
79.05,26.8519167514429,26.0560010427529,25.8511539396321,-1,3162,500
18.4,26.8519167514429,27.7741462194682,27.5409440490095,-1,3162,500
71.1,26.8519167514429,26.2950972344994,26.0864133752877,-1,3162,500
6.15,26.8519167514429,28.371100602331,28.1276205480223,-1,3162,500
97.75,26.8519167514429,25.043426624239,24.8544367989818,-1,3162,500
15.2,26.8519167514429,27.8933558822545,27.6581188069512,-1,3162,500
33.7,26.8519167514429,27.2669492912562,27.0423070057286,-1,3162,500
36.45,26.8519167514429,27.1923225508067,26.9689263403213,-1,3162,500
70.8,26.8519167514429,26.3205791269908,26.1114842807373,-1,3162,500
50.25,26.8519167514429,26.8517537449763,26.634000543429,-1,3162,500
41.8,26.8519167514429,27.0926699952836,26.87093237011,-1,3162,500
66.7,26.8519167514429,26.458254801889,26.2469325072848,-1,3162,500
66.3,26.8519167514429,26.4747941896316,26.2632035177859,-1,3162,500
22.7,26.8519167514429,27.5732485130707,27.3434558352978,-1,3162,500
49.85,26.8519167514429,26.8562269930409,26.6384001364126,-1,3162,500
34.85,26.8519167514429,27.2660566976562,27.0414293364491,-1,3162,500
84.55,26.8519167514429,25.9066125470437,25.7041447500347,-1,3162,500
0.9,26.8519167514429,29.2135980218509,28.9552389226759,-1,3162,500
50.6,26.8519167514429,26.825233494364,26.6079167132387,-1,3162,500
91.8,26.8519167514429,25.5180986810864,25.321754194019,-1,3162,500
92.7,26.8519167514429,25.474523137151,25.2788596220652,-1,3162,500
42.15,26.8519167514429,27.0581983367263,26.8370330207165,-1,3162,500
92.65,26.8519167514429,25.4677725118484,25.2722143864598,-1,3162,500
20.6,26.8519167514429,27.6939586381168,27.462120338173,-1,3162,500
35.6,26.8519167514429,27.2219462374377,26.9980557985807,-1,3162,500
29.7,26.8519167514429,27.3846866198341,27.1580714382724,-1,3162,500
77.6,26.8519167514429,26.1247863247864,25.9188390468488,-1,3162,500
68,26.8519167514429,26.4136456610097,26.2030463770547,-1,3162,500
8.3,26.8519167514429,28.2653556400163,28.0237122244085,-1,3162,500
2.15,26.8519167514429,28.9692369226489,28.7152384070583,-1,3162,500
75.3,26.8519167514429,26.1970938369844,25.989986898746,-1,3162,500
19.25,26.8519167514429,27.7080847619259,27.4760064854764,-1,3162,500
40,26.8519167514429,27.086796277527,26.8651562214508,-1,3162,500
68.6,26.8519167514429,26.3923033862144,26.1820495765619,-1,3162,500
88.05,26.8519167514429,25.7228644664512,25.5233043167488,-1,3162,500
40.7,26.8519167514429,27.0568798895536,26.835736448257,-1,3162,500
23.25,26.8519167514429,27.5723357535365,27.3425585096782,-1,3162,500
64.3,26.8519167514429,26.4872824986618,26.2754890727328,-1,3162,500
51.85,26.8519167514429,26.7862690343087,26.5695926697564,-1,3162,500
30.85,26.8519167514429,27.359350278929,27.1331603742863,-1,3162,500
36.6,26.8519167514429,27.1954300080539,26.9719819795516,-1,3162,500
69.45,26.8519167514429,26.3408336232251,26.131411814518,-1,3162,500
14.5,26.8519167514429,27.9036348408711,27.668221893835,-1,3162,500
11.45,26.8519167514429,28.0236467731716,27.7861756172393,-1,3162,500
16.2,26.8519167514429,27.7667390809133,27.5336630609592,-1,3162,500
52.35,26.8519167514429,26.8046587965223,26.5876802961324,-1,3162,500
58.55,26.8519167514429,26.6291242167186,26.415021162148,-1,3162,500
99.55,26.8519167514429,24.4970294991324,24.3163332311868,-1,3162,500
81.15,26.8519167514429,25.9977162773761,25.7937991135694,-1,3162,500
1.4,26.8519167514429,29.0146479952626,28.7598419081479,-1,3162,500
21.85,26.8519167514429,27.5928874705302,27.3627625918182,-1,3162,500
85,26.8519167514429,25.8690640108497,25.667192080794,-1,3162,500
4.9,26.8519167514429,28.4880291404923,28.2425101832131,-1,3162,500
20.55,26.8519167514429,27.7033232628399,27.4713258891282,-1,3162,500
89.85,26.8519167514429,25.6701458268057,25.4714160518485,-1,3162,500
80.85,26.8519167514429,25.9983925087788,25.7944645676604,-1,3162,500
47.2,26.8519167514429,26.9016208127211,26.6830458174986,-1,3162,500
57.5,26.8519167514429,26.6603770565265,26.4457634381298,-1,3162,500
48.1,26.8519167514429,26.9351137221085,26.7159859128585,-1,3162,500
41.85,26.8519167514429,27.0589308629008,26.8377533928878,-1,3162,500
31.8,26.8519167514429,27.3249440929943,27.0993310710452,-1,3162,500
4.4,26.8519167514429,28.6023236514523,28.3548035801391,-1,3162,500
9.75,26.8519167514429,28.1013326585695,27.8625244536593,-1,3162,500
86.5,26.8519167514429,25.803748547825,25.6029110501086,-1,3162,500
57.45,26.8519167514429,26.6887099272108,26.4736329262739,-1,3162,500
35.9,26.8519167514429,27.2326265714146,27.0085578138675,-1,3162,500
0.75,26.8519167514429,29.2353020322683,28.9765538507909,-1,3162,500
41.35,26.8519167514429,27.1010444458906,26.8791676748125,-1,3162,500
68.9,26.8519167514429,26.3994136446476,26.189044770177,-1,3162,500
70.35,26.8519167514429,26.3690475562333,26.1591698760884,-1,3162,500
5.5,26.8519167514429,28.3786725874777,28.1350607542646,-1,3162,500
70.75,26.8519167514429,26.3412501383596,26.131821603312,-1,3162,500
6.6,26.8519167514429,28.3132361522642,28.0707619742827,-1,3162,500
52.35,26.8519167514429,26.7845462877111,26.5678982164495,-1,3162,500
40.9,26.8519167514429,27.0703634088607,26.8489962082559,-1,3162,500
46.05,26.8519167514429,26.9640338619086,26.7444281571993,-1,3162,500
55.2,26.8519167514429,26.7732104016886,26.55674845811,-1,3162,500
63,26.8519167514429,26.5099036686542,26.2977427313424,-1,3162,500
61.55,26.8519167514429,26.6267122740279,26.412648597242,-1,3162,500
54.9,26.8519167514429,26.7562961773209,26.5401118065842,-1,3162,500
41.8,26.8519167514429,27.0251295140654,26.8045125279486,-1,3162,500
68.75,26.8519167514429,26.3973219945067,26.186986972305,-1,3162,500
66.2,26.8519167514429,26.4710079293195,26.2594787103281,-1,3162,500
96.2,26.8519167514429,25.1926471848488,25.001360312872,-1,3162,500
36.55,26.8519167514429,27.1869971330806,26.9636897120851,-1,3162,500
1.2,26.8519167514429,29.158372862369,28.9010024627979,-1,3162,500
66.95,26.8519167514429,26.440896681622,26.2298558678623,-1,3162,500
83.55,26.8519167514429,25.9083585200086,25.7058629945391,-1,3162,500
91.8,26.8519167514429,25.52761403688,25.3311206935866,-1,3162,500
1.85,26.8519167514429,29.075248861144,28.8193630955126,-1,3162,500
0.25,26.8519167514429,29.6326178476135,29.3666958427078,-1,3162,500
92.5,26.8519167514429,25.5334832034744,25.3368980162793,-1,3162,500
75.05,26.8519167514429,26.201626348737,25.9944466110288,-1,3162,500
68.85,26.8519167514429,26.4076440188961,26.1971419138801,-1,3162,500
58.45,26.8519167514429,26.6699095445207,26.4551400781093,-1,3162,500
46.1,26.8519167514429,26.9739303622223,26.754161002708,-1,3162,500
55.05,26.8519167514429,26.723532022523,26.5078848295244,-1,3162,500
71.95,26.8519167514429,26.3191929724777,26.1101204932546,-1,3162,500
48.7,26.8519167514429,26.895105911224,26.6766383666761,-1,3162,500
99,26.8519167514429,24.5788360621069,24.3969098327054,-1,3162,500
39.75,26.8519167514429,27.1070713754929,26.8850944370348,-1,3162,500
60.65,26.8519167514429,26.6087074583636,26.3949376178081,-1,3162,500
12.45,26.8519167514429,27.9490461889503,27.7128554797938,-1,3162,500
66.9,26.8519167514429,26.4121100975615,26.2015356796562,-1,3162,500
65.7,26.8519167514429,26.4618972984994,26.2505159132321,-1,3162,500
11.05,26.8519167514429,28.0918549747049,27.8532100890902,-1,3162,500
10.1,26.8519167514429,28.1014906741491,27.8626797458477,-1,3162,500
68.95,26.8519167514429,26.391467137018,26.1812268582771,-1,3162,500
13.4,26.8519167514429,27.8897756000648,27.6545997676606,-1,3162,500
70.85,26.8519167514429,26.3363916145828,26.1270415336131,-1,3162,500
77.25,26.8519167514429,26.1007724407352,25.8952095808383,-1,3162,500
55.3,26.8519167514429,26.7335387479338,26.5177275620624,-1,3162,500
80.3,26.8519167514429,26.0566803097057,25.8518223564455,-1,3162,500
36.95,26.8519167514429,27.2016470537007,26.9780953357474,-1,3162,500
52.25,26.8519167514429,26.8168847057814,26.5997052235034,-1,3162,500
1.65,26.8519167514429,28.9484290646216,28.6948001630151,-1,3162,500
76.3,26.8519167514429,26.1604792864098,25.9539599719648,-1,3162,500
13.5,26.8519167514429,27.9387337526206,27.702719776566,-1,3162,500
4.45,26.8519167514429,28.5049280751988,28.259113751604,-1,3162,500
55.8,26.8519167514429,26.7362561523647,26.5204004222789,-1,3162,500
50.45,26.8519167514429,26.8579589730912,26.640103594914,-1,3162,500
53.4,26.8519167514429,26.7683346188456,26.5519527079781,-1,3162,500
20.3,26.8519167514429,27.6629930587077,27.4316803757703,-1,3162,500
73.2,26.8519167514429,26.2912238799689,26.0826024574127,-1,3162,500
74.9,26.8519167514429,26.2327093875323,26.025030064189,-1,3162,500
94.9,26.8519167514429,25.2943995950905,25.1015384924381,-1,3162,500
36.4,26.8519167514429,27.1946900728633,26.9712543835986,-1,3162,500
90,26.8519167514429,25.6070105501556,25.4092729638515,-1,3162,500
54.6,26.8519167514429,26.7538611433803,26.5377167185128,-1,3162,500
44.8,26.8519167514429,26.952836294211,26.7334156867149,-1,3162,500
67.65,26.8519167514429,26.4049929992339,26.1945338126028,-1,3162,500
5.8,26.8519167514429,28.403349834327,28.1593082859235,-1,3162,500
19,26.8519167514429,27.6550329256821,27.423855264385,-1,3162,500
46.5,26.8519167514429,26.9433910385319,26.7241265021597,-1,3162,500
21.2,26.8519167514429,27.6362223709169,27.4053636234061,-1,3162,500
13.6,26.8519167514429,27.9147009702339,27.6790986102652,-1,3162,500
68.8,26.8519167514429,26.3904915799313,26.1802670856245,-1,3162,500
10.9,26.8519167514429,28.0931182964945,27.8544516445371,-1,3162,500
89.4,26.8519167514429,25.6302555055235,25.4321529046076,-1,3162,500
71.1,26.8519167514429,26.3240451521489,26.114894372819,-1,3162,500
0.4,26.8519167514429,29.4589905920634,29.1962155059133,-1,3162,500
67.55,26.8519167514429,26.4263558103135,26.2155506494732,-1,3162,500
83.6,26.8519167514429,25.9425194275303,25.7394810009268,-1,3162,500
66.95,26.8519167514429,26.4761967831487,26.2645833442788,-1,3162,500
18.2,26.8519167514429,27.7597984757927,27.526840630145,-1,3162,500
70.1,26.8519167514429,26.3566704638947,26.1469928292354,-1,3162,500
1.55,26.8519167514429,28.9115853658537,28.6586102719033,-1,3162,500
20.85,26.8519167514429,27.6729496713605,27.441468047032,-1,3162,500
28.4,26.8519167514429,27.4132273565034,27.1861326372461,-1,3162,500
46.75,26.8519167514429,26.9371462759937,26.7179848963427,-1,3162,500
78.3,26.8519167514429,26.1060898909274,25.900441939144,-1,3162,500
33.05,26.8519167514429,27.2883890836419,27.0633881733877,-1,3162,500
74.95,26.8519167514429,26.2009395037198,25.9937707986689,-1,3162,500
98.4,26.8519167514429,24.8014461394925,24.6161520166631,-1,3162,500
85.25,26.8519167514429,25.8848747591522,25.6827520305781,-1,3162,500
0.15,26.8519167514429,29.792488598766,29.5236525991283,-1,3162,500
39.5,26.8519167514429,27.1382778263491,26.9157818792669,-1,3162,500
11.85,26.8519167514429,27.9203153195935,27.6846168329881,-1,3162,500
32.6,26.8519167514429,27.3100118583772,27.0846489754787,-1,3162,500
54.15,26.8519167514429,26.7574422290279,26.5412390564525,-1,3162,500
88.2,26.8519167514429,25.727234351432,25.5276052943339,-1,3162,500
39.55,26.8519167514429,27.0970769556094,26.8752661118637,-1,3162,500
43.85,26.8519167514429,27.0043930748282,26.784119585309,-1,3162,500
77.8,26.8519167514429,26.1336662657533,25.92757674614,-1,3162,500
77.05,26.8519167514429,26.170479836197,25.9638001059509,-1,3162,500
71.95,26.8519167514429,26.3022936359235,26.0934937495107,-1,3162,500
99.7,26.8519167514429,24.0562471118299,23.8821067717664,-1,3162,500
24.05,26.8519167514429,27.5319307176148,27.3028361705962,-1,3162,500
28.95,26.8519167514429,27.3828860421028,27.156301096764,-1,3162,500
75.8,26.8519167514429,26.1803508845455,25.9735127552346,-1,3162,500
54.35,26.8519167514429,26.7412633437676,26.525325522906,-1,3162,500
77,26.8519167514429,26.1877590588729,25.9808020123067,-1,3162,500
74,26.8519167514429,26.2196345283128,26.0121654248012,-1,3162,500
4.55,26.8519167514429,28.5259171313923,28.2797357077398,-1,3162,500
75.95,26.8519167514429,26.186524072017,25.9795868520203,-1,3162,500
1.65,26.8519167514429,28.9801562219117,28.7259636380353,-1,3162,500
24.85,26.8519167514429,27.4940638616259,27.2656082116619,-1,3162,500
8.5,26.8519167514429,28.1467561798449,27.9071644690567,-1,3162,500
18.5,26.8519167514429,27.7314551750161,27.4989796086758,-1,3162,500
12.7,26.8519167514429,27.9709462749554,27.7343800277393,-1,3162,500
34.55,26.8519167514429,27.2547555681595,27.0303171213063,-1,3162,500
61.2,26.8519167514429,26.5789890759789,26.3657037978556,-1,3162,500
74.85,26.8519167514429,26.2521392888473,26.0441473732469,-1,3162,500
92.35,26.8519167514429,25.5144508375411,25.3181634017381,-1,3162,500
73.65,26.8519167514429,26.2499330297348,26.0419766206164,-1,3162,500
48.8,26.8519167514429,26.8982905798896,26.6797705136758,-1,3162,500
36.6,26.8519167514429,27.200758730297,26.9772218294848,-1,3162,500
36.55,26.8519167514429,27.2330717672062,27.0089955751495,-1,3162,500
5.1,26.8519167514429,28.5024894916646,28.2567178014673,-1,3162,500
91.95,26.8519167514429,25.5233116959394,25.3268856644915,-1,3162,500
10.2,26.8519167514429,28.1642048432455,27.924311824113,-1,3162,500
21.35,26.8519167514429,27.6632993091844,27.4319814307742,-1,3162,500
76.95,26.8519167514429,26.1569192923689,25.9504570678101,-1,3162,500
6.6,26.8519167514429,28.2948013859952,28.0526472321203,-1,3162,500
9.05,26.8519167514429,28.1886693477881,27.9483535528596,-1,3162,500
36.15,26.8519167514429,27.1964659849693,26.973000679839,-1,3162,500
77.2,26.8519167514429,26.1242400639836,25.9183015346329,-1,3162,500
14.6,26.8519167514429,27.8779516358464,27.6429780033841,-1,3162,500
45.55,26.8519167514429,26.9730568494001,26.7533019372792,-1,3162,500
84,26.8519167514429,25.8706710012735,25.6687735873277,-1,3162,500
68.6,26.8519167514429,26.4084812935955,26.1979656327134,-1,3162,500
95.75,26.8519167514429,25.3715769593957,25.1775175644028,-1,3162,500
36.35,26.8519167514429,27.1988342286154,26.9753294266196,-1,3162,500
30.4,26.8519167514429,27.3487199973733,27.1227084068036,-1,3162,500
97.8,26.8519167514429,24.8694507616285,24.6831216795371,-1,3162,500
23.45,26.8519167514429,27.549688259712,27.3202937993901,-1,3162,500
92.95,26.8519167514429,25.5300918002974,25.3335596862141,-1,3162,500
50.1,26.8519167514429,26.8256654696534,26.6083415833679,-1,3162,500
88.9,26.8519167514429,25.6990548379135,25.4998699278227,-1,3162,500
18,26.8519167514429,27.7056270096463,27.4735904946664,-1,3162,500
24.1,26.8519167514429,27.5537894075227,27.3243256538493,-1,3162,500
67.55,26.8519167514429,26.434043701106,26.223113964687,-1,3162,500
8.95,26.8519167514429,28.1478659051739,27.9082550369291,-1,3162,500
48.95,26.8519167514429,26.9008967789166,26.6823337265221,-1,3162,500
94.65,26.8519167514429,25.2393412320839,25.0473327421125,-1,3162,500
66.45,26.8519167514429,26.4550334291477,26.24376338667,-1,3162,500
51.45,26.8519167514429,26.8438210032713,26.6261983893647,-1,3162,500
51.5,26.8519167514429,26.8037962123691,26.5868318885284,-1,3162,500
75.3,26.8519167514429,26.172946900384,25.9662275872099,-1,3162,500
32.4,26.8519167514429,27.3015077847583,27.0762872973661,-1,3162,500
12.05,26.8519167514429,27.9538925371131,27.7176187492723,-1,3162,500
42.05,26.8519167514429,27.0391665674743,26.8183169086998,-1,3162,500
27.4,26.8519167514429,27.4306814938416,27.2032932649141,-1,3162,500
80.45,26.8519167514429,26.0562727452842,25.8514213022096,-1,3162,500
17.4,26.8519167514429,27.7848009073422,27.5514172182511,-1,3162,500
81.2,26.8519167514429,26.0833355080141,25.8780515581323,-1,3162,500
49.2,26.8519167514429,26.9281472940061,26.7091345254823,-1,3162,500
65.35,26.8519167514429,26.458675038781,26.2473459272716,-1,3162,500
64.15,26.8519167514429,26.5341131121777,26.3215585099381,-1,3162,500
33.9,26.8519167514429,27.2721572522334,27.0474278788928,-1,3162,500
61.15,26.8519167514429,26.5918588873813,26.3783638320775,-1,3162,500
99.15,26.8519167514429,24.5636142008229,24.381917145449,-1,3162,500
88.75,26.8519167514429,25.6456439967364,25.4472995673199,-1,3162,500
15.1,26.8519167514429,27.9173519093693,27.6817041635058,-1,3162,500
91.15,26.8519167514429,25.6398547044066,25.4416012702678,-1,3162,500
45.8,26.8519167514429,26.9756775576079,26.7558792990869,-1,3162,500
71.5,26.8519167514429,26.2901174168298,26.0815138282387,-1,3162,500
49.95,26.8519167514429,26.8721118429897,26.6540233316983,-1,3162,500
92.75,26.8519167514429,25.4150592207978,25.2203230786306,-1,3162,500
45.1,26.8519167514429,26.9702910986628,26.7505819273434,-1,3162,500
94.2,26.8519167514429,25.3952995579044,25.2008710950693,-1,3162,500
10.95,26.8519167514429,28.0625147400694,27.8243750939238,-1,3162,500
35.05,26.8519167514429,27.2071263304026,26.9834832079281,-1,3162,500
52.1,26.8519167514429,26.8144386317908,26.5972993679372,-1,3162,500
98.35,26.8519167514429,24.8912514008219,24.7045899306173,-1,3162,500
67.35,26.8519167514429,26.4080626496093,26.1975537668218,-1,3162,500
87.85,26.8519167514429,25.7145260796411,25.515097382712,-1,3162,500
13.25,26.8519167514429,27.9379528175314,27.7019522223638,-1,3162,500
24.15,26.8519167514429,27.5455883325617,27.3162631345999,-1,3162,500
12.85,26.8519167514429,27.9687547220497,27.732226068433,-1,3162,500
87.8,26.8519167514429,25.8572855117605,25.6556003181853,-1,3162,500
71.1,26.8519167514429,26.3065856727009,26.0977165707842,-1,3162,500
26.7,26.8519167514429,27.4415262799535,27.2139555899116,-1,3162,500
64.85,26.8519167514429,26.5124351452005,26.3002330609904,-1,3162,500
19.6,26.8519167514429,27.6704981479329,27.4390581261321,-1,3162,500
12.8,26.8519167514429,27.9592098196303,27.722844863441,-1,3162,500
14.35,26.8519167514429,27.8840179438251,27.6489405830526,-1,3162,500
1.5,26.8519167514429,28.9673898552657,28.713424160272,-1,3162,500
69.15,26.8519167514429,26.412528869886,26.2019476707619,-1,3162,500
57.8,26.8519167514429,26.714960789869,26.4994540153724,-1,3162,500
65.35,26.8519167514429,26.4962701404464,26.2843307359854,-1,3162,500
20.9,26.8519167514429,27.6531966224367,27.4220501033993,-1,3162,500
70.1,26.8519167514429,26.3191929724777,26.1101204932546,-1,3162,500
14.5,26.8519167514429,27.924995669496,27.689217032967,-1,3162,500
43.3,26.8519167514429,27.0324386602623,26.8117005357919,-1,3162,500
90.8,26.8519167514429,25.613966480447,25.4161197004438,-1,3162,500
37.6,26.8519167514429,27.1869971330805,26.9636897120851,-1,3162,500
31.2,26.8519167514429,27.3279324996036,27.1022694005009,-1,3162,500
93.9,26.8519167514429,25.3934930184346,25.1990926733372,-1,3162,500
18.95,26.8519167514429,27.7353027687902,27.5027617622464,-1,3162,500
4.1,26.8519167514429,28.5208704287085,28.2747772970221,-1,3162,500
27.7,26.8519167514429,27.4342954700161,27.2068464448012,-1,3162,500
36.3,26.8519167514429,27.1997224263205,26.9762028103348,-1,3162,500
86.6,26.8519167514429,25.8185458039719,25.6174741858618,-1,3162,500
5.15,26.8519167514429,28.4453836039821,28.2006092401422,-1,3162,500
44.9,26.8519167514429,26.9991410048623,26.7789544731387,-1,3162,500
20.75,26.8519167514429,27.6406550740029,27.4097211941772,-1,3162,500
70.25,26.8519167514429,26.3455548995213,26.1360568402231,-1,3162,500
17.85,26.8519167514429,27.7806307082544,27.5473180731124,-1,3162,500
60.55,26.8519167514429,26.5927078843606,26.3791989868609,-1,3162,500
3.85,26.8519167514429,28.6423220866456,28.3940998057502,-1,3162,500
21,26.8519167514429,27.6757081545065,27.4441797140912,-1,3162,500
56.45,26.8519167514429,26.7246752691163,26.5090093434156,-1,3162,500
19.75,26.8519167514429,27.6835268440762,27.4518656818868,-1,3162,500
36.05,26.8519167514429,27.2234291161651,26.9995139233943,-1,3162,500
27.4,26.8519167514429,27.4290254062866,27.2016650342801,-1,3162,500
88.1,26.8519167514429,25.7506981872894,25.5506989343487,-1,3162,500
78.3,26.8519167514429,26.1220552491964,25.9161517086928,-1,3162,500
74.35,26.8519167514429,26.243867728841,26.0360089162952,-1,3162,500
75.6,26.8519167514429,26.2123457955691,26.004993835734,-1,3162,500
11.3,26.8519167514429,28.0131221973094,27.7758318933665,-1,3162,500
91.2,26.8519167514429,25.5257886241981,25.3293238416133,-1,3162,500
14.5,26.8519167514429,27.8978714615072,27.6625571332131,-1,3162,500
78.8,26.8519167514429,26.084969230689,25.8796591567962,-1,3162,500
70.75,26.8519167514429,26.3765629205834,26.1665637267731,-1,3162,500
41.15,26.8519167514429,27.0734430527867,26.8520247296869,-1,3162,500
55.25,26.8519167514429,26.7143895698471,26.4988921517699,-1,3162,500
35.45,26.8519167514429,27.2433152893847,27.019068002724,-1,3162,500
6.35,26.8519167514429,28.3167655408047,28.0742300694117,-1,3162,500
26.9,26.8519167514429,27.4674680121356,27.2394605639559,-1,3162,500
65.05,26.8519167514429,26.4795636140136,26.2678955194863,-1,3162,500
98.2,26.8519167514429,24.9616201069882,24.7738837405223,-1,3162,500
70.9,26.8519167514429,26.3169754289145,26.1079387295735,-1,3162,500
0.3,26.8519167514429,29.3926317584854,29.1310544962939,-1,3162,500
77.1,26.8519167514429,26.167876217405,25.9612382569679,-1,3162,500
69.4,26.8519167514429,26.3584776291015,26.1487707919238,-1,3162,500
78.3,26.8519167514429,26.080204778157,25.8749708855453,-1,3162,500
67.5,26.8519167514429,26.404713975495,26.194259305835,-1,3162,500
74.75,26.8519167514429,26.2520013867877,26.0440116906053,-1,3162,500
81.3,26.8519167514429,26.0043448623954,25.8003220445701,-1,3162,500
12.05,26.8519167514429,28.0390551799591,27.8013191262179,-1,3162,500
43.5,26.8519167514429,27.03097651475,26.8102626258293,-1,3162,500
71.15,26.8519167514429,26.3654305746799,26.1556113639931,-1,3162,500
31.9,26.8519167514429,27.3219563398994,27.0963933786465,-1,3162,500
0.55,26.8519167514429,29.4548235377326,29.1921237496277,-1,3162,500
85.5,26.8519167514429,25.7952245030686,25.5945218103625,-1,3162,500
77.4,26.8519167514429,26.0916423894998,25.8862255914747,-1,3162,500
69.4,26.8519167514429,26.3949518583267,26.1846551922815,-1,3162,500
29.45,26.8519167514429,27.3906902561742,27.1639742440297,-1,3162,500
26.8,26.8519167514429,27.4689777611662,27.2409448818898,-1,3162,500
48.55,26.8519167514429,26.8959743824337,26.6774925156491,-1,3162,500
9.25,26.8519167514429,28.1673796520181,27.9274317892338,-1,3162,500
15.6,26.8519167514429,27.8799734452057,27.6449652441756,-1,3162,500
84,26.8519167514429,25.9091644330619,25.7066561079458,-1,3162,500
86.65,26.8519167514429,25.8112117095947,25.610256147541,-1,3162,500
11.2,26.8519167514429,28.0010365481267,27.7639538370969,-1,3162,500
45.35,26.8519167514429,26.9608336075701,26.741280811366,-1,3162,500
61.45,26.8519167514429,26.5912929195112,26.3778070915998,-1,3162,500
17.4,26.8519167514429,27.7886633192654,27.5552138108939,-1,3162,500
49.5,26.8519167514429,26.8634450506625,26.6454993177554,-1,3162,500
61.35,26.8519167514429,26.5559676707991,26.3430573852558,-1,3162,500
8.55,26.8519167514429,28.1942353910208,27.9538233567255,-1,3162,500
61.2,48.5571902023442,48.2477166441745,47.3764691328709,0,3162,500
25,48.5571902023442,49.2416232084007,48.3763832071924,0,3162,500
9,48.5571902023442,49.9851229896934,49.0361546111407,0,3162,500
74.7,48.5571902023442,47.9073811545303,47.0837139330618,0,3162,500
37,48.5571902023442,48.9303553203171,47.9750985511259,0,3162,500
73.05,48.5571902023442,47.9216281395774,46.9084903689182,0,3162,500
56.65,48.5571902023442,48.36977394255,47.4191083643801,0,3162,500
63.1,48.5571902023442,48.226998010026,47.3128748611873,0,3162,500
0.45,48.5571902023442,51.262290634623,50.2644707915591,0,3162,500
76,48.5571902023442,47.8507731199135,47.0051784387156,0,3162,500
23.85,48.5571902023442,49.3272436991631,48.3891547398726,0,3162,500
29.4,48.5571902023442,49.113028335664,48.1533894172983,0,3162,500
93.45,48.5571902023442,46.9967315647926,46.0009485086966,0,3162,500
11.15,48.5571902023442,49.8742554049296,48.9466034689945,0,3162,500
28.3,48.5571902023442,49.1377914756387,48.2092289291447,0,3162,500
19.65,48.5571902023442,49.4241464328014,48.5618630615684,0,3162,500
1.45,48.5571902023442,50.8886406811458,49.8246691130785,0,3162,500
66.15,48.5571902023442,48.1419468564428,47.2601167900055,0,3162,500
37.5,48.5571902023442,48.8982703892315,47.7512621983426,0,3162,500
45.35,48.5571902023442,48.6777136944893,47.799569669606,0,3162,500
67.15,48.5571902023442,48.0336486988005,47.0907648707129,0,3162,500
89.05,48.5571902023442,47.2913987375514,46.4367337379367,0,3162,500
2,48.5571902023442,50.7878625343808,49.8536985058248,0,3162,500
57.9,48.5571902023442,48.3482078180081,47.4199795809536,0,3162,500
81.2,48.5571902023442,47.6310244722519,46.6820490570879,0,3162,500
43.1,48.5571902023442,48.7723519438786,47.9047326601517,0,3162,500
99.3,48.5571902023442,46.2364571871234,45.4142624593712,0,3162,500
55.1,48.5571902023442,48.4343550978084,47.5336012696547,0,3162,500
38.8,48.5571902023442,48.8226081522507,47.9024995878864,0,3162,500
41.75,48.5571902023442,48.7539692105697,47.9050031271566,0,3162,500
84.55,48.5571902023442,47.5322636484013,46.6203062062232,0,3162,500
77.6,48.5571902023442,47.7981237772726,46.922741421732,0,3162,500
27.85,48.5571902023442,49.1626976833613,48.1796876206462,0,3162,500
51.05,48.5571902023442,48.5232928660775,47.6413967431206,0,3162,500
19.25,48.5571902023442,49.4745203113105,48.5176218538805,0,3162,500
99.8,48.5571902023442,45.5623084197963,44.7306522958575,0,3162,500
53.8,48.5571902023442,48.4771558910674,47.5306220435189,0,3162,500
55.2,48.5571902023442,48.4384788767717,47.4980387500018,0,3162,500
69.35,48.5571902023442,48.0739014251639,47.1644555111001,0,3162,500
56.1,48.5571902023442,48.4349892274951,47.516703558843,0,3162,500
94.65,48.5571902023442,46.8128294995717,45.8798843970179,0,3162,500
76.1,48.5571902023442,47.8463695313344,47.0001344279367,0,3162,500
36.8,48.5571902023442,48.8803847441367,47.9231546286407,0,3162,500
83.25,48.5571902023442,47.5719208021969,46.6515093694327,0,3162,500
25.55,48.5571902023442,49.2577255133636,48.366658873218,0,3162,500
41.85,48.5571902023442,48.7931329014969,47.8128429879015,0,3162,500
90.4,48.5571902023442,47.2859152403201,46.3511410141751,0,3162,500
87.45,48.5571902023442,47.4058596947643,46.488002306889,0,3162,500
27.8,48.5571902023442,49.198814641841,48.1845998487072,0,3162,500
14,48.5571902023442,49.6696784555797,48.7921795157094,0,3162,500
0.2,48.5571902023442,51.3659533860943,50.459879978274,0,3162,500
4.5,48.5571902023442,50.3783715819989,49.3428958664688,0,3162,500
24.5,48.5571902023442,49.2847047032716,48.3929494043927,0,3162,500
54.45,48.5571902023442,48.4216828458432,47.4571063191234,0,3162,500
7.05,48.5571902023442,50.068137784309,49.1496515663283,0,3162,500
36.1,48.5571902023442,48.9706474276049,48.0287203105978,0,3162,500
18.95,48.5571902023442,49.5060431143054,48.5987416672394,0,3162,500
61.4,48.5571902023442,48.2861522971904,47.3252194243565,0,3162,500
2.85,48.5571902023442,50.5150387184159,49.5272449936116,0,3162,500
20.8,48.5571902023442,49.3952368000692,48.5193702816408,0,3162,500
91.55,48.5571902023442,47.1785047625689,46.3432362421854,0,3162,500
6.4,48.5571902023442,50.1462800914607,49.2091504630167,0,3162,500
49.55,48.5571902023442,48.5507119139472,47.6394639776748,0,3162,500
90.05,48.5571902023442,47.3092666557836,46.4383337002732,0,3162,500
22.7,48.5571902023442,49.3477970653218,48.4332423518263,0,3162,500
78.2,48.5571902023442,47.7507022830001,46.8287720518344,0,3162,500
95,48.5571902023442,46.9194737580959,46.0775086634386,0,3162,500
7.6,48.5571902023442,50.0867584668434,49.1177751615239,0,3162,500
17.15,48.5571902023442,49.5260589624845,48.6030726470955,0,3162,500
84.05,48.5571902023442,47.5792013484548,46.6049017944706,0,3162,500
2.8,48.5571902023442,50.609068750227,49.6482563603387,0,3162,500
74.9,48.5571902023442,47.8666855285959,46.9243599377103,0,3162,500
77.8,48.5571902023442,47.82177127375,46.9637666841578,0,3162,500
24.25,48.5571902023442,49.2438022780312,48.3263074246643,0,3162,500
12.95,48.5571902023442,49.6994295219557,48.7876567448023,0,3162,500
41.95,48.5571902023442,48.7933944761318,47.81790700115,0,3162,500
5.65,48.5571902023442,50.1397544960558,49.1376455977116,0,3162,500
39.6,48.5571902023442,48.8713616514846,47.9871128646209,0,3162,500
89.55,48.5571902023442,47.3354412130573,46.4693731182487,0,3162,500
87.85,48.5571902023442,47.3491328278418,46.3341554022783,0,3162,500
42.95,48.5571902023442,48.7124134675373,47.9147637025645,0,3162,500
24.75,48.5571902023442,49.2522564309862,48.1946417984438,0,3162,500
47.8,48.5571902023442,48.6014582670776,47.7120251715793,0,3162,500
29.5,48.5571902023442,49.0881867571035,48.2357378695708,0,3162,500
42.1,48.5571902023442,48.7591128235999,47.8304276100257,0,3162,500
83.65,48.5571902023442,47.5574864859282,46.7430720975419,0,3162,500
45,48.5571902023442,48.6674810152685,47.7926380284494,0,3162,500
32.2,48.5571902023442,49.0238146777298,48.1104975074229,0,3162,500
0.9,48.5571902023442,50.9214271477465,50.0249420419255,0,3162,500
90.1,48.5571902023442,47.2144620564019,46.2878095881027,0,3162,500
57.65,48.5571902023442,48.3988219862059,47.5147101630996,0,3162,500
98.35,48.5571902023442,46.3634766763413,45.3657223860653,0,3162,500
54.85,48.5571902023442,48.4473411633567,47.5721414231868,0,3162,500
32.65,48.5571902023442,49.0552556253714,48.0208815263395,0,3162,500
85.4,48.5571902023442,47.529645292568,46.6887179019276,0,3162,500
85.05,48.5571902023442,47.4815968309032,46.594327943161,0,3162,500
33.85,48.5571902023442,48.9555923175488,47.9688197581569,0,3162,500
96.25,48.5571902023442,46.7707216699001,45.7976263856954,0,3162,500
29.7,48.5571902023442,49.0986809269587,48.1550736257134,0,3162,500
31.3,48.5571902023442,49.0564108266242,48.064028349443,0,3162,500
36,48.5571902023442,48.9155443935425,47.9497469022267,0,3162,500
7.8,48.5571902023442,50.0137259247511,49.126364795176,0,3162,500
46.15,48.5571902023442,48.7023108879402,47.8671059257742,0,3162,500
79.7,48.5571902023442,47.7360785745876,46.8033805990906,0,3162,500
53.7,48.5571902023442,48.4622797466148,47.5929719680198,0,3162,500
24.3,48.5571902023442,49.2985065757055,48.3729563143747,0,3162,500
43.4,48.5571902023442,48.7542960449039,47.8294381176966,0,3162,500
5.45,48.5571902023442,50.1698273635693,49.2366113475193,0,3162,500
51.3,48.5571902023442,48.5582768665634,47.6226758437467,0,3162,500
21.15,48.5571902023442,49.4041312552386,48.5437309898344,0,3162,500
61.35,48.5571902023442,48.3086908784465,47.4997661321866,0,3162,500
29.3,48.5571902023442,49.1301722790686,48.2034937379989,0,3162,500
7.9,48.5571902023442,50.0271349479429,49.1546835245207,0,3162,500
8.55,48.5571902023442,49.961129332857,49.0049665014827,0,3162,500
68.2,48.5571902023442,48.0601474569899,47.0433397158144,0,3162,500
2.3,48.5571902023442,50.7576071682539,49.814039146817,0,3162,500
12.35,48.5571902023442,49.7742854774851,48.8667550216731,0,3162,500
45.4,48.5571902023442,48.6866633267582,47.8148221291914,0,3162,500
66.65,48.5571902023442,48.0999735229668,47.2007829932569,0,3162,500
36.25,48.5571902023442,48.8938422449877,47.9668062778512,0,3162,500
32.6,48.5571902023442,49.0067839579224,48.0912784195561,0,3162,500
56.8,48.5571902023442,48.3911613130726,47.4941052623453,0,3162,500
55.65,48.5571902023442,48.4480204669627,47.5664913714776,0,3162,500
68.75,48.5571902023442,48.0617916471727,47.1943185179953,0,3162,500
80.1,48.5571902023442,47.704882221661,46.8192164995081,0,3162,500
63.15,48.5571902023442,48.2393705394954,47.3143551245114,0,3162,500
72.45,48.5571902023442,47.9804161477091,47.1178598809979,0,3162,500
4.3,48.5571902023442,50.2902533299962,49.2806218258462,0,3162,500
34.65,48.5571902023442,48.9782867129942,48.0458618840492,0,3162,500
91.15,48.5571902023442,47.216536673649,46.4110220654278,0,3162,500
88.85,48.5571902023442,47.2960685409519,46.4450250349349,0,3162,500
42.2,48.5571902023442,48.7413756200317,47.8733232379546,0,3162,500
28.8,48.5571902023442,49.1220486151238,48.2000318992956,0,3162,500
34.5,48.5571902023442,48.9085579611122,48.0784152303718,0,3162,500
9.55,48.5571902023442,49.9073413381391,49.0209376677875,0,3162,500
98,48.5571902023442,46.4712505258969,45.6220737658529,0,3162,500
55.5,48.5571902023442,48.4232643226655,47.5324619415994,0,3162,500
35.85,48.5571902023442,48.9703407443506,47.9398341459241,0,3162,500
49.2,48.5571902023442,48.56646914176,47.6856570384981,0,3162,500
56.45,48.5571902023442,48.4093664025749,47.5575358353187,0,3162,500
84.5,48.5571902023442,47.5635932134429,46.7007221532235,0,3162,500
43.85,48.5571902023442,48.7056572656626,47.7232644447541,0,3162,500
88.6,48.5571902023442,47.3381151044771,46.5236085386097,0,3162,500
37.85,48.5571902023442,48.8804798809346,48.0258847250045,0,3162,500
98.3,48.5571902023442,46.3727567534299,45.5391005847842,0,3162,500
61.6,48.5571902023442,48.2434313914561,47.2945765657275,0,3162,500
31.95,48.5571902023442,49.0407311402983,48.1194506926486,0,3162,500
82.05,48.5571902023442,47.5736267465208,46.719215325489,0,3162,500
84.65,48.5571902023442,47.561223023637,46.6614500657299,0,3162,500
30.05,48.5571902023442,49.1181519069781,48.2965801374536,0,3162,500
29.35,48.5571902023442,49.1196180702001,48.1821415459418,0,3162,500
60.35,48.5571902023442,48.29204776981,47.3875469690992,0,3162,500
15.15,48.5571902023442,49.6629778357386,48.5984231564251,0,3162,500
72.45,48.5571902023442,47.9545071814346,47.110465386011,0,3162,500
91.8,48.5571902023442,47.2251783416115,46.2838152235833,0,3162,500
63.3,48.5571902023442,48.2079017318105,47.3437013692699,0,3162,500
6.95,48.5571902023442,50.1084998542867,49.1544753386248,0,3162,500
27.2,48.5571902023442,49.144760268033,48.2522677213947,0,3162,500
68.15,48.5571902023442,48.0519452110251,47.237963049291,0,3162,500
17.7,48.5571902023442,49.4268486952377,48.4695059843068,0,3162,500
26,48.5571902023442,49.2113356509501,48.2626236679528,0,3162,500
33.7,48.5571902023442,48.9921642524776,48.0936387565609,0,3162,500
83.75,48.5571902023442,47.6109221964851,46.7488710514335,0,3162,500
48.65,48.5571902023442,48.5738126138006,47.6836969783648,0,3162,500
7.3,48.5571902023442,50.0295277995523,49.1658174708876,0,3162,500
87.6,48.5571902023442,47.3708615059891,46.5136774123656,0,3162,500
46.9,48.5571902023442,48.6446392556858,47.6829926085075,0,3162,500
17.1,48.5571902023442,49.5244904786596,48.5580828759519,0,3162,500
14.7,48.5571902023442,49.6426495600586,48.7198283457371,0,3162,500
61.7,48.5571902023442,48.2799791626591,47.4432571791172,0,3162,500
45.45,48.5571902023442,48.6828523663182,47.7629324899808,0,3162,500
96.05,48.5571902023442,46.7518311214843,45.9043752227639,0,3162,500
40.65,48.5571902023442,48.7838975715976,47.8943270500564,0,3162,500
30.6,48.5571902023442,49.0590760283996,48.142673307861,0,3162,500
35.15,48.5571902023442,48.9552192543372,47.9908422012675,0,3162,500
20,48.5571902023442,49.4017414260593,48.4496935384847,0,3162,500
40.85,48.5571902023442,48.8020766926151,47.8598723737674,0,3162,500
62.05,48.5571902023442,48.2712415315436,47.3338378770567,0,3162,500
98.95,48.5571902023442,46.2922423562063,45.507194630167,0,3162,500
53.1,48.5571902023442,48.4897121602667,47.5700491407277,0,3162,500
74,48.5571902023442,47.8984294070754,47.0048784470222,0,3162,500
72.8,48.5571902023442,47.9938869235837,47.0884652074205,0,3162,500
12.3,48.5571902023442,49.7472210955521,48.6748904727246,0,3162,500
40.65,48.5571902023442,48.7917170028138,47.8950706533362,0,3162,500
76.15,48.5571902023442,47.8297433268094,46.956084369832,0,3162,500
18.3,48.5571902023442,49.4910695999916,48.5837601141804,0,3162,500
53.45,48.5571902023442,48.4967284290119,47.6375584333256,0,3162,500
44.85,48.5571902023442,48.6668106206303,47.7924072026736,0,3162,500
60.7,48.5571902023442,48.2928841745467,47.3601219743766,0,3162,500
79.8,48.5571902023442,47.7145390798364,46.8129000975009,0,3162,500
14.9,48.5571902023442,49.6209788086752,48.6807382380651,0,3162,500
8.55,48.5571902023442,49.8694123359749,49.0264206460452,0,3162,500
74.55,48.5571902023442,47.8495782095,46.9256002505351,0,3162,500
7.15,48.5571902023442,50.0488747426156,49.0725053425973,0,3162,500
83.4,48.5571902023442,47.5397299327451,46.6095019801876,0,3162,500
1.4,48.5571902023442,50.7764775232454,49.7990070337346,0,3162,500
26.2,48.5571902023442,49.237656664429,48.2158016403128,0,3162,500
61.6,48.5571902023442,48.2849135340209,47.450740198916,0,3162,500
25.25,48.5571902023442,49.2272313906155,48.3131682227241,0,3162,500
90.6,48.5571902023442,47.2298561181616,46.3623077730599,0,3162,500
77.25,48.5571902023442,47.7829423613801,46.8652593729028,0,3162,500
10.6,48.5571902023442,49.8100227171439,48.8369062878072,0,3162,500
96.6,48.5571902023442,46.7100776199824,45.8126294780482,0,3162,500
44.05,48.5571902023442,48.6927506307689,47.7489109296382,0,3162,500
41.75,48.5571902023442,48.7735684686397,47.9303406725775,0,3162,500
71.95,48.5571902023442,48.0017098226607,47.0684657375282,0,3162,500
99.15,48.5571902023442,46.176517312267,45.3014425039923,0,3162,500
53.1,48.5571902023442,48.4689747984819,47.538586453492,0,3162,500
59.65,48.5571902023442,48.3106797986059,47.3564952061911,0,3162,500
21.85,48.5571902023442,49.3488965024039,48.4954196412391,0,3162,500
74.2,48.5571902023442,47.912129692079,47.0125613632521,0,3162,500
19.85,48.5571902023442,49.4372696531011,48.5392814911194,0,3162,500
78.3,48.5571902023442,47.7924256699751,46.8513131578292,0,3162,500
43.6,48.5571902023442,48.6995995192181,47.8005839254389,0,3162,500
36.5,48.5571902023442,48.9260662949464,47.9875589536365,0,3162,500
37,48.5571902023442,48.9121473986068,47.993837504867,0,3162,500
38.9,48.5571902023442,48.8485272615458,47.9259577524961,0,3162,500
88.35,48.5571902023442,47.2778958371603,46.3566391247459,0,3162,500
78.7,48.5571902023442,47.7579627928906,46.8422302617325,0,3162,500
51.55,48.5571902023442,48.4970769819245,47.5723643012249,0,3162,500
75.8,48.5571902023442,47.8429692339335,46.9971385767706,0,3162,500
28.25,48.5571902023442,49.1723435206668,48.1812606115368,0,3162,500
60.45,48.5571902023442,48.3021037602751,47.4791015635774,0,3162,500
83.05,48.5571902023442,47.5457285230122,46.6849194881242,0,3162,500
45.45,48.5571902023442,48.6929564944963,47.7729763731069,0,3162,500
71.3,48.5571902023442,47.9549682721426,47.071830871566,0,3162,500
73.1,48.5571902023442,47.9432717787104,47.0101369893255,0,3162,500
1.7,48.5571902023442,50.7189035243303,49.8164835260819,0,3162,500
53.9,48.5571902023442,48.4617690830439,47.598400923971,0,3162,500
53.9,48.5571902023442,48.4603087162654,47.5778798189377,0,3162,500
70.5,48.5571902023442,47.9920749377196,47.0070445935183,0,3162,500
17,48.5571902023442,49.4805776183238,48.6427761757257,0,3162,500
3.1,48.5571902023442,50.5155437963018,49.4087716281035,0,3162,500
69.65,48.5571902023442,47.9918770546408,46.9763624024837,0,3162,500
82.95,48.5571902023442,47.6104682842466,46.7765313301105,0,3162,500
38.55,48.5571902023442,48.8745552748689,47.959562953108,0,3162,500
83.45,48.5571902023442,47.5513070467921,46.5949667608511,0,3162,500
81.4,48.5571902023442,47.6394913702467,46.7167206420854,0,3162,500
38.6,48.5571902023442,48.8685758970976,48.0217984985043,0,3162,500
55.1,48.5571902023442,48.4700380363535,47.4689703687028,0,3162,500
73.85,48.5571902023442,47.927637463862,47.0761821650333,0,3162,500
4.45,48.5571902023442,50.4430742659246,49.5189864801712,0,3162,500
14.55,48.5571902023442,49.6351012437508,48.6978581748963,0,3162,500
0.6,48.5571902023442,51.1287970277521,50.2126141369975,0,3162,500
70.35,48.5571902023442,48.0088631504193,47.1580885115855,0,3162,500
82.95,48.5571902023442,47.624292386349,46.7778160703623,0,3162,500
60.35,48.5571902023442,48.3243021334908,47.4558321636446,0,3162,500
61.35,48.5571902023442,48.2575807550113,47.3474146862157,0,3162,500
68.25,48.5571902023442,48.0990983201652,47.2305880437926,0,3162,500
13.75,48.5571902023442,49.721766514978,48.7792505928261,0,3162,500
17.5,48.5571902023442,49.5159103687463,48.5543415330643,0,3162,500
97.8,48.5571902023442,46.6015745292934,45.7683197444023,0,3162,500
29.1,48.5571902023442,49.1470277807911,48.2285210413946,0,3162,500
44,48.5571902023442,48.6866057119485,47.7272719493025,0,3162,500
7.45,48.5571902023442,50.0153786077194,49.1428420174929,0,3162,500
80.9,48.5571902023442,47.7008179287105,46.8177812324962,0,3162,500
73.6,48.5571902023442,47.9293573871029,47.0217679127327,0,3162,500
26.95,48.5571902023442,49.1718032484823,48.2921446294894,0,3162,500
59.2,48.5571902023442,48.3274665228342,47.4728199915852,0,3162,500
33,48.5571902023442,48.9926789658542,48.1286133665164,0,3162,500
66.65,48.5571902023442,48.1531048811316,47.3347428266321,0,3162,500
56.6,48.5571902023442,48.4080153479795,47.3574021273833,0,3162,500
9.15,48.5571902023442,49.9484228324644,48.9793054570325,0,3162,500
2.8,48.5571902023442,50.5498768771633,49.6213861128089,0,3162,500
59.15,48.5571902023442,48.3387525534595,47.4054793664977,0,3162,500
46.55,48.5571902023442,48.6625692195612,47.7399338916651,0,3162,500
72.1,48.5571902023442,47.9320782946577,47.0285544204584,0,3162,500
47.6,48.5571902023442,48.6154874910083,47.6799992825349,0,3162,500
6.15,48.5571902023442,50.092522750304,49.1567006939133,0,3162,500
84.6,48.5571902023442,47.5371415024242,46.5454330280038,0,3162,500
92.95,48.5571902023442,47.0431775129213,46.0806490066353,0,3162,500
41.45,48.5571902023442,48.7786756432592,47.7648715915122,0,3162,500
89.25,48.5571902023442,47.3537930431461,46.3831552539268,0,3162,500
14,48.5571902023442,49.6569743793562,48.6926322185533,0,3162,500
52.05,48.5571902023442,48.5139252290127,47.6474757102589,0,3162,500
47.2,48.5571902023442,48.6022291315139,47.6059207293553,0,3162,500
96.2,48.5571902023442,46.7784187072761,45.913755763897,0,3162,500
70.35,48.5571902023442,48.024980063391,47.1364534263581,0,3162,500
32.75,48.5571902023442,49.0298154940702,48.1359552811516,0,3162,500
73.35,48.5571902023442,47.8927707320547,46.962578121373,0,3162,500
99.45,48.5571902023442,46.0060728692411,45.1646747303322,0,3162,500
31.55,48.5571902023442,49.0833150697761,48.1974869048302,0,3162,500
88.9,48.5571902023442,47.330885914357,46.4695615631186,0,3162,500
98.5,48.5571902023442,46.4083586867544,45.5684625440526,0,3162,500
16.15,48.5571902023442,49.6018868198027,48.7134875030484,0,3162,500
90.15,48.5571902023442,47.2274103444426,46.3257714479822,0,3162,500
24.5,48.5571902023442,49.2870122759635,48.3302521576596,0,3162,500
98.75,48.5571902023442,46.3490410852247,45.5331326254067,0,3162,500
69.1,48.5571902023442,48.0611732964704,47.195373424265,0,3162,500
37.15,48.5571902023442,48.9059548421564,47.9901389577927,0,3162,500
44.8,48.5571902023442,48.731410812722,47.8370438215459,0,3162,500
33.25,48.5571902023442,49.0069486882819,47.9657187118935,0,3162,500
9.05,48.5571902023442,49.9833400864785,48.9937933505749,0,3162,500
5.55,48.5571902023442,50.2249327919304,49.2806895919796,0,3162,500
53,48.5571902023442,48.4870540248655,47.5826487629423,0,3162,500
72.35,48.5571902023442,47.9491768947088,47.0476137788108,0,3162,500
20.35,48.5571902023442,49.4338885639437,48.3782042638364,0,3162,500
10,48.5571902023442,49.8193619079807,48.8603538218985,0,3162,500
87.8,48.5571902023442,47.3888993065274,46.4621279238846,0,3162,500
96.2,48.5571902023442,46.8235340880703,46.0424399948383,0,3162,500
96.1,48.5571902023442,46.8135431676696,45.9506923070703,0,3162,500
6.4,48.5571902023442,50.1512718849167,49.1102781828801,0,3162,500
0.3,48.5571902023442,51.4872179501637,50.5388307189431,0,3162,500
19.1,48.5571902023442,49.4326913207719,48.4938710307195,0,3162,500
23.2,48.5571902023442,49.2870541155978,48.438665247205,0,3162,500
1.75,48.5571902023442,50.5884093529781,49.5446251647717,0,3162,500
82.65,48.5571902023442,47.587011925787,46.7560735662858,0,3162,500
94.65,48.5571902023442,46.9084938449023,45.999310952604,0,3162,500
33.45,48.5571902023442,48.9865833406926,48.1184896760688,0,3162,500
73.85,48.5571902023442,47.8647707043375,47.0049112651946,0,3162,500
41.7,48.5571902023442,48.7316291161487,47.7845834771198,0,3162,500
32.65,48.5571902023442,49.0286812879924,48.0949229439053,0,3162,500
30.7,48.5571902023442,49.117681679653,48.1314414425591,0,3162,500
37.95,48.5571902023442,48.9290019041727,48.0756687809429,0,3162,500
86.6,48.5571902023442,47.4285258319152,46.5756697620698,0,3162,500
66.25,48.5571902023442,48.1578045690889,47.3236080515189,0,3162,500
6.45,48.5571902023442,50.1277648000705,49.2332409960968,0,3162,500
16.8,48.5571902023442,49.5176422458881,48.6212152063974,0,3162,500
39.4,48.5571902023442,48.8465734082791,47.9377636044213,0,3162,500
53.1,48.5571902023442,48.5061408924027,47.608202833539,0,3162,500
75.5,48.5571902023442,47.8400752408637,46.8947589636739,0,3162,500
47.85,48.5571902023442,48.6151979152167,47.6147719578289,0,3162,500
51.6,48.5571902023442,48.5491622304458,47.6601305377507,0,3162,500
23.45,48.5571902023442,49.2674005670995,48.3867384815463,0,3162,500
63,48.5571902023442,48.2327348693461,47.3908131572026,0,3162,500
60.6,48.5571902023442,48.2948749473819,47.3525542261031,0,3162,500
72.35,48.5571902023442,47.9452940106451,47.0249762633862,0,3162,500
2.8,48.5571902023442,50.4821885253741,49.5319825854177,0,3162,500
4.5,48.5571902023442,50.2829615355371,49.3349341551174,0,3162,500
75.25,48.5571902023442,47.8608595003478,46.9310326080585,0,3162,500
53.8,48.5571902023442,48.482221945659,47.5517220291702,0,3162,500
52.15,48.5571902023442,48.5126339219113,47.5586578911798,0,3162,500
66.9,48.5571902023442,48.1570834835379,47.2705983962554,0,3162,500
30.65,48.5571902023442,49.076464411557,48.0950180492087,0,3162,500
33.7,48.5571902023442,48.9945938940678,48.1141973469515,0,3162,500
81.95,48.5571902023442,47.6167554450611,46.7898301061157,0,3162,500
2.95,48.5571902023442,50.5593392548455,49.4278449731857,0,3162,500
45.5,48.5571902023442,48.701387108566,47.8212488669851,0,3162,500
87.35,48.5571902023442,47.4736691180915,46.6429274410695,0,3162,500
84.9,48.5571902023442,47.4987606837229,46.641655135219,0,3162,500
22.8,48.5571902023442,49.4124910387159,48.4680830004782,0,3162,500
84.9,48.5571902023442,47.5359429859448,46.6555890327001,0,3162,500
91,48.5571902023442,47.2584692558946,46.4310189828549,0,3162,500
10.3,48.5571902023442,49.862243498652,48.9915829850683,0,3162,500
92.25,48.5571902023442,47.0767991254178,46.1121533891585,0,3162,500
20.1,48.5571902023442,49.4129905814274,48.4910169272417,0,3162,500
22.7,48.5571902023442,49.3539445989877,48.347815694999,0,3162,500
45.7,48.5571902023442,48.6652617329992,47.787547298329,0,3162,500
16.5,48.5571902023442,49.6066168914553,48.6724415821688,0,3162,500
40.1,48.5571902023442,48.8060816595836,47.9128883546608,0,3162,500
43.6,48.5571902023442,48.7336137948911,47.825650927911,0,3162,500
84.75,48.5571902023442,47.5170650455256,46.6097143781754,0,3162,500
50.2,48.5571902023442,48.5608337178566,47.6533634371176,0,3162,500
70.75,48.5571902023442,47.9743912901758,47.1115241304385,0,3162,500
77.25,48.5571902023442,47.7784869540089,46.9073867422675,0,3162,500
50.2,48.5571902023442,48.6008798997891,47.7203586984453,0,3162,500
8.4,48.5571902023442,49.9977485937778,49.0256275501989,0,3162,500
62.45,48.5571902023442,48.2549494107805,47.3938033261011,0,3162,500
11,48.5571902023442,49.7869770064129,48.9043634563116,0,3162,500
90.3,48.5571902023442,47.2882087384806,46.4712615753732,0,3162,500
42.75,48.5571902023442,48.7485455013655,47.8948917414399,0,3162,500
69.35,48.5571902023442,48.0305022722345,47.1325538307508,0,3162,500
84.8,48.5571902023442,47.474082741111,46.5052116583108,0,3162,500
42,48.5571902023442,48.7589333425087,47.920275906134,0,3162,500
6.15,48.5571902023442,50.1050554274413,49.2480085243977,0,3162,500
20.9,48.5571902023442,49.4154374041971,48.4676765745124,0,3162,500
99.75,48.5571902023442,45.6715394157519,44.8546172443714,0,3162,500
5.3,48.5571902023442,50.2034845776472,49.2068377395049,0,3162,500
26.65,48.5571902023442,49.2019681333388,48.2946685917944,0,3162,500
55.8,48.5571902023442,48.4034346278996,47.4823944911533,0,3162,500
66.65,48.5571902023442,48.1246177352712,47.1716263888297,0,3162,500
85.15,48.5571902023442,47.5451544254925,46.7384718021399,0,3162,500
72.85,48.5571902023442,47.9340109971342,47.0438855316302,0,3162,500
12.8,48.5571902023442,49.8103837758551,48.8525872095601,0,3162,500
35.15,48.5571902023442,48.9527051921562,48.0993629561418,0,3162,500
92.6,48.5571902023442,47.039529702136,46.1283522001106,0,3162,500
72,48.5571902023442,47.9577695528578,47.0569944404924,0,3162,500
26.55,48.5571902023442,49.2170762087609,48.3136701125199,0,3162,500
21.95,48.5571902023442,49.2851060877685,48.451121781907,0,3162,500
45,48.5571902023442,48.6913146654078,47.738289436901,0,3162,500
19.35,48.5571902023442,49.4413174890963,48.5884568483913,0,3162,500
67,48.5571902023442,48.1156975235314,47.2143658285657,0,3162,500
48.4,48.5571902023442,48.5732378977857,47.6875432779399,0,3162,500
22.6,48.5571902023442,49.3287669398897,48.3105317967445,0,3162,500
43.95,48.5571902023442,48.7413580068361,47.6481218026246,0,3162,500
93,48.5571902023442,47.0952117028455,46.2827766631155,0,3162,500
69.35,48.5571902023442,48.0362093277789,47.1391088416955,0,3162,500
33.9,48.5571902023442,48.9956897740253,48.0973089917432,0,3162,500
90.3,48.5571902023442,47.2572699316202,46.3306047559957,0,3162,500
15.9,48.5571902023442,49.546665590854,48.6472002013048,0,3162,500
90.1,48.5571902023442,47.2723582004647,46.3061455018297,0,3162,500
32.2,48.5571902023442,49.0528340668501,48.1650666560876,0,3162,500
89,48.5571902023442,47.3211289907407,46.4597771025519,0,3162,500
54,48.5571902023442,48.4489726395825,47.5118042876541,0,3162,500
32.3,48.5571902023442,49.0224907968837,48.0959450634286,0,3162,500
60.3,48.5571902023442,48.293084308999,47.2626627191347,0,3162,500
96.55,48.5571902023442,46.7343629718003,45.7233054692078,0,3162,500
83.95,48.5571902023442,47.5668581178301,46.6267502324043,0,3162,500
1.5,48.5571902023442,50.8061628097073,49.7786781742037,0,3162,500
28.6,48.5571902023442,49.1684114382149,48.2386014600799,0,3162,500
56.1,48.5571902023442,48.4233669226862,47.4629575255243,0,3162,500
31.2,48.5571902023442,49.0893462157277,48.0681614307695,0,3162,500
59.95,48.5571902023442,48.3069489380619,47.3685571396825,0,3162,500
49.3,48.5571902023442,48.5802161592853,47.7503877567658,0,3162,500
51.6,48.5571902023442,48.5334368126677,47.6197864383318,0,3162,500
43,48.5571902023442,48.7739060391192,47.7130574835777,0,3162,500
14.9,48.5571902023442,49.6324143921945,48.7596505548963,0,3162,500
44.75,48.5571902023442,48.7017745083475,47.7987802021056,0,3162,500
23.55,48.5571902023442,49.3107937206673,48.2793901576702,0,3162,500
12.5,48.5571902023442,49.7883925810911,48.7804135331824,0,3162,500
82.1,48.5571902023442,47.6288657584033,46.7681571029584,0,3162,500
32.1,48.5571902023442,49.0399169716699,48.0312960554436,0,3162,500
3.1,48.5571902023442,50.4334743384007,49.5302112704675,0,3162,500
67.7,48.5571902023442,48.0668468300773,47.0760944096322,0,3162,500
74.55,48.5571902023442,47.8923047767241,46.9743671561187,0,3162,500
42.15,48.5571902023442,48.757068355323,47.8167967613752,0,3162,500
35.6,48.5571902023442,48.9683561151222,48.1058842652275,0,3162,500
87.45,48.5571902023442,47.3955471225346,46.5838357116715,0,3162,500
83.25,48.5571902023442,47.6015253968265,46.766087415769,0,3162,500
53,48.5571902023442,48.4700292064641,47.6159014636448,0,3162,500
29.9,48.5571902023442,49.1263600050449,48.2681386032737,0,3162,500
74.55,48.5571902023442,47.8732726806255,47.010809280925,0,3162,500
45.65,48.5571902023442,48.6521584540577,47.8007993464949,0,3162,500
34.1,48.5571902023442,48.9802075859013,47.9970518378757,0,3162,500
21.2,48.5571902023442,49.3592922313081,48.3647845628882,0,3162,500
28.6,48.5571902023442,49.1368252747519,48.190641732994,0,3162,500
94.75,48.5571902023442,46.9814396342745,46.0779095063267,0,3162,500
2.8,48.5571902023442,50.519735967607,49.4539279093333,0,3162,500
68.4,48.5571902023442,48.0922905273399,47.1931799684409,0,3162,500
60.4,48.5571902023442,48.2878441134238,47.3205304580318,0,3162,500
76.15,48.5571902023442,47.869657013204,46.9865831829118,0,3162,500
81.2,48.5571902023442,47.7101115619459,46.8766336095751,0,3162,500
20.1,48.5571902023442,49.4532128805276,48.5521167464834,0,3162,500
51.15,48.5571902023442,48.5400935936629,47.6867622403813,0,3162,500
55.25,48.5571902023442,48.4277193806598,47.5426245223008,0,3162,500
5.25,48.5571902023442,50.2389025470823,49.3425182499919,0,3162,500
46.05,48.5571902023442,48.6758794628393,47.7745204686427,0,3162,500
85.7,48.5571902023442,47.4714039004874,46.5774985327495,0,3162,500
89.8,48.5571902023442,47.3069845706923,46.5183038798259,0,3162,500
32.05,48.5571902023442,49.0183911087852,48.1229944425604,0,3162,500
94.4,48.5571902023442,46.9263842151994,46.0170542368455,0,3162,500
57.75,48.5571902023442,48.3325583551749,47.4717916839132,0,3162,500
1.95,48.5571902023442,50.7971058714234,49.8405695066885,0,3162,500
96.7,48.5571902023442,46.7242305531839,45.9434638956798,0,3162,500
88.95,48.5571902023442,47.3035071595143,46.3095538516261,0,3162,500
8.65,48.5571902023442,50.0095568947478,49.0056507907743,0,3162,500
47.95,48.5571902023442,48.6012922346823,47.6958467042666,0,3162,500
72.6,48.5571902023442,47.9538579646836,47.0917712080449,0,3162,500
50.6,48.5571902023442,48.5271806821581,47.6347931159807,0,3162,500
8.5,48.5571902023442,50.0092843192542,49.0508244338946,0,3162,500
27.75,48.5571902023442,49.2062849644593,48.2893080647443,0,3162,500
72.95,48.5571902023442,47.9268456479181,46.980217065469,0,3162,500
3.6,48.5571902023442,50.4442617991026,49.5309425875692,0,3162,500
39.2,48.5571902023442,48.8236687411581,47.8991713623388,0,3162,500
48.95,48.5571902023442,48.6003754686792,47.6046683285102,0,3162,500
50.5,48.5571902023442,48.5450537183049,47.6833830186106,0,3162,500
14,48.5571902023442,49.6494697793413,48.717831692724,0,3162,500
7.1,48.5571902023442,50.0169874650457,48.98442172663,0,3162,500
6.1,48.5571902023442,50.1761226305484,49.2569016003639,0,3162,500
96.5,48.5571902023442,46.6732868648176,45.7817149939626,0,3162,500
38.35,48.5571902023442,48.9058749433635,47.8952528154196,0,3162,500
58.4,48.5571902023442,48.3384198708674,47.480116484596,0,3162,500
93,48.5571902023442,47.0618399318606,46.2533946900503,0,3162,500
3.15,48.5571902023442,50.5001130265805,49.6397144365767,0,3162,500
63.45,48.5571902023442,48.2238551379571,47.3903115311796,0,3162,500
31.05,48.5571902023442,49.0612003989917,48.1168536193201,0,3162,500
7.65,48.5571902023442,50.031138844686,49.0880501047801,0,3162,500
85.2,48.5571902023442,47.5245456661881,46.6776110788761,0,3162,500
30.3,48.5571902023442,49.0597549456284,48.1513285672441,0,3162,500
78.7,48.5571902023442,47.7576106433664,46.8594374193867,0,3162,500
23.05,48.5571902023442,49.329346388938,48.395605381834,0,3162,500
74.65,48.5571902023442,47.8851668934728,47.0346253826628,0,3162,500
99.8,48.5571902023442,45.5760886548727,44.8254687824475,0,3162,500
17,48.5571902023442,49.5387867703915,48.58482655295,0,3162,500
43.15,48.5571902023442,48.7189506038004,47.8439995638503,0,3162,500
22.7,48.5571902023442,49.3309295018163,48.3768192883806,0,3162,500
27.95,48.5571902023442,49.1574336312545,48.2046929609619,0,3162,500
60.2,48.5571902023442,48.3138839706666,47.2936940665529,0,3162,500
11.75,48.5571902023442,49.7513719145805,48.8099933804198,0,3162,500
82.7,48.5571902023442,47.6030176356443,46.7585916143744,0,3162,500
80.9,48.5571902023442,47.6763291052455,46.8482771242718,0,3162,500
57.15,48.5571902023442,48.3960374469533,47.4935499415729,0,3162,500
93.65,48.5571902023442,47.0191283281352,46.2025603654509,0,3162,500
98.8,48.5571902023442,46.2348912193742,45.4289554703702,0,3162,500
7.2,48.5571902023442,50.1552850243288,49.1323657479077,0,3162,500
42.05,48.5571902023442,48.7746966440066,47.8625486829357,0,3162,500
21.55,48.5571902023442,49.3974729933643,48.4557101091407,0,3162,500
18.65,48.5571902023442,49.4590661324969,48.5771055613566,0,3162,500
50.85,48.5571902023442,48.5452632129505,47.5295131898212,0,3162,500
10.9,48.5571902023442,49.8556059206315,48.966523378181,0,3162,500
12.5,48.5571902023442,49.7042550351576,48.8118451117383,0,3162,500
50.85,48.5571902023442,48.5247826562509,47.5839729206839,0,3162,500
71.45,48.5571902023442,47.9975852534378,47.1421212156283,0,3162,500
0.2,48.5571902023442,51.3508152144973,50.3708023769163,0,3162,500
29.7,48.5571902023442,49.1474686882284,48.1878001048231,0,3162,500
55.5,48.5571902023442,48.4186099758127,47.5322678031784,0,3162,500
63.35,48.5571902023442,48.2117862233109,47.3723390248459,0,3162,500
26.9,48.5571902023442,49.1647900598178,48.2519261890708,0,3162,500
22.05,48.5571902023442,49.3383731801908,48.3756713932083,0,3162,500
56.8,48.5571902023442,48.3965733650662,47.5107140942951,0,3162,500
66.9,120,118.385919600815,109,1,3162,500
91.4,120,110.165348935273,106,1,3162,500
88.45,120,113.554431091433,110,1,3162,500
83.45,120,114.097438330171,106,1,3162,500
84.5,120,113.330697870546,105,1,3162,500
92.3,120,109.397975964579,103,1,3162,500
86.4,120,113.553798580364,108,1,3162,500
91.35,120,110.998418722328,106,1,3162,500
86.05,120,113.49826059456,108,1,3162,500
66.05,120,118.679388764303,111,1,3162,500
94.7,120,109.721361304378,107,1,3162,500
89.1,120,111.164083913135,103,1,3162,500
92.65,120,111.721361304378,109,1,3162,500
78.65,120,116.24802340291,110,1,3162,500
54.65,120,121.096173308033,109,1,3162,500
94.15,120,110.061531467426,107,1,3162,500
73.75,120,116.996837444655,107,1,3162,500
93.1,120,109.553798580364,104,1,3162,500
87.85,120,111.097438330171,103,1,3162,500
79.85,120,115.49826059456,110,1,3162,500
85.85,120,113.140598174754,106,1,3162,500
94,120,110.19898798229,107,1,3162,500
72.1,120,117.282461371645,107,1,3162,500
73.3,120,117.039439700611,110,1,3162,500
81.45,120,115.097438330171,107,1,3162,500
90.75,120,111.680653786441,108,1,3162,500
85.7,120,114.373932637571,111,1,3162,500
5.95,120,140.988614800759,105,1,3162,500
94.15,120,110.449225173941,108,1,3162,500
93.35,120,110.061531467426,107,1,3162,500
96,120,109.999367488931,108,1,3162,500
86.5,120,113.140598174754,106,1,3162,500
82.9,120,114.652374349243,110,1,3162,500
98.05,120,105.249604680582,104,1,3162,500
57.9,120,121.120216635041,106,1,3162,500
92.55,120,108.747865275142,102,1,3162,500
62,120,119.447327640734,111,1,3162,500
76.8,120,116.497944339026,110,1,3162,500
86.05,120,113.048086654016,107,1,3162,500
73.35,120,117.197722960152,110,1,3162,500
94.25,120,108.331646637149,103,1,3162,500
46.1,120,123.078879401223,109,1,3162,500
93.35,120,109.680653786441,106,1,3162,500
80,120,115.560108317521,108,1,3162,500
61.9,120,119.282461371645,109,1,3162,500
55.4,120,121.395445920304,107,1,3162,500
66.4,120,118.640123791452,110,1,3162,500
90.15,120,112.998734977862,109,1,3162,500
94.4,120,110.499525616698,109,1,3162,500
23.95,120,131.492251739405,107,1,3162,500
97.7,120,106.249288425047,104,1,3162,500
97.2,120,107.562005850727,106,1,3162,500
85.55,120,113.553798580364,108,1,3162,500
93.75,120,112.384177492337,111,1,3162,500
81.2,120,115.553798580364,110,1,3162,500
79.7,120,115.72009628224,109,1,3162,500
91.4,120,111.060898956357,106,1,3162,500
94.7,120,110.449225173941,108,1,3162,500
77.15,120,116.121797912713,106,1,3162,500
72.25,120,117.080144423361,107,1,3162,500
67.05,120,118.679388764303,111,1,3162,500
50.25,120,122.078879401223,108,1,3162,500
95.7,120,107.082041956568,103,1,3162,500
76.45,120,116.140598174754,109,1,3162,500
65.35,120,119.067610915334,107,1,3162,500
93.8,120,110.082041956568,106,1,3162,500
80.1,120,115.997469955724,108,1,3162,500
93.6,120,110.284991415921,108,1,3162,500
95.3,120,106.498893105629,103,1,3162,500
22.7,120,128.160288846721,108,1,3162,500
88.8,120,112.553798580364,107,1,3162,500
78.75,120,115.080144423361,105,1,3162,500
83.6,120,114.140598174754,107,1,3162,500
88.85,120,113.554431091433,110,1,3162,500
74.8,120,116.996837444655,107,1,3162,500
96.9,120,108.799430740038,107,1,3162,500
67.25,120,117.996204933586,106,1,3162,500
60,120,120.120216635041,105,1,3162,500
86.95,120,113.553798580364,108,1,3162,500
93.1,120,108.783884521551,103,1,3162,500
28.4,120,127.27993132737,109,1,3162,500
79.15,120,115.282461371645,105,1,3162,500
94.8,120,110.061531467426,107,1,3162,500
37.7,120,125.744070208729,107,1,3162,500
95.95,120,107.082041956568,103,1,3162,500
56.3,120,120.385919600815,111,1,3162,500
96.05,120,108.721361304378,106,1,3162,500
93.7,120,111.449225173941,109,1,3162,500
91.05,120,111.060898956357,106,1,3162,500
38.85,120,125.32816782627,109,1,3162,500
83.95,120,114.998418722328,110,1,3162,500
80.5,120,115.49826059456,110,1,3162,500
95.85,120,108.498576850095,104,1,3162,500
88.3,120,113.331646637149,108,1,3162,500
92,120,110.544017020298,106,1,3162,500
85.2,120,114.553798580364,109,1,3162,500
57.1,120,120.559159550917,110,1,3162,500
83.15,120,114.140598174754,107,1,3162,500
83.95,120,113.997469955724,106,1,3162,500
82.65,120,114.49826059456,109,1,3162,500
96.1,120,108.694224822546,108,1,3162,500
93.6,120,110.998734977862,107,1,3162,500
15.4,120,130.066345893196,114,1,3162,500
64.2,120,119.197722960152,112,1,3162,500
86.1,120,113.553798580364,108,1,3162,500
86.1,120,114.060898956357,109,1,3162,500
44.95,120,124.894655281467,108,1,3162,500
79.65,120,115.560108317521,108,1,3162,500
92.6,120,111.554431091433,108,1,3162,500
92.9,120,111.460759986377,109,1,3162,500
86.75,120,112.747865275142,106,1,3162,500
91.8,120,111.680653786441,108,1,3162,500
63.95,120,119.246125869703,107,1,3162,500
67.6,120,118.447327640734,110,1,3162,500
96.75,120,107.449225173941,105,1,3162,500
56,120,120.796900695762,111,1,3162,500
95.85,120,109.799430740038,108,1,3162,500
88.9,120,113.048719165085,109,1,3162,500
73.4,120,117.385919600815,108,1,3162,500
91,120,113.041020978284,111,1,3162,500
83.4,120,115.048719165085,111,1,3162,500
95.3,120,109.498893105629,106,1,3162,500
45.15,120,124.593801391524,105,1,3162,500
69.6,120,117.997469955724,110,1,3162,500
70.55,120,118.04007221168,113,1,3162,500
88.45,120,114.226568339946,112,1,3162,500
88.05,120,112.097438330171,104,1,3162,500
93.45,120,110.19898798229,107,1,3162,500
37.5,120,124.995572422517,111,1,3162,500
81,120,114.998102466793,109,1,3162,500
81.05,120,115.048086654016,109,1,3162,500
94,120,109.498576850095,105,1,3162,500
83.9,120,114.24802340291,108,1,3162,500
83.8,120,113.560108317521,106,1,3162,500
42,120,123.395445920304,109,1,3162,500
97.25,120,108.799746995572,108,1,3162,500
24.85,120,128.160288846721,108,1,3162,500
65.75,120,119.067610915334,107,1,3162,500
87.05,120,113.891942260775,111,1,3162,500
60.8,120,120.067610915334,108,1,3162,500
86.9,120,114.060898956357,109,1,3162,500
35,120,126.066345893196,110,1,3162,500
41.05,120,123.995572422517,110,1,3162,500
8.95,120,137.116105313093,109,1,3162,500
80.15,120,115.330697870546,107,1,3162,500
74.4,120,117.039439700611,110,1,3162,500
34.05,120,126.066345893196,110,1,3162,500
95.8,120,108.061531467426,105,1,3162,500
53.05,120,120.99715370019,112,1,3162,500
2.9,120,144.389753320683,112,1,3162,500
91.55,120,111.554431091433,108,1,3162,500
16.7,120,131.492251739405,107,1,3162,500
79.55,120,115.72009628224,109,1,3162,500
96.2,120,107.499525616698,106,1,3162,500
90.15,120,111.998418722328,107,1,3162,500
79.65,120,116.165348935273,112,1,3162,500
92.6,120,110.114399357758,107,1,3162,500
96.45,120,108.249288425047,106,1,3162,500
96.4,120,109.635846127307,108,1,3162,500
98.9,120,106.727042723248,106,1,3162,500
84.4,120,114.24802340291,108,1,3162,500
97.75,120,104.499209361164,102,1,3162,500
97.6,120,106.249288425047,104,1,3162,500
92.9,120,111.665823318575,109,1,3162,500
35.7,120,125.058052656546,111,1,3162,500
72.5,120,117.096173308033,105,1,3162,500
89.45,120,113.569982831842,109,1,3162,500
56.4,120,121.661395741092,105,1,3162,500
41.3,120,123.995572422517,110,1,3162,500
77.85,120,116.140598174754,109,1,3162,500
85.25,120,113.998418722328,109,1,3162,500
97.2,120,106.570615342911,104,1,3162,500
77.25,120,116.330697870546,108,1,3162,500
87.35,120,112.49826059456,107,1,3162,500
86.7,120,113.140598174754,106,1,3162,500
93.25,120,110.569982831842,106,1,3162,500
92.25,120,109.553798580364,104,1,3162,500
95.2,120,109.041020978284,107,1,3162,500
84.15,120,114.998418722328,110,1,3162,500
96.65,120,108.041337233818,107,1,3162,500
96.9,120,105.999367488931,104,1,3162,500
95.65,120,109.061531467426,106,1,3162,500
64.6,120,118.99715370019,110,1,3162,500
36.9,120,125.217724365732,111,1,3162,500
48.3,120,122.096173308033,110,1,3162,500
79.7,120,115.640123791452,107,1,3162,500
67.2,120,118.559159550917,108,1,3162,500
96.2,120,110.041337233818,109,1,3162,500
77.5,120,116.560108317521,109,1,3162,500
96.55,120,106.498576850095,102,1,3162,500
67.35,120,118.663293274299,108,1,3162,500
91.35,120,112.19898798229,109,1,3162,500
93.1,120,110.331646637149,105,1,3162,500
77.05,120,116.560108317521,109,1,3162,500
94.8,120,110.499525616698,109,1,3162,500
96.35,120,108.061531467426,105,1,3162,500
67.2,120,118.282461371645,108,1,3162,500
76.6,120,116.560108317521,109,1,3162,500
73.8,120,116.447327640734,108,1,3162,500
95.3,120,109.19898798229,106,1,3162,500
91.5,120,112.554431091433,109,1,3162,500
91,120,111.331646637149,106,1,3162,500
35.4,120,125.894655281467,109,1,3162,500
59.15,120,120.395445920304,106,1,3162,500
95.8,120,109.721361304378,107,1,3162,500
93.55,120,110.498576850095,106,1,3162,500
93.05,120,110.569982831842,106,1,3162,500
98.05,120,106.082674467637,104,1,3162,500
91.2,120,111.498576850095,107,1,3162,500
58.55,120,120.04007221168,115,1,3162,500
31.6,120,126.066345893196,110,1,3162,500
54.2,120,122.32816782627,106,1,3162,500
2.1,120,142.656335652541,110,1,3162,500
73.45,120,117.140598174754,110,1,3162,500
55.8,120,121.067610915334,109,1,3162,500
87.85,120,112.747865275142,106,1,3162,500
25.05,120,127.058052656546,113,1,3162,500
92.45,120,111.331646637149,106,1,3162,500
90.2,120,113.721361304378,111,1,3162,500
93.5,120,110.908170892991,108,1,3162,500
34.45,120,125.894655281467,109,1,3162,500
97.95,120,104.961234369678,104,1,3162,500
59.9,120,120.395445920304,106,1,3162,500
68.75,120,118.140598174754,111,1,3162,500
85,120,114.544017020298,110,1,3162,500
87.5,120,113.498576850095,109,1,3162,500
41.75,120,123.246442125237,112,1,3162,500
92,120,112.226568339946,110,1,3162,500
17.4,120,131.326586548598,110,1,3162,500
64.9,120,118.997469955724,111,1,3162,500
87.7,120,112.783884521551,107,1,3162,500
73.15,120,117.652374349243,113,1,3162,500
98.45,120,106.666455829644,106,1,3162,500
83.65,120,114.553798580364,109,1,3162,500
77.65,120,116.560108317521,109,1,3162,500
41.8,120,124.066345893196,108,1,3162,500
52.75,120,121.330697870546,113,1,3162,500
97.35,120,105.999051233397,103,1,3162,500
92.4,120,111.998734977862,108,1,3162,500
98.4,120,103.533164663715,103,1,3162,500
93.4,120,109.331646637149,104,1,3162,500
86.3,120,113.140598174754,106,1,3162,500
91.95,120,110.680653786441,107,1,3162,500
67.3,120,118.067610915334,106,1,3162,500
91.75,120,110.783884521551,105,1,3162,500
84.05,120,114.570299087377,111,1,3162,500
96.4,120,106.908170892991,104,1,3162,500
93.8,120,107.747865275142,101,1,3162,500
79.95,120,115.640123791452,107,1,3162,500
58.85,120,120.496046805819,108,1,3162,500
59.6,120,119.640123791452,111,1,3162,500
59.45,120,120.078879401223,106,1,3162,500
65.35,120,119.282461371645,109,1,3162,500
93.15,120,110.498576850095,106,1,3162,500
75.9,120,116.282461371645,106,1,3162,500
91.1,120,111.569982831842,107,1,3162,500
79.55,120,115.640123791452,107,1,3162,500
74.85,120,116.559159550917,106,1,3162,500
73.1,120,117.282461371645,107,1,3162,500
69.1,120,117.99715370019,109,1,3162,500
92.95,120,111.449225173941,109,1,3162,500
92.1,120,110.498576850095,106,1,3162,500
92.4,120,110.554431091433,107,1,3162,500
92.65,120,110.060898956357,105,1,3162,500
49.5,120,121.885445217514,111,1,3162,500
85.4,120,113.49826059456,108,1,3162,500
97.3,120,107.562005850727,106,1,3162,500
58.05,120,121.078879401223,107,1,3162,500
51.95,120,121.282461371645,111,1,3162,500
95.8,120,108.554431091433,105,1,3162,500
76.7,120,116.330697870546,108,1,3162,500
94.6,120,110.041020978284,108,1,3162,500
85.6,120,114.498576850095,110,1,3162,500
31.35,120,127.593801391524,108,1,3162,500
85.35,120,112.998102466793,107,1,3162,500
16.3,120,131.326586548598,110,1,3162,500
76.4,120,116.783884521551,111,1,3162,500
63.2,120,119.282461371645,109,1,3162,500
75.65,120,116.798481973435,112,1,3162,500
70.1,120,117.99715370019,109,1,3162,500
96.75,120,106.498893105629,103,1,3162,500
43.1,120,126.118319101834,105,1,3162,500
42.45,120,122.885445217514,112,1,3162,500
37.05,120,125.32816782627,109,1,3162,500
92.3,120,111.908170892991,109,1,3162,500
51.55,120,122.395445920304,108,1,3162,500
11.5,120,134.492251739405,110,1,3162,500
96.6,120,105.498576850095,101,1,3162,500
62.25,120,119.559159550917,109,1,3162,500
33.3,120,126.066345893196,110,1,3162,500
16.6,120,133.492251739405,109,1,3162,500
92.15,120,111.19898798229,108,1,3162,500
68.2,120,118.096173308033,106,1,3162,500
62.95,120,120.32816782627,104,1,3162,500
93.35,120,109.498576850095,105,1,3162,500
95.85,120,110.570615342911,108,1,3162,500
88,120,112.140598174754,105,1,3162,500
95.3,120,109.554431091433,106,1,3162,500
90.8,120,112.060898956357,107,1,3162,500
75.55,120,116.560108317521,109,1,3162,500
81.1,120,115.140598174754,108,1,3162,500
89.4,120,112.331646637149,107,1,3162,500
65.7,120,118.536077458279,111,1,3162,500
93.05,120,111.498893105629,108,1,3162,500
39.1,120,124.894655281467,108,1,3162,500
83.45,120,114.140598174754,107,1,3162,500
18.7,120,132.492884250474,110,1,3162,500
91.85,120,111.569982831842,107,1,3162,500
94.35,120,109.331646637149,104,1,3162,500
35.35,120,124.632683571963,113,1,3162,500
95.95,120,109.226568339946,107,1,3162,500
94.95,120,108.898450347881,104,1,3162,500
87.65,120,113.553798580364,108,1,3162,500
89.2,120,113.373932637571,110,1,3162,500
86.15,120,112.72009628224,106,1,3162,500
90.8,120,110.998418722328,106,1,3162,500
58.8,120,119.996837444655,110,1,3162,500
68.75,120,118.282461371645,108,1,3162,500
84.2,120,113.543384509229,107,1,3162,500
91.85,120,111.544017020298,107,1,3162,500
85.95,120,113.747865275142,107,1,3162,500
56.95,120,121.120216635041,106,1,3162,500
92.7,120,112.226568339946,110,1,3162,500
74.45,120,116.496046805819,104,1,3162,500
27.7,120,129.992409867173,106,1,3162,500
88.05,120,112.783884521551,107,1,3162,500
93.45,120,109.048719165085,105,1,3162,500
91.05,120,111.048719165085,107,1,3162,500
79.7,120,114.996837444655,105,1,3162,500
91.15,120,112.048719165085,108,1,3162,500
45.55,120,122.885445217514,112,1,3162,500
76.8,120,116.033805457667,110,1,3162,500
96.6,120,106.226568339946,104,1,3162,500
98.6,120,107.999367488931,106,1,3162,500
96.5,120,107.999051233397,105,1,3162,500
55.55,120,120.996204933586,109,1,3162,500
85.3,120,114.498576850095,110,1,3162,500
97.7,120,105.727042723248,105,1,3162,500
20.65,120,130.056787634409,112,1,3162,500
83.55,120,114.24802340291,108,1,3162,500
92.55,120,110.397975964579,104,1,3162,500
44,120,123.246442125237,112,1,3162,500
88.2,120,112.49826059456,107,1,3162,500
86.5,120,113.140598174754,106,1,3162,500
55.45,120,120.996837444655,111,1,3162,500
65.65,120,118.679388764303,111,1,3162,500
79.95,120,115.282461371645,105,1,3162,500
98.05,120,105.388449645091,104,1,3162,500
32,120,126.32816782627,110,1,3162,500
88.7,120,112.24802340291,106,1,3162,500
93,120,110.554431091433,107,1,3162,500
97.55,120,103.721361304378,101,1,3162,500
86.65,120,113.998418722328,109,1,3162,500
97.75,120,105.999051233397,103,1,3162,500
92.6,120,111.554431091433,108,1,3162,500
64.05,120,119.385919600815,110,1,3162,500
79.15,120,116.165348935273,112,1,3162,500
51.3,120,121.995572422517,108,1,3162,500
87.2,120,113.060898956357,108,1,3162,500
89.15,120,111.747865275142,105,1,3162,500
84.5,120,114.097438330171,106,1,3162,500
49.7,120,124.593801391524,105,1,3162,500
93.05,120,110.060898956357,105,1,3162,500
76.75,120,116.330697870546,108,1,3162,500
96.15,120,111.082674467637,109,1,3162,500
87.8,120,112.544017020298,108,1,3162,500
93.25,120,111.19898798229,108,1,3162,500
90.25,120,112.048719165085,108,1,3162,500
60.55,120,120.080144423361,110,1,3162,500
86.2,120,113.048086654016,107,1,3162,500
84.55,120,114.24802340291,108,1,3162,500
92.6,120,111.082041956568,107,1,3162,500
75.45,120,116.72009628224,110,1,3162,500
87.9,120,113.048719165085,109,1,3162,500
92.85,120,111.19898798229,108,1,3162,500
93.05,120,110.569982831842,106,1,3162,500
48.25,120,122.22403829567,112,1,3162,500
70.15,120,118.140598174754,111,1,3162,500
46.35,120,121.99715370019,113,1,3162,500
81,120,115.330697870546,107,1,3162,500
90.95,120,112.331646637149,107,1,3162,500
94.1,120,107.164083913135,99,1,3162,500
75.25,120,116.996837444655,107,1,3162,500
87.65,120,112.553798580364,107,1,3162,500
90.2,120,111.747865275142,105,1,3162,500
31.6,120,126.217724365732,112,1,3162,500
90.45,120,111.114399357758,108,1,3162,500
64.35,120,118.796900695762,109,1,3162,500
89.15,120,112.114399357758,109,1,3162,500
76.2,120,116.640123791452,108,1,3162,500
93.55,120,109.331646637149,104,1,3162,500
96.15,120,104.908170892991,102,1,3162,500
98.2,120,107.136004255074,106,1,3162,500
32.75,120,126.058052656546,112,1,3162,500
36.7,120,124.795951929159,112,1,3162,500
91.3,120,111.783884521551,106,1,3162,500
43,120,124.894655281467,108,1,3162,500
66.15,120,118.885445217514,108,1,3162,500
96.75,120,108.124011701455,105,1,3162,500
97.3,120,106.449225173941,104,1,3162,500
95.75,120,109.449225173941,107,1,3162,500
94.3,120,109.569982831842,105,1,3162,500
66.2,120,118.99715370019,110,1,3162,500
97.75,120,107.388449645091,106,1,3162,500
92.8,120,109.747865275142,103,1,3162,500
91.65,120,111.569982831842,107,1,3162,500
46.95,120,122.995572422517,109,1,3162,500
80.75,120,115.72009628224,109,1,3162,500
79.6,120,115.560108317521,108,1,3162,500
67.15,120,117.996204933586,106,1,3162,500
94.85,120,109.998734977862,106,1,3162,500
96.7,120,107.226568339946,105,1,3162,500
93.05,120,110.569982831842,106,1,3162,500
68.3,120,118.140598174754,111,1,3162,500
94.85,120,109.833069787055,109,1,3162,500
95.3,120,110.061531467426,107,1,3162,500
76.4,120,115.996837444655,106,1,3162,500
51.55,120,121.559159550917,111,1,3162,500
22.75,120,129.593801391524,110,1,3162,500
50.4,120,122.067610915334,110,1,3162,500
65.5,120,118.997469955724,111,1,3162,500
80.85,120,115.140598174754,108,1,3162,500
24.85,120,130.118319101834,109,1,3162,500
94.9,120,109.061531467426,106,1,3162,500
84.6,120,114.397975964579,108,1,3162,500
93.1,120,110.569982831842,106,1,3162,500
80.15,120,115.048086654016,109,1,3162,500
61.15,120,119.447327640734,111,1,3162,500
89.35,120,112.998418722328,108,1,3162,500
64.45,120,119.080144423361,109,1,3162,500
85.35,120,114.165348935273,110,1,3162,500
81.45,120,114.997469955724,107,1,3162,500
73.75,120,117.24802340291,111,1,3162,500
96.8,120,107.499525616698,106,1,3162,500
72.9,120,116.99715370019,108,1,3162,500
88.2,120,113.373932637571,110,1,3162,500
90.7,120,112.998734977862,109,1,3162,500
33.9,120,127.118319101834,106,1,3162,500
94.55,120,110.226568339946,108,1,3162,500
69.45,120,118.080144423361,108,1,3162,500
75.15,120,117.140598174754,110,1,3162,500
97.05,120,105.635846127307,104,1,3162,500
79.3,120,115.560108317521,108,1,3162,500
56.6,120,121.078879401223,107,1,3162,500
67.5,120,118.640123791452,110,1,3162,500
73,120,117.783884521551,112,1,3162,500
83.7,120,114.140598174754,107,1,3162,500
70.25,120,118.048086654016,112,1,3162,500
81.75,120,114.640123791452,106,1,3162,500
85.7,120,113.72009628224,107,1,3162,500
28.35,120,127.066345893196,111,1,3162,500
90.45,120,111.998418722328,107,1,3162,500
87.5,120,112.553798580364,107,1,3162,500
93.75,120,109.498576850095,105,1,3162,500
31.9,120,126.058052656546,112,1,3162,500
95.45,120,110.061531467426,107,1,3162,500
56.1,120,120.796900695762,111,1,3162,500
16.9,120,131.118319101834,110,1,3162,500
87.95,120,113.165348935273,109,1,3162,500
51.25,120,122.067610915334,110,1,3162,500
94.55,120,109.721361304378,107,1,3162,500
74.4,120,116.996837444655,107,1,3162,500
62.8,120,119.559159550917,109,1,3162,500
91,120,111.570299087377,108,1,3162,500
89.1,120,111.783884521551,106,1,3162,500
54,120,120.99715370019,112,1,3162,500
39.1,120,123.885445217514,113,1,3162,500
86,120,113.048086654016,107,1,3162,500
34.75,120,125.246125869703,113,1,3162,500
77.2,120,116.330697870546,108,1,3162,500
95.45,120,109.799430740038,108,1,3162,500
93.1,120,109.553798580364,104,1,3162,500
82.95,120,114.844937478714,111,1,3162,500
92.65,120,111.449225173941,109,1,3162,500
50.9,120,122.99430740038,105,1,3162,500
86.25,120,114.373932637571,111,1,3162,500
88.6,120,112.544017020298,108,1,3162,500
0.65,120,152.984503478811,104,1,3162,500
84.2,120,114.140598174754,107,1,3162,500
0.9,120,155.08605313093,111,1,3162,500
96.55,120,107.199620493359,106,1,3162,500
67,120,118.559159550917,108,1,3162,500
46.2,120,123.894655281467,107,1,3162,500
94.7,120,109.19898798229,106,1,3162,500
83.05,120,114.998418722328,110,1,3162,500
45.45,120,122.164083913135,114,1,3162,500
91.2,120,111.680653786441,108,1,3162,500
91.5,120,111.665823318575,109,1,3162,500
90.35,120,111.998418722328,107,1,3162,500
96.1,120,109.449225173941,107,1,3162,500
54.95,120,120.679388764303,113,1,3162,500
93.9,120,109.19898798229,106,1,3162,500
90.9,120,110.998418722328,106,1,3162,500
51.4,120,122.120216635041,107,1,3162,500
80.15,120,115.49826059456,110,1,3162,500
90.75,120,112.554431091433,109,1,3162,500
53.2,120,122.120216635041,107,1,3162,500
64.2,120,119.120216635041,104,1,3162,500
89.45,120,111.747865275142,105,1,3162,500
63.5,120,119.096173308033,107,1,3162,500
71.7,26.8519167514429,26.4452164805638,26.3260855989789,-1,5623,500
59.95,26.8519167514429,26.6751042533335,26.5538570457968,-1,5623,500
90.55,26.8519167514429,25.9377428650196,25.823218096597,-1,5623,500
32.9,26.8519167514429,27.187800259042,27.061766445361,-1,5623,500
19,26.8519167514429,27.4896137324128,27.3607190358627,-1,5623,500
74.55,26.8519167514429,26.3627361700425,26.2443600753346,-1,5623,500
17.65,26.8519167514429,27.5372180293939,27.4078691764583,-1,5623,500
19.5,26.8519167514429,27.5034852966766,27.3744583441196,-1,5623,500
86.8,26.8519167514429,26.0732020731543,25.9574566426534,-1,5623,500
39.3,26.8519167514429,27.0637870545874,26.9389194996664,-1,5623,500
43.1,26.8519167514429,26.9689399768978,26.8449607532656,-1,5623,500
57.3,26.8519167514429,26.7323995352433,26.6106219864549,-1,5623,500
39.8,26.8519167514429,27.0424415481319,26.9177741889072,-1,5623,500
76.35,26.8519167514429,26.3341430377913,26.216028045016,-1,5623,500
97.9,26.8519167514429,25.4029973321334,25.2932284212876,-1,5623,500
80.95,26.8519167514429,26.2130827823301,26.0960700888491,-1,5623,500
26,26.8519167514429,27.3630751546355,27.2353838030322,-1,5623,500
67.05,26.8519167514429,26.5268343685335,26.4069542427763,-1,5623,500
47.2,26.8519167514429,26.8932742369075,26.7700014308659,-1,5623,500
79.75,26.8519167514429,26.2729930719928,26.1554355154258,-1,5623,500
8.1,26.8519167514429,27.8569933046297,27.7245731241621,-1,5623,500
88.05,26.8519167514429,25.9636898533632,25.848931767699,-1,5623,500
18.8,26.8519167514429,27.5195267817503,27.3903468003288,-1,5623,500
13,26.8519167514429,27.652598578379,27.5221456705765,-1,5623,500
28.6,26.8519167514429,27.2648526037984,27.1380914492787,-1,5623,500
74.85,26.8519167514429,26.3504743709647,26.2322102816106,-1,5623,500
34.2,26.8519167514429,27.1624773377556,27.0366821069338,-1,5623,500
80,26.8519167514429,26.25148104413,26.1341192768306,-1,5623,500
15.8,26.8519167514429,27.5901395543687,27.460284884746,-1,5623,500
28.4,26.8519167514429,27.3106899786957,27.183495151474,-1,5623,500
20.9,26.8519167514429,27.4440319822206,27.3155714017899,-1,5623,500
16.3,26.8519167514429,27.5741599750187,27.4444581395167,-1,5623,500
29.3,26.8519167514429,27.2520193861067,27.1253795161239,-1,5623,500
88.4,26.8519167514429,26.02220725897,25.9069221132188,-1,5623,500
44.35,26.8519167514429,26.9547748205574,26.8309279960218,-1,5623,500
37.75,26.8519167514429,27.0855840032079,26.9605118536918,-1,5623,500
71.25,26.8519167514429,26.4610657247129,26.3417895314766,-1,5623,500
79.9,26.8519167514429,26.2483422758274,26.1310090620958,-1,5623,500
29.95,26.8519167514429,27.2506098790931,27.1239833265991,-1,5623,500
82.85,26.8519167514429,26.1944032441695,26.0775601769948,-1,5623,500
56.9,26.8519167514429,26.740811482496,26.6189559734131,-1,5623,500
20.45,26.8519167514429,27.4539945391639,27.3254391385323,-1,5623,500
53.2,26.8519167514429,26.8072523938904,26.6847802510813,-1,5623,500
41.45,26.8519167514429,27.0180812785779,26.8936421947259,-1,5623,500
35.6,26.8519167514429,27.1244881849227,26.9990504515905,-1,5623,500
57.75,26.8519167514429,26.7139208972327,26.592314517723,-1,5623,500
82.05,26.8519167514429,26.1840757778813,26.0673264404452,-1,5623,500
68.35,26.8519167514429,26.5216712110408,26.4018385518044,-1,5623,500
33.15,26.8519167514429,27.1719562257612,27.0460717148241,-1,5623,500
83.15,26.8519167514429,26.1911913106157,26.0743773982301,-1,5623,500
62.2,26.8519167514429,26.6368042413284,26.5159109073054,-1,5623,500
40.7,26.8519167514429,27.0295394654715,26.9049930350917,-1,5623,500
69.05,26.8519167514429,26.5103282290392,26.3905998165403,-1,5623,500
64.8,26.8519167514429,26.5979874298504,26.4774522192717,-1,5623,500
2.5,26.8519167514429,28.2683591165162,28.1319351948488,-1,5623,500
18.75,26.8519167514429,27.5042031721726,27.3751693733209,-1,5623,500
32.9,26.8519167514429,27.1994964921369,27.0733524051071,-1,5623,500
4.4,26.8519167514429,28.095310294813,27.9605778507637,-1,5623,500
69.6,26.8519167514429,26.4821240984143,26.3626546979913,-1,5623,500
4,26.8519167514429,28.1921749506386,28.056496989649,-1,5623,500
48.35,26.8519167514429,26.8684510686184,26.7454095749495,-1,5623,500
85.8,26.8519167514429,26.0966200085194,25.9806628994394,-1,5623,500
96.65,26.8519167514429,25.5747644573742,25.4634788456195,-1,5623,500
4.15,26.8519167514429,28.1014541194124,27.9666618018424,-1,5623,500
19.35,26.8519167514429,27.4959737813057,27.3670184543557,-1,5623,500
38.7,26.8519167514429,27.0627676313524,26.9379096410537,-1,5623,500
97.35,26.8519167514429,25.4586428502401,25.3483837244447,-1,5623,500
51.7,26.8519167514429,26.8161664659078,26.6936114743732,-1,5623,500
69.3,26.8519167514429,26.5004610597333,26.3808232939266,-1,5623,500
70.8,26.8519167514429,26.4489778502141,26.329812490996,-1,5623,500
14.1,26.8519167514429,27.637996303569,27.5076833801827,-1,5623,500
77.1,26.8519167514429,26.3049114141452,26.1870630572431,-1,5623,500
20.4,26.8519167514429,27.436219534845,27.307833286263,-1,5623,500
91.3,26.8519167514429,25.8598313558935,25.7460057537015,-1,5623,500
83.95,26.8519167514429,26.1602409100163,26.0437077495735,-1,5623,500
60.4,26.8519167514429,26.667993352511,26.5468118851451,-1,5623,500
90.35,26.8519167514429,25.8808755409501,25.7668613013768,-1,5623,500
96.3,26.8519167514429,25.6202809659888,25.508591708491,-1,5623,500
46.7,26.8519167514429,26.926856068156,26.8032699889881,-1,5623,500
87.7,26.8519167514429,26.000462230352,25.885373080075,-1,5623,500
93.2,26.8519167514429,25.7654914860808,25.652509624317,-1,5623,500
79.05,26.8519167514429,26.2578044534225,26.1403851511842,-1,5623,500
59.4,26.8519167514429,26.6886164049797,26.5672442289288,-1,5623,500
42.1,26.8519167514429,27.0042335454663,26.8799241332582,-1,5623,500
66.4,26.8519167514429,26.5397510615899,26.4197521476719,-1,5623,500
68.45,26.8519167514429,26.4860735016154,26.3665678487293,-1,5623,500
32.15,26.8519167514429,27.1890629676647,27.0630172513406,-1,5623,500
11.9,26.8519167514429,27.7605127691749,27.6290230264221,-1,5623,500
94.75,26.8519167514429,25.7025617593111,25.5901409807221,-1,5623,500
13.8,26.8519167514429,27.6501799174671,27.5197502012751,-1,5623,500
23.95,26.8519167514429,27.3812772296953,27.2534131274065,-1,5623,500
35.4,26.8519167514429,27.1441453663698,27.0185227120272,-1,5623,500
5.1,26.8519167514429,28.0909662846266,27.9562761663506,-1,5623,500
61.5,26.8519167514429,26.6330341391414,26.5121756112122,-1,5623,500
50.5,26.8519167514429,26.8716028520233,26.7485320007343,-1,5623,500
38.95,26.8519167514429,27.0647138696306,26.9398376186569,-1,5623,500
42.3,26.8519167514429,26.9986523095213,26.8743951415834,-1,5623,500
52.9,26.8519167514429,26.7966632703748,26.6742895082512,-1,5623,500
77.1,26.8519167514429,26.3201545947135,26.2021672347454,-1,5623,500
43.8,26.8519167514429,26.9720693556397,26.8480608727919,-1,5623,500
82.85,26.8519167514429,26.1478206638258,26.0314000732742,-1,5623,500
25.45,26.8519167514429,27.3619856943041,27.2343046787721,-1,5623,500
60.55,26.8519167514429,26.6576038560654,26.5365184075468,-1,5623,500
10.75,26.8519167514429,27.7806146929436,27.648931360658,-1,5623,500
34.5,26.8519167514429,27.0965421004542,26.9713670310547,-1,5623,500
3,26.8519167514429,28.2445673053728,28.1083765607428,-1,5623,500
1.35,26.8519167514429,28.4954975094332,28.3568374784419,-1,5623,500
54.55,26.8519167514429,26.7765987182811,26.6544112626188,-1,5623,500
47.45,26.8519167514429,26.8913068258184,26.7680523607992,-1,5623,500
82.75,26.8519167514429,26.2113005611643,26.0943040570708,-1,5623,500
17.95,26.8519167514429,27.5318938804091,27.4025958605938,-1,5623,500
38.15,26.8519167514429,27.0733362908102,26.9483791235718,-1,5623,500
23.4,26.8519167514429,27.3677181755378,27.2399827693898,-1,5623,500
83.9,26.8519167514429,26.1438849991813,26.0275000679126,-1,5623,500
19.75,26.8519167514429,27.4787176340101,27.3499267770936,-1,5623,500
20.35,26.8519167514429,27.4813930683877,27.3525767184828,-1,5623,500
1,26.8519167514429,28.611295542748,28.4714885562516,-1,5623,500
18.8,26.8519167514429,27.4979828292582,27.3690083470893,-1,5623,500
35.35,26.8519167514429,27.1212302676733,26.9958231694562,-1,5623,500
66.6,26.8519167514429,26.5242970485774,26.4044402503643,-1,5623,500
90.95,26.8519167514429,25.8359071844445,25.7222958466854,-1,5623,500
26.3,26.8519167514429,27.3175340297126,27.1902743869142,-1,5623,500
51.65,26.8519167514429,26.8341490743335,26.711426864905,-1,5623,500
69.25,26.8519167514429,26.4864729450523,26.3669636252801,-1,5623,500
59.4,26.8519167514429,26.6903739902197,26.5689855542549,-1,5623,500
50.25,26.8519167514429,26.8395713480361,26.7167986953454,-1,5623,500
22.6,26.8519167514429,27.4249374507675,27.2966585082642,-1,5623,500
19.1,26.8519167514429,27.5037245843448,27.3746953497493,-1,5623,500
42.5,26.8519167514429,27.0146180140147,26.8902113668469,-1,5623,500
34.65,26.8519167514429,27.1405099023672,27.0149214581402,-1,5623,500
85,26.8519167514429,26.0834422463812,25.9676042769417,-1,5623,500
24.25,26.8519167514429,27.3729316068655,27.2451467249172,-1,5623,500
63.25,26.8519167514429,26.6207886741356,26.5000431635984,-1,5623,500
15.6,26.8519167514429,27.5568536246464,27.4273172119636,-1,5623,500
17,26.8519167514429,27.563052568802,27.4334569155577,-1,5623,500
11.25,26.8519167514429,27.7411702142597,27.6098666142729,-1,5623,500
81.45,26.8519167514429,26.2285678727589,26.1114144684956,-1,5623,500
26.95,26.8519167514429,27.3300509901495,27.2026727648309,-1,5623,500
66.05,26.8519167514429,26.5770125804141,26.4566706635729,-1,5623,500
17.35,26.8519167514429,27.5463362181644,27.4169002848509,-1,5623,500
1.2,26.8519167514429,28.5039763546656,28.3652325019131,-1,5623,500
94.25,26.8519167514429,25.6946231699824,25.5822730733475,-1,5623,500
85.15,26.8519167514429,26.0946812673036,25.9787416901314,-1,5623,500
61.4,26.8519167514429,26.6439434293036,26.5229841716697,-1,5623,500
96.9,26.8519167514429,25.5970464920819,25.4855633714833,-1,5623,500
64.9,26.8519167514429,26.5994645189085,26.4789156903978,-1,5623,500
9.75,26.8519167514429,27.8186046920925,27.6865551141284,-1,5623,500
42.75,26.8519167514429,27.0017424608673,26.8774563683024,-1,5623,500
55.75,26.8519167514429,26.7701136771651,26.6479864072057,-1,5623,500
74.5,26.8519167514429,26.382537329875,26.2639802501788,-1,5623,500
9.25,26.8519167514429,27.8261465822589,27.6940242358949,-1,5623,500
0.9,26.8519167514429,28.4976039029879,28.3589230505674,-1,5623,500
55.65,26.8519167514429,26.7642209105041,26.6421483167351,-1,5623,500
23.2,26.8519167514429,27.3986011440458,27.2705725175367,-1,5623,500
37.35,26.8519167514429,27.0853519360079,26.9602819656419,-1,5623,500
92.35,26.8519167514429,25.843891073487,25.7302082544984,-1,5623,500
62.6,26.8519167514429,26.6237929286209,26.5030196957086,-1,5623,500
68.25,26.8519167514429,26.5185119940407,26.3987083738619,-1,5623,500
28.3,26.8519167514429,27.2751561230072,27.1482975498972,-1,5623,500
77.5,26.8519167514429,26.3182701417461,26.200299970583,-1,5623,500
33.15,26.8519167514429,27.1671926079469,27.0413529686953,-1,5623,500
42.4,26.8519167514429,27.0159570376929,26.8915378498254,-1,5623,500
93.65,26.8519167514429,25.7553315257419,25.6424403445471,-1,5623,500
83.95,26.8519167514429,26.0956290603512,25.9796809125143,-1,5623,500
58.2,26.8519167514429,26.7137854514788,26.592180326173,-1,5623,500
38.25,26.8519167514429,27.0464672978435,26.9217621940576,-1,5623,500
80.6,26.8519167514429,26.2424155386616,26.1251362313955,-1,5623,500
19,26.8519167514429,27.4881317377974,27.359251167077,-1,5623,500
41.2,26.8519167514429,27.0081094796845,26.8837637795945,-1,5623,500
32.35,26.8519167514429,27.1954718526383,27.0693657157583,-1,5623,500
68.6,26.8519167514429,26.4851415137811,26.365644416315,-1,5623,500
37.4,26.8519167514429,27.0813146032187,26.9562825410656,-1,5623,500
40.45,26.8519167514429,27.0268588576265,26.9023375447654,-1,5623,500
40.2,26.8519167514429,27.0220535816556,26.8975772883222,-1,5623,500
13.15,26.8519167514429,27.6859223734615,27.5551497277875,-1,5623,500
73.95,26.8519167514429,26.4001633490225,26.2814450496609,-1,5623,500
27.65,26.8519167514429,27.3035192059547,27.1763922708586,-1,5623,500
75.7,26.8519167514429,26.3753614748341,26.2568699992111,-1,5623,500
97.9,26.8519167514429,25.4076523936436,25.297842515212,-1,5623,500
12.35,26.8519167514429,27.687328774322,27.5565426258355,-1,5623,500
52.45,26.8519167514429,26.813255096744,26.6907271669772,-1,5623,500
28.9,26.8519167514429,27.2732265612059,27.1463862347142,-1,5623,500
98.85,26.8519167514429,25.1405292691772,25.0330579428449,-1,5623,500
32,26.8519167514429,27.1952846890899,27.0691803169216,-1,5623,500
12.95,26.8519167514429,27.6546789652144,27.5242061077407,-1,5623,500
66.95,26.8519167514429,26.5348501458,26.4148963099665,-1,5623,500
37.2,26.8519167514429,27.1099732094772,26.9846719359021,-1,5623,500
94.95,26.8519167514429,25.6547121884714,25.5427171077664,-1,5623,500
45.3,26.8519167514429,26.9523388103375,26.8285147476469,-1,5623,500
77.6,26.8519167514429,26.3328268768462,26.2147238958612,-1,5623,500
54.15,26.8519167514429,26.7636770935986,26.6416095450352,-1,5623,500
33.55,26.8519167514429,27.167706251085,27.0418617738698,-1,5623,500
83.75,26.8519167514429,26.1462635559409,26.0298570742916,-1,5623,500
23.5,26.8519167514429,27.3868279886615,27.2589111825912,-1,5623,500
85,26.8519167514429,26.1297523284302,26.0134954021182,-1,5623,500
80.6,26.8519167514429,26.2401501405285,26.1228914348694,-1,5623,500
60.3,26.8519167514429,26.684741522083,26.563405189832,-1,5623,500
29.55,26.8519167514429,27.2506568603112,27.1240298639343,-1,5623,500
59.95,26.8519167514429,26.6820387816872,26.5607274474571,-1,5623,500
29.4,26.8519167514429,27.2804285129937,27.1535200756427,-1,5623,500
39.9,26.8519167514429,27.0340237394815,26.9094352854467,-1,5623,500
41.25,26.8519167514429,27.0128174673027,26.8884276822624,-1,5623,500
97.35,26.8519167514429,25.4545429657305,25.3443199953829,-1,5623,500
16.3,26.8519167514429,27.6253888745185,27.4951967518616,-1,5623,500
39.3,26.8519167514429,27.0366595224615,26.9120463643181,-1,5623,500
16.1,26.8519167514429,27.5951008393973,27.4651987001469,-1,5623,500
47.45,26.8519167514429,26.9166306217326,26.7931399740527,-1,5623,500
0.7,26.8519167514429,28.782653111394,28.6411402420963,-1,5623,500
23,26.8519167514429,27.4385532757005,27.3101448248877,-1,5623,500
55.65,26.8519167514429,26.7491381892582,26.6272054854279,-1,5623,500
50.6,26.8519167514429,26.8387510315248,26.715986010878,-1,5623,500
6.15,26.8519167514429,28.0102232311365,27.8763186270145,-1,5623,500
39.65,26.8519167514429,27.0507257166034,26.9259806806153,-1,5623,500
21.1,26.8519167514429,27.4742756526471,27.3455271157929,-1,5623,500
45.05,26.8519167514429,26.9464574312115,26.8226883149825,-1,5623,500
90.1,26.8519167514429,25.9507311763345,25.8360896455866,-1,5623,500
5.4,26.8519167514429,28.0431214194852,27.908897039028,-1,5623,500
53.4,26.8519167514429,26.7999345526436,26.6775304021188,-1,5623,500
16.35,26.8519167514429,27.5544036482939,27.4248906452343,-1,5623,500
56.3,26.8519167514429,26.7335298654381,26.6117418424125,-1,5623,500
25.4,26.8519167514429,27.3293421766991,27.2019706679675,-1,5623,500
87.8,26.8519167514429,26.020408062477,25.9051391398034,-1,5623,500
55.3,26.8519167514429,26.7793206503784,26.6571079288933,-1,5623,500
88.85,26.8519167514429,25.9948178944634,25.8797795914158,-1,5623,500
21.95,26.8519167514429,27.4479398745883,27.3194421043263,-1,5623,500
95.7,26.8519167514429,25.6590434261726,25.5470098453111,-1,5623,500
87.5,26.8519167514429,26.0123147561488,25.8971187955243,-1,5623,500
46.8,26.8519167514429,26.9106731816944,26.787238116378,-1,5623,500
14.45,26.8519167514429,27.6677005858682,27.5371028243313,-1,5623,500
94,26.8519167514429,25.722597149827,25.6099978859567,-1,5623,500
47.75,26.8519167514429,26.8921303582214,26.7688682160567,-1,5623,500
59.55,26.8519167514429,26.6832099019696,26.5618877362001,-1,5623,500
8.4,26.8519167514429,27.8275672658964,27.6954312097453,-1,5623,500
82.4,26.8519167514429,26.1885876183613,26.071797337089,-1,5623,500
30.1,26.8519167514429,27.2663106198218,27.1395356821894,-1,5623,500
49.3,26.8519167514429,26.85471062754,26.7317970799575,-1,5623,500
65.8,26.8519167514429,26.5782638816491,26.4579104377696,-1,5623,500
73.7,26.8519167514429,26.3789709261865,26.260446454007,-1,5623,500
4.65,26.8519167514429,28.0545196055463,27.920184344168,-1,5623,500
64.45,26.8519167514429,26.6021057840057,26.4815326026053,-1,5623,500
27.55,26.8519167514429,27.2740736522793,27.1472253155558,-1,5623,500
23.4,26.8519167514429,27.4059169894547,27.2778188531768,-1,5623,500
57.95,26.8519167514429,26.7211466613472,26.5994733631985,-1,5623,500
59.35,26.8519167514429,26.6798769835309,26.5585856422275,-1,5623,500
3.2,26.8519167514429,28.2947739819702,28.1580909430135,-1,5623,500
70.95,26.8519167514429,26.4569909211426,26.3377520956079,-1,5623,500
62.5,26.8519167514429,26.6263493207914,26.5055524957519,-1,5623,500
68.2,26.8519167514429,26.5111285918432,26.3913928251563,-1,5623,500
18.4,26.8519167514429,27.5121501638763,27.3830405634208,-1,5623,500
14.85,26.8519167514429,27.6421046556772,27.5117523552132,-1,5623,500
57.05,26.8519167514429,26.7298227397714,26.6080690672571,-1,5623,500
93.95,26.8519167514429,25.8000195871998,25.6867292814358,-1,5623,500
92.4,26.8519167514429,25.8392860062056,25.725644419963,-1,5623,500
81.65,26.8519167514429,26.1835119071284,26.0667676861778,-1,5623,500
50.75,26.8519167514429,26.8686337605116,26.7455905652349,-1,5623,500
7.9,26.8519167514429,27.9031209121771,27.7702547338263,-1,5623,500
44.7,26.8519167514429,26.9654892982535,26.8415423339601,-1,5623,500
25.3,26.8519167514429,27.3590019645686,27.2313492545386,-1,5623,500
56.8,26.8519167514429,26.7428926731468,26.6210178721627,-1,5623,500
98.25,26.8519167514429,25.2846646788199,25.1759346183216,-1,5623,500
47.45,26.8519167514429,26.8866868293745,26.7634754285414,-1,5623,500
91.7,26.8519167514429,25.8746476383174,25.7606892410576,-1,5623,500
73.15,26.8519167514429,26.4066909467565,26.2879129138492,-1,5623,500
87.5,26.8519167514429,26.0339509832988,25.9185599182886,-1,5623,500
43.3,26.8519167514429,26.9957933965036,26.8715629857586,-1,5623,500
50.75,26.8519167514429,26.85065053094,26.7277747768538,-1,5623,500
5.5,26.8519167514429,28.0580056164817,27.9236364342886,-1,5623,500
84.5,26.8519167514429,26.1389130513873,26.0225731609256,-1,5623,500
71.55,26.8519167514429,26.444508577681,26.3253841843519,-1,5623,500
89.6,26.8519167514429,25.9188160114916,25.8044612857128,-1,5623,500
90.25,26.8519167514429,25.899916759793,25.7857317032394,-1,5623,500
27.6,26.8519167514429,27.2966821747195,27.1696199551271,-1,5623,500
99.35,26.8519167514429,25.0512761587179,24.9445806230203,-1,5623,500
33.05,26.8519167514429,27.1884082152195,27.0623686708441,-1,5623,500
53.65,26.8519167514429,26.776553357434,26.6543663228033,-1,5623,500
55.7,26.8519167514429,26.7369214296227,26.61510197588,-1,5623,500
52.4,26.8519167514429,26.8135734969558,26.6910426077392,-1,5623,500
45.85,26.8519167514429,26.9250672008667,26.8014978193886,-1,5623,500
34.15,26.8519167514429,27.1499268272574,27.0242497591862,-1,5623,500
83.55,26.8519167514429,26.1527094574136,26.0362445641388,-1,5623,500
66.85,26.8519167514429,26.5555800098788,26.4354354454785,-1,5623,500
62.45,26.8519167514429,26.5991959450591,26.4786495927055,-1,5623,500
10.65,26.8519167514429,27.8301150619327,27.6979544174369,-1,5623,500
46.25,26.8519167514429,26.9239206160755,26.8003619364873,-1,5623,500
88.6,26.8519167514429,26.0022586694743,25.8871533335571,-1,5623,500
64.65,26.8519167514429,26.5853717199818,26.4649527879824,-1,5623,500
30.15,26.8519167514429,27.2412168904561,27.1146790682358,-1,5623,500
60.5,26.8519167514429,26.6589976471779,26.5378993195589,-1,5623,500
68.8,26.8519167514429,26.5047714867823,26.3850941265909,-1,5623,500
77.55,26.8519167514429,26.3011471416306,26.1833330987018,-1,5623,500
82.1,26.8519167514429,26.208345216382,26.0913755556711,-1,5623,500
77.1,26.8519167514429,26.306969088225,26.1891019720848,-1,5623,500
41.9,26.8519167514429,27.0090786370938,26.8847238625822,-1,5623,500
44,26.8519167514429,26.9790210148292,26.8549475227351,-1,5623,500
56.35,26.8519167514429,26.7379616817276,26.6161325868253,-1,5623,500
25.05,26.8519167514429,27.3801863194801,27.2523325739808,-1,5623,500
26.45,26.8519167514429,27.3386069052833,27.2111475917742,-1,5623,500
46.5,26.8519167514429,26.9204814475446,26.7969548653928,-1,5623,500
76.55,26.8519167514429,26.3333533254365,26.2152455399524,-1,5623,500
34.3,26.8519167514429,27.1514658567966,27.0257743017715,-1,5623,500
67.25,26.8519167514429,26.5075273397474,26.3878246616408,-1,5623,500
86.8,26.8519167514429,26.0995071126046,25.9835238931901,-1,5623,500
3.15,26.8519167514429,28.2215209310132,28.0855558684253,-1,5623,500
63.45,26.8519167514429,26.6189057558295,26.4981776186936,-1,5623,500
3.8,26.8519167514429,28.125305608245,27.9902807249575,-1,5623,500
38.05,26.8519167514429,27.0893904727628,26.9642825771602,-1,5623,500
86.5,26.8519167514429,26.0588020001287,25.9431866387144,-1,5623,500
33.05,26.8519167514429,27.182423369012,27.0564402331339,-1,5623,500
78.65,26.8519167514429,26.2796763890713,26.1620579719978,-1,5623,500
7.5,26.8519167514429,27.8868260409316,27.7541174993833,-1,5623,500
66,26.8519167514429,26.5605778505198,26.4403872800999,-1,5623,500
68.7,26.8519167514429,26.4991282218072,26.3795026977599,-1,5623,500
71.35,26.8519167514429,26.4413234836547,26.3222282810035,-1,5623,500
70,26.8519167514429,26.4713468920195,26.3519763901657,-1,5623,500
42.2,26.8519167514429,27.0062175156592,26.8818895294711,-1,5623,500
7.65,26.8519167514429,27.9508348334754,27.8175065346855,-1,5623,500
93.35,26.8519167514429,25.8226538453999,25.7091611178374,-1,5623,500
19.1,26.8519167514429,27.5038203005779,27.3747901531503,-1,5623,500
15.7,26.8519167514429,27.6218647168918,27.4917063517251,-1,5623,500
63.05,26.8519167514429,26.6012551498506,26.4806898117013,-1,5623,500
22.35,26.8519167514429,27.4207031148352,27.2924644343988,-1,5623,500
43.4,26.8519167514429,26.9831200290893,26.8590081966447,-1,5623,500
37.5,26.8519167514429,27.1094152514176,26.9841192219033,-1,5623,500
27,26.8519167514429,27.2924873476845,27.1654648258584,-1,5623,500
9.3,26.8519167514429,27.8677493176866,27.7352252063379,-1,5623,500
57.35,26.8519167514429,26.7206497649344,26.5989810691875,-1,5623,500
73,26.8519167514429,26.4231565855396,26.304227810422,-1,5623,500
64.15,26.8519167514429,26.5926623193088,26.472176196907,-1,5623,500
4.2,26.8519167514429,28.1850364566524,28.049428288307,-1,5623,500
70.8,26.8519167514429,26.4647872938908,26.3454769671745,-1,5623,500
30.15,26.8519167514429,27.2540399337886,27.1273809717874,-1,5623,500
79.95,26.8519167514429,26.2692815867018,26.151757821385,-1,5623,500
51.6,26.8519167514429,26.8310060702355,26.7083130953658,-1,5623,500
94.4,26.8519167514429,25.7184118166775,25.6058498494899,-1,5623,500
82.25,26.8519167514429,26.2018284293411,26.084917949746,-1,5623,500
35.3,26.8519167514429,27.121137195823,26.995730972732,-1,5623,500
78.9,26.8519167514429,26.2768366559828,26.1592441003774,-1,5623,500
15.7,26.8519167514429,27.6008350315102,27.4708780166972,-1,5623,500
68.5,26.8519167514429,26.4998390520164,26.3802069992616,-1,5623,500
34.55,26.8519167514429,27.137154953662,27.0115980757583,-1,5623,500
23.9,26.8519167514429,27.3495814400953,27.222018078487,-1,5623,500
81.7,26.8519167514429,26.1731063466201,26.0564565242652,-1,5623,500
80.25,26.8519167514429,26.2230851033826,26.1059815298746,-1,5623,500
1.5,26.8519167514429,28.4608125408513,28.3224951427003,-1,5623,500
59.15,26.8519167514429,26.6947464242347,26.573317532956,-1,5623,500
62.65,26.8519167514429,26.6363104767362,26.5154217014985,-1,5623,500
89.05,26.8519167514429,25.9691926776132,25.8543850797796,-1,5623,500
56.6,26.8519167514429,26.7437976396938,26.621914449516,-1,5623,500
68.55,26.8519167514429,26.5249202050002,26.4050576778376,-1,5623,500
72.75,26.8519167514429,26.4225823707394,26.3036588541342,-1,5623,500
9.95,26.8519167514429,27.7827632210335,27.6510591891866,-1,5623,500
78.05,26.8519167514429,26.299659238011,26.181858756992,-1,5623,500
3.25,26.8519167514429,28.2223271709205,28.0863542163559,-1,5623,500
11.7,26.8519167514429,27.7645600882494,27.6330313795921,-1,5623,500
71.15,26.8519167514429,26.43849293301,26.3194236687385,-1,5623,500
30.6,26.8519167514429,27.2234818148468,27.0971114415368,-1,5623,500
73.25,26.8519167514429,26.4231124142843,26.3041840436798,-1,5623,500
92.85,26.8519167514429,25.7900007016022,25.6767999389308,-1,5623,500
93.05,26.8519167514429,25.7610402691127,25.6480981402001,-1,5623,500
66.95,26.8519167514429,26.5747337273132,26.4544128019491,-1,5623,500
25.5,26.8519167514429,27.3272159569301,27.1998645948124,-1,5623,500
34.15,26.8519167514429,27.1480615708044,27.0224020593622,-1,5623,500
45.85,26.8519167514429,26.9202063520179,26.7966823371276,-1,5623,500
77.1,26.8519167514429,26.3152030047399,26.1972608074238,-1,5623,500
63.2,26.8519167514429,26.6179195715874,26.4972005333275,-1,5623,500
5.85,26.8519167514429,27.9990097940053,27.8652140998219,-1,5623,500
46,26.8519167514429,26.9184642109028,26.7949564535005,-1,5623,500
29.3,26.8519167514429,27.24365844452,27.1170975612894,-1,5623,500
17.25,26.8519167514429,27.5740637685812,27.4443628529591,-1,5623,500
57.85,26.8519167514429,26.7169462103145,26.5953118152585,-1,5623,500
46.35,26.8519167514429,26.9171348338525,26.7936394813488,-1,5623,500
68.8,26.8519167514429,26.4973513131117,26.3777421085256,-1,5623,500
82.5,26.8519167514429,26.206563639348,26.0896101592121,-1,5623,500
9.45,26.8519167514429,27.8058319890369,27.6739056038161,-1,5623,500
0.95,26.8519167514429,28.5312456001647,28.3922319931682,-1,5623,500
42.65,26.8519167514429,27.0116633969281,26.8872844191637,-1,5623,500
77.85,26.8519167514429,26.3165174044864,26.1985632195813,-1,5623,500
98.9,26.8519167514429,25.1567745221308,25.0491616907363,-1,5623,500
50.25,26.8519167514429,26.8419414329965,26.7191467282319,-1,5623,500
52.15,26.8519167514429,26.8406651813915,26.7178823515494,-1,5623,500
95.35,26.8519167514429,25.6851450717844,25.5728793352923,-1,5623,500
9.8,26.8519167514429,27.7983988828762,27.66654416365,-1,5623,500
85.3,26.8519167514429,26.1011879598928,25.9851895379179,-1,5623,500
28.15,26.8519167514429,27.3005482130397,27.1734494017104,-1,5623,500
74.75,26.8519167514429,26.3743492451244,26.2558670221909,-1,5623,500
19.95,26.8519167514429,27.4992745151256,27.3702877166618,-1,5623,500
50.05,26.8519167514429,26.8525207599995,26.7296275975643,-1,5623,500
84.15,26.8519167514429,26.139820831149,26.0234727177702,-1,5623,500
12.25,26.8519167514429,27.7382005731464,27.6069255398381,-1,5623,500
31.15,26.8519167514429,27.2096569840905,27.0834170639051,-1,5623,500
30.25,26.8519167514429,27.233144097656,27.1066825098398,-1,5623,500
49.6,26.8519167514429,26.8596847784528,26.7367249209985,-1,5623,500
43.25,26.8519167514429,26.9637412914276,26.8398106671217,-1,5623,500
13.65,26.8519167514429,27.6821403489723,27.551404010962,-1,5623,500
99.85,26.8519167514429,24.7207550297784,24.6169080361599,-1,5623,500
48.9,26.8519167514429,26.9027035031165,26.7793427746972,-1,5623,500
88.75,26.8519167514429,25.9978107976526,25.8827455343073,-1,5623,500
84.35,26.8519167514429,26.08938351077,25.9734918341311,-1,5623,500
14.2,26.8519167514429,27.6205132237687,27.4903678032401,-1,5623,500
94.15,26.8519167514429,25.7969878426746,25.6837246366334,-1,5623,500
2.8,26.8519167514429,28.1914709947831,28.0557999171231,-1,5623,500
53.8,26.8519167514429,26.7945737025454,26.6722193493854,-1,5623,500
91.85,26.8519167514429,25.8839694231468,25.7699274373054,-1,5623,500
74.7,26.8519167514429,26.3854880469277,26.2669039855449,-1,5623,500
28,26.8519167514429,27.233707160493,27.1072402562052,-1,5623,500
31.3,26.8519167514429,27.2259670868372,27.0995732550296,-1,5623,500
32.65,26.8519167514429,27.1650448561511,27.0392254453997,-1,5623,500
79.55,26.8519167514429,26.2366656762648,26.1194386549263,-1,5623,500
86.75,26.8519167514429,26.0460486637731,25.930548436489,-1,5623,500
71.65,26.8519167514429,26.4724109170569,26.3530306528387,-1,5623,500
86.8,26.8519167514429,26.0758258889907,25.9600567509584,-1,5623,500
87.05,26.8519167514429,26.0299209201067,25.9145662085861,-1,5623,500
35.1,26.8519167514429,27.1408361221816,27.0152446083797,-1,5623,500
14.95,26.8519167514429,27.6494060353318,27.5189837391652,-1,5623,500
31,26.8519167514429,27.2362412314182,27.1097503989107,-1,5623,500
67.3,26.8519167514429,26.5445200533368,26.4244772666682,-1,5623,500
6.9,26.8519167514429,28.0073445897219,27.8734679484637,-1,5623,500
10.65,26.8519167514429,27.7956124925264,27.6637846331794,-1,5623,500
62.1,26.8519167514429,26.6664186658569,26.5452517540465,-1,5623,500
12.3,26.8519167514429,27.7292954633171,27.5981060748231,-1,5623,500
8.2,26.8519167514429,27.814786333209,27.6827735893164,-1,5623,500
42.75,26.8519167514429,27.0074172669738,26.8830780480132,-1,5623,500
2.1,26.8519167514429,28.3950615731468,28.2573925337799,-1,5623,500
3.85,26.8519167514429,28.1543620216098,28.0190535521702,-1,5623,500
69.6,26.8519167514429,26.5157983382179,26.3960196587683,-1,5623,500
5.7,26.8519167514429,27.9888460762059,27.8551490585336,-1,5623,500
86.05,26.8519167514429,26.1024810666737,25.9864709484144,-1,5623,500
23.25,26.8519167514429,27.3852621621295,27.2573602244857,-1,5623,500
71.25,26.8519167514429,26.4791960879901,26.3597535609032,-1,5623,500
28.1,26.8519167514429,27.2831596589919,27.1562253876776,-1,5623,500
47.85,26.8519167514429,26.9011009770768,26.7777551934727,-1,5623,500
73.25,26.8519167514429,26.4317286033682,26.3127213141494,-1,5623,500
53.4,26.8519167514429,26.8105262622254,26.6880236948303,-1,5623,500
62.65,26.8519167514429,26.6229857488627,26.5022199646784,-1,5623,500
76.15,26.8519167514429,26.356450023428,26.2381313560904,-1,5623,500
94.8,26.8519167514429,25.6559197904189,25.5439139760623,-1,5623,500
50.4,26.8519167514429,26.8431266324524,26.7203208994515,-1,5623,500
41.55,26.8519167514429,27.0118480415613,26.8874673347263,-1,5623,500
97.1,26.8519167514429,25.5440557609764,25.433042066746,-1,5623,500
95.5,26.8519167514429,25.6548371075389,25.5428409165268,-1,5623,500
88,26.8519167514429,26.0221215773046,25.9068372041575,-1,5623,500
72.4,26.8519167514429,26.4240842160167,26.3051469456519,-1,5623,500
49.9,26.8519167514429,26.8661219647343,26.7431021635114,-1,5623,500
83.5,26.8519167514429,26.1708962303983,26.0542664531881,-1,5623,500
79.2,26.8519167514429,26.2468167567784,26.1294974195388,-1,5623,500
24.85,26.8519167514429,27.3920012338854,27.2640352987537,-1,5623,500
54.05,26.8519167514429,26.7741040998991,26.6519397977806,-1,5623,500
54.25,26.8519167514429,26.7764626362011,26.6542764436269,-1,5623,500
62.95,26.8519167514429,26.6086888452695,26.4880549563323,-1,5623,500
63.35,26.8519167514429,26.592617579515,26.4721318694935,-1,5623,500
42.65,26.8519167514429,26.9849626884146,26.8608336186368,-1,5623,500
74.15,26.8519167514429,26.3977824614377,26.279085945675,-1,5623,500
10.7,26.8519167514429,27.805538501593,27.6736149463869,-1,5623,500
25.45,26.8519167514429,27.3265545338085,27.1992094385637,-1,5623,500
1.95,26.8519167514429,28.401745477284,28.2640105982903,-1,5623,500
94.35,26.8519167514429,25.7463957088942,25.633584252492,-1,5623,500
77.4,26.8519167514429,26.28269154664,26.1650456674095,-1,5623,500
16.1,26.8519167514429,27.5600728832474,27.4305057072188,-1,5623,500
89.5,26.8519167514429,25.9297859670363,25.815332700295,-1,5623,500
24.2,26.8519167514429,27.3904348157596,27.2624837575134,-1,5623,500
47.2,26.8519167514429,26.909711073392,26.7862849832893,-1,5623,500
18.4,26.8519167514429,27.5125332674222,27.3834200122115,-1,5623,500
63.65,26.8519167514429,26.6016580750375,26.4810890217582,-1,5623,500
52.5,26.8519167514429,26.8081617215565,26.685681128596,-1,5623,500
56,26.8519167514429,26.7709751450227,26.6488398808907,-1,5623,500
50.65,26.8519167514429,26.8631997389522,26.7402071516104,-1,5623,500
0.5,26.8519167514429,28.8221737180119,28.6802659567231,-1,5623,500
89.5,26.8519167514429,25.9130371344306,25.7987343021894,-1,5623,500
15.25,26.8519167514429,27.6467945029132,27.5163972447164,-1,5623,500
49.85,26.8519167514429,26.8602781488015,26.737312766427,-1,5623,500
15.3,26.8519167514429,27.6170868161361,27.4869742109633,-1,5623,500
13.7,26.8519167514429,27.6714786655019,27.5408446533019,-1,5623,500
44.55,26.8519167514429,26.9677896525603,26.8438211834224,-1,5623,500
77.75,26.8519167514429,26.3255903426636,26.2075533942116,-1,5623,500
7.55,26.8519167514429,27.9652253760101,27.8317575448156,-1,5623,500
48.3,26.8519167514429,26.8854063193132,26.7622068531216,-1,5623,500
44.5,26.8519167514429,26.9567055565125,26.8328406898875,-1,5623,500
77.55,26.8519167514429,26.3062685672916,26.1884078377714,-1,5623,500
86.3,26.8519167514429,26.1117089464955,25.9956153440759,-1,5623,500
84.4,26.8519167514429,26.1278086614135,26.0115693341483,-1,5623,500
92.75,26.8519167514429,25.7881493228395,25.6749651028805,-1,5623,500
14.3,26.8519167514429,27.6444735548797,27.5140985466788,-1,5623,500
85.7,26.8519167514429,26.1178788775078,26.0017294393672,-1,5623,500
29.75,26.8519167514429,27.2550268217865,27.1283585342269,-1,5623,500
40.45,26.8519167514429,27.0403597340145,26.9157118912003,-1,5623,500
19.85,26.8519167514429,27.4756128722733,27.3468515960626,-1,5623,500
28.75,26.8519167514429,27.318431090594,27.1911629510951,-1,5623,500
77.85,26.8519167514429,26.3062685672916,26.1884078377714,-1,5623,500
4.85,26.8519167514429,28.1404775935524,28.0053046709271,-1,5623,500
77.2,26.8519167514429,26.291435044262,26.1737095109233,-1,5623,500
76.45,26.8519167514429,26.3229160248137,26.2049034745515,-1,5623,500
69.5,26.8519167514429,26.462793465941,26.3435014268158,-1,5623,500
15.1,26.8519167514429,27.6368365193461,27.5065347110034,-1,5623,500
77,26.8519167514429,26.265614795982,26.1481244102472,-1,5623,500
11.25,26.8519167514429,27.753883567597,27.6224576356328,-1,5623,500
55.8,26.8519167514429,26.7540280196819,26.6320499721619,-1,5623,500
59,26.8519167514429,26.6899233052694,26.5685390388208,-1,5623,500
34.85,26.8519167514429,27.1493672234094,27.0236954227083,-1,5623,500
32.65,26.8519167514429,27.1877067297356,27.0616737976656,-1,5623,500
98.65,26.8519167514429,25.2432744503376,25.1349065970712,-1,5623,500
56,48.5571902023442,48.441223816778,47.9109717070131,0,5623,500
27.85,48.5571902023442,49.010463871843,48.5156232052298,0,5623,500
32.55,48.5571902023442,48.8845145839839,48.3553188236511,0,5623,500
34.8,48.5571902023442,48.851064080236,48.2524935847738,0,5623,500
81,48.5571902023442,47.8882933289386,47.4160156072309,0,5623,500
14.15,48.5571902023442,49.4025677650086,48.8945233486366,0,5623,500
63.45,48.5571902023442,48.294126618953,47.7893253542329,0,5623,500
55.6,48.5571902023442,48.4487288673581,47.947022993792,0,5623,500
17.25,48.5571902023442,49.3303103773899,48.7699216024611,0,5623,500
25.8,48.5571902023442,49.0823108573219,48.4621994294038,0,5623,500
0.5,48.5571902023442,50.5335850949481,49.9849543857114,0,5623,500
47.5,48.5571902023442,48.5955999200815,48.0763989538848,0,5623,500
56.45,48.5571902023442,48.443032207041,47.8806537088287,0,5623,500
38.45,48.5571902023442,48.767397372607,48.2461868404886,0,5623,500
1.5,48.5571902023442,50.2060117477315,49.6722380534158,0,5623,500
57.2,48.5571902023442,48.4433038022236,47.9305795065794,0,5623,500
58.65,48.5571902023442,48.4095903340701,47.8920622927622,0,5623,500
42.65,48.5571902023442,48.7177554714235,48.1957025410076,0,5623,500
17.65,48.5571902023442,49.2944741720445,48.7578432076049,0,5623,500
27.95,48.5571902023442,49.0040081572646,48.4942998085779,0,5623,500
34.8,48.5571902023442,48.8399835158465,48.3126093977662,0,5623,500
10.55,48.5571902023442,49.4859258564547,48.9766104784679,0,5623,500
41.9,48.5571902023442,48.7185406042584,48.163650921212,0,5623,500
62.8,48.5571902023442,48.313209573054,47.7367778846851,0,5623,500
85.6,48.5571902023442,47.7544472529704,47.1609716462639,0,5623,500
37.65,48.5571902023442,48.7999633236129,48.2608561899248,0,5623,500
98.35,48.5571902023442,46.9537696328247,46.4364093000401,0,5623,500
33.05,48.5571902023442,48.9319510526504,48.3670760098517,0,5623,500
19.25,48.5571902023442,49.2345999814208,48.6814307902747,0,5623,500
74.85,48.5571902023442,48.0278417012313,47.5047918743665,0,5623,500
57.6,48.5571902023442,48.394233493165,47.8816949410577,0,5623,500
77.15,48.5571902023442,48.0018485721933,47.5150409455072,0,5623,500
12.65,48.5571902023442,49.4571267392956,48.9311169650607,0,5623,500
95.25,48.5571902023442,47.2770317121954,46.8019230423937,0,5623,500
20,48.5571902023442,49.2048267756277,48.6702099946379,0,5623,500
62.5,48.5571902023442,48.3050287398572,47.8076791718872,0,5623,500
18.2,48.5571902023442,49.2743584560809,48.7601555353999,0,5623,500
0,48.5571902023442,51.4532091619609,50.7170026733026,0,5623,500
26.6,48.5571902023442,49.050561329139,48.4843199945875,0,5623,500
42.1,48.5571902023442,48.7337117637339,48.1374393728059,0,5623,500
59.45,48.5571902023442,48.3779573241344,47.8688611833559,0,5623,500
55.15,48.5571902023442,48.4772500558886,47.9164188041504,0,5623,500
88.1,48.5571902023442,47.6268735779739,47.1404775578721,0,5623,500
97.2,48.5571902023442,47.0575612902414,46.5269971230153,0,5623,500
92.4,48.5571902023442,47.4128545151283,46.9172589579304,0,5623,500
35.4,48.5571902023442,48.8585362346835,48.3590391902947,0,5623,500
37.75,48.5571902023442,48.7927050803112,48.2918509222561,0,5623,500
22.7,48.5571902023442,49.1456170857669,48.6300264934249,0,5623,500
32.5,48.5571902023442,48.8863049915684,48.3490063867379,0,5623,500
87.85,48.5571902023442,47.6469943493902,47.1486435704804,0,5623,500
68.7,48.5571902023442,48.1981065789043,47.6911002974908,0,5623,500
76.95,48.5571902023442,47.9870506461399,47.493555665746,0,5623,500
73.05,48.5571902023442,48.1120686044775,47.5979271665281,0,5623,500
88.8,48.5571902023442,47.6403095449918,47.1006873030041,0,5623,500
17.65,48.5571902023442,49.2822037488012,48.8028166155529,0,5623,500
89.25,48.5571902023442,47.6125149924368,47.1015743019056,0,5623,500
80.6,48.5571902023442,47.902244840962,47.3825895283589,0,5623,500
53.75,48.5571902023442,48.4737521618104,47.9363718571493,0,5623,500
90.5,48.5571902023442,47.5340742565221,47.0446275811349,0,5623,500
91.1,48.5571902023442,47.54851743147,47.0397184086693,0,5623,500
83.35,48.5571902023442,47.8190334153796,47.30078930762,0,5623,500
49.95,48.5571902023442,48.5577991583388,48.0546660562656,0,5623,500
42.35,48.5571902023442,48.7044271169889,48.1934636163037,0,5623,500
0.15,48.5571902023442,50.8710661050153,50.3596093091466,0,5623,500
1.25,48.5571902023442,50.2753175190729,49.7617406145806,0,5623,500
2.55,48.5571902023442,49.9958357398138,49.4594123622019,0,5623,500
93.85,48.5571902023442,47.3943355630624,46.8940483113474,0,5623,500
92.85,48.5571902023442,47.466603760703,46.9784410096542,0,5623,500
32.6,48.5571902023442,48.9102263656897,48.4060903213019,0,5623,500
31,48.5571902023442,48.9163869485607,48.3919017301394,0,5623,500
65.65,48.5571902023442,48.2421886533565,47.7308311301006,0,5623,500
82.85,48.5571902023442,47.8529478192386,47.3806204786465,0,5623,500
21,48.5571902023442,49.1890430301553,48.6892349099216,0,5623,500
21.6,48.5571902023442,49.1783597415685,48.6658410698231,0,5623,500
21.7,48.5571902023442,49.1825987909007,48.6772357495817,0,5623,500
32.3,48.5571902023442,48.8985369449474,48.3789565349487,0,5623,500
91.8,48.5571902023442,47.4961695839363,46.9751540996207,0,5623,500
12.85,48.5571902023442,49.4488788201068,48.8982330558383,0,5623,500
20.8,48.5571902023442,49.1806668694302,48.6608864479033,0,5623,500
53.85,48.5571902023442,48.4580089180208,47.9441632705672,0,5623,500
85.55,48.5571902023442,47.7393687133763,47.2239499845335,0,5623,500
0.35,48.5571902023442,50.6037865329173,50.0159736878902,0,5623,500
33.75,48.5571902023442,48.8756891506432,48.3323742232374,0,5623,500
24.95,48.5571902023442,49.0886578845731,48.5738449983336,0,5623,500
40.75,48.5571902023442,48.7351349401757,48.1946383295476,0,5623,500
99.4,48.5571902023442,46.6883484332623,46.197129133406,0,5623,500
51,48.5571902023442,48.5443119650215,48.0172019681204,0,5623,500
71.75,48.5571902023442,48.1280891094129,47.6008300626798,0,5623,500
86.6,48.5571902023442,47.6598704426373,47.1493830661535,0,5623,500
26.5,48.5571902023442,49.0370315501452,48.548943707222,0,5623,500
80.05,48.5571902023442,47.9532718173867,47.4430401256061,0,5623,500
41.65,48.5571902023442,48.7116291113811,48.1719865140263,0,5623,500
57.55,48.5571902023442,48.408504889688,47.8714123500126,0,5623,500
69.15,48.5571902023442,48.180466942077,47.6728474188749,0,5623,500
71.7,48.5571902023442,48.1115817168625,47.5988371027182,0,5623,500
8.15,48.5571902023442,49.6614988517031,49.1365358876944,0,5623,500
2.3,48.5571902023442,50.0901170169523,49.5603151546299,0,5623,500
24.55,48.5571902023442,49.0911228416612,48.5794092402105,0,5623,500
80.75,48.5571902023442,47.8554992648624,47.3679481301028,0,5623,500
96.35,48.5571902023442,47.1746184135868,46.6879949519098,0,5623,500
47.9,48.5571902023442,48.5909736938357,48.0738677069406,0,5623,500
4.55,48.5571902023442,49.9108554941351,49.387008648032,0,5623,500
35.4,48.5571902023442,48.8480135007046,48.311314166296,0,5623,500
57.45,48.5571902023442,48.4117436516406,47.9295565385024,0,5623,500
74.75,48.5571902023442,48.0538281438658,47.5498358578393,0,5623,500
17.55,48.5571902023442,49.3039098353555,48.7808551697882,0,5623,500
43.35,48.5571902023442,48.6865840601897,48.1572995983653,0,5623,500
4.65,48.5571902023442,49.8945672099348,49.3384520466076,0,5623,500
66.4,48.5571902023442,48.218469163177,47.6976248201688,0,5623,500
76.35,48.5571902023442,48.0137462077065,47.5119702652922,0,5623,500
26.95,48.5571902023442,49.0308223319419,48.5125903213562,0,5623,500
55.05,48.5571902023442,48.4559592159859,47.907460498221,0,5623,500
82.3,48.5571902023442,47.873567577146,47.3690296112227,0,5623,500
82.8,48.5571902023442,47.8403908135036,47.3445435810969,0,5623,500
54.4,48.5571902023442,48.4650190117819,47.9598831203188,0,5623,500
8.9,48.5571902023442,49.628291521449,49.0994171523727,0,5623,500
29.55,48.5571902023442,48.9962401581979,48.4996861781618,0,5623,500
0,48.5571902023442,50.8677257340218,50.3206604371767,0,5623,500
19.15,48.5571902023442,49.2480698943358,48.6409211366422,0,5623,500
8.2,48.5571902023442,49.640251155985,49.1140358510482,0,5623,500
73.65,48.5571902023442,48.0932936947384,47.5963063161336,0,5623,500
47.7,48.5571902023442,48.5897793602106,48.0512055691791,0,5623,500
24.2,48.5571902023442,49.0905863368075,48.563702934077,0,5623,500
82.15,48.5571902023442,47.8499093543794,47.357208070279,0,5623,500
13.15,48.5571902023442,49.4239135186837,48.9242495862036,0,5623,500
63.65,48.5571902023442,48.2837962176013,47.7453007862279,0,5623,500
6.05,48.5571902023442,49.7329078588113,49.1880993498564,0,5623,500
19.55,48.5571902023442,49.2192649476542,48.6527409318729,0,5623,500
1.6,48.5571902023442,50.2630675749016,49.7348856894294,0,5623,500
14.35,48.5571902023442,49.3900873519058,48.8847085827472,0,5623,500
92.55,48.5571902023442,47.4546749469761,46.8927280303588,0,5623,500
82.1,48.5571902023442,47.8591608052861,47.3663192060244,0,5623,500
35.35,48.5571902023442,48.8460018700615,48.2811202218085,0,5623,500
15.8,48.5571902023442,49.3728359012345,48.8038491217525,0,5623,500
47.7,48.5571902023442,48.5913593523672,48.0681469354473,0,5623,500
21.85,48.5571902023442,49.1547357152572,48.6224551202806,0,5623,500
37.75,48.5571902023442,48.7802210355577,48.2789164452638,0,5623,500
42.4,48.5571902023442,48.7216827462216,48.1820614567386,0,5623,500
12.2,48.5571902023442,49.495840430223,48.9226305059204,0,5623,500
33.15,48.5571902023442,48.9099622830141,48.4128525544371,0,5623,500
60.65,48.5571902023442,48.347933386858,47.8458068758827,0,5623,500
81.7,48.5571902023442,47.8698457078597,47.3596511242014,0,5623,500
95.6,48.5571902023442,47.2706818059238,46.7486185268755,0,5623,500
35.1,48.5571902023442,48.8508192560991,48.3177166652569,0,5623,500
77.15,48.5571902023442,47.9920406817417,47.4748015656747,0,5623,500
72,48.5571902023442,48.0996133225082,47.6041660237408,0,5623,500
97.55,48.5571902023442,47.0717781252524,46.577415692589,0,5623,500
85.9,48.5571902023442,47.7539439182691,47.2452374710903,0,5623,500
21.65,48.5571902023442,49.1572446111662,48.5877474752423,0,5623,500
13.9,48.5571902023442,49.4049301189965,48.8110827527617,0,5623,500
23.6,48.5571902023442,49.109223914551,48.6027705835616,0,5623,500
80.65,48.5571902023442,47.8961241741473,47.3900448409176,0,5623,500
88.3,48.5571902023442,47.6691412829965,47.2033643719108,0,5623,500
23.15,48.5571902023442,49.0949699244251,48.5756377959319,0,5623,500
92.2,48.5571902023442,47.4529661053943,46.9200835706754,0,5623,500
67.3,48.5571902023442,48.2060664919969,47.7028681203412,0,5623,500
38.15,48.5571902023442,48.7801384592313,48.2839000759604,0,5623,500
69.45,48.5571902023442,48.1842574668786,47.6923499828917,0,5623,500
40.95,48.5571902023442,48.7287859340375,48.2212112951736,0,5623,500
47,48.5571902023442,48.634021558133,48.1409120107099,0,5623,500
55.25,48.5571902023442,48.4523927217437,47.9213168966059,0,5623,500
43.55,48.5571902023442,48.6687340719442,48.1324644629674,0,5623,500
75.35,48.5571902023442,48.0830643018446,47.5510474642728,0,5623,500
23.45,48.5571902023442,49.1514795209007,48.6163117608906,0,5623,500
71.8,48.5571902023442,48.0961881454579,47.6068353903919,0,5623,500
52.5,48.5571902023442,48.5286729575639,48.0195655382288,0,5623,500
76.15,48.5571902023442,48.0199652794405,47.5171549590702,0,5623,500
8.45,48.5571902023442,49.6392748718091,49.1077479073933,0,5623,500
0.45,48.5571902023442,50.4926752018385,49.9765078457927,0,5623,500
6.95,48.5571902023442,49.7234291106773,49.2013708445963,0,5623,500
61.75,48.5571902023442,48.3311117819,47.8279582392317,0,5623,500
32.45,48.5571902023442,48.9225314378718,48.3845014452959,0,5623,500
6.05,48.5571902023442,49.8130487546364,49.2802950488183,0,5623,500
64.7,48.5571902023442,48.2888976807186,47.794912953587,0,5623,500
28.8,48.5571902023442,48.9784222996179,48.4662863425855,0,5623,500
93.05,48.5571902023442,47.4290213156041,46.8945607572436,0,5623,500
64.85,48.5571902023442,48.262026497376,47.7239973266104,0,5623,500
64.9,48.5571902023442,48.2759891025032,47.7265385249663,0,5623,500
54.75,48.5571902023442,48.4520720252407,47.9296735578125,0,5623,500
62.1,48.5571902023442,48.3490678655328,47.7863297037751,0,5623,500
93.3,48.5571902023442,47.4042228036027,46.9294133899588,0,5623,500
82,48.5571902023442,47.8540938771166,47.3234432836567,0,5623,500
31.45,48.5571902023442,48.9341282577046,48.4478708351985,0,5623,500
11.55,48.5571902023442,49.4787595342964,48.96965712226,0,5623,500
84.8,48.5571902023442,47.7898299136046,47.239265927712,0,5623,500
54.4,48.5571902023442,48.4817942841356,47.9679811791165,0,5623,500
38.25,48.5571902023442,48.7925935135042,48.2662703346873,0,5623,500
2.5,48.5571902023442,50.1571948495516,49.5457812661641,0,5623,500
60,48.5571902023442,48.3315893738394,47.816301387312,0,5623,500
56.55,48.5571902023442,48.4289176006158,47.9130855589832,0,5623,500
5.5,48.5571902023442,49.831345760556,49.2971660426343,0,5623,500
80.6,48.5571902023442,47.9180862653353,47.4276418383703,0,5623,500
17.4,48.5571902023442,49.2884412720784,48.7435600858517,0,5623,500
8.9,48.5571902023442,49.6736863704856,49.1400695028618,0,5623,500
15.2,48.5571902023442,49.3793088179283,48.8423798117525,0,5623,500
57.75,48.5571902023442,48.4226058629681,47.9039876034373,0,5623,500
30.55,48.5571902023442,48.970849052776,48.4679298750644,0,5623,500
89.75,48.5571902023442,47.5565185664617,46.9658894014743,0,5623,500
68.5,48.5571902023442,48.1728251866714,47.6438799098328,0,5623,500
3.35,48.5571902023442,49.9174730653267,49.3858156052621,0,5623,500
10.95,48.5571902023442,49.5178695031892,48.997792287822,0,5623,500
9.35,48.5571902023442,49.5546373902235,49.0153738648949,0,5623,500
93.8,48.5571902023442,47.3909540188149,46.8624551134873,0,5623,500
20.55,48.5571902023442,49.1961891479633,48.6963884766882,0,5623,500
5.2,48.5571902023442,49.8106881044338,49.2974160588329,0,5623,500
3.45,48.5571902023442,50.0215480846057,49.483874404575,0,5623,500
5.15,48.5571902023442,49.8279018014115,49.3050742358709,0,5623,500
13.15,48.5571902023442,49.4438652111548,48.9000888141439,0,5623,500
14.6,48.5571902023442,49.3984211229731,48.8764380061311,0,5623,500
53.55,48.5571902023442,48.4990555826578,47.9794278967114,0,5623,500
96.15,48.5571902023442,47.1698009240177,46.6485602862724,0,5623,500
56.75,48.5571902023442,48.4301320534519,47.9060811005662,0,5623,500
45.65,48.5571902023442,48.6404189686255,48.1472935843089,0,5623,500
43.1,48.5571902023442,48.6948298696101,48.1502505881957,0,5623,500
24.1,48.5571902023442,49.0835476376126,48.5602337428349,0,5623,500
83.95,48.5571902023442,47.7946314543565,47.261739530236,0,5623,500
52.3,48.5571902023442,48.5216825753308,48.0077768027275,0,5623,500
70.65,48.5571902023442,48.1344915127251,47.5859521702858,0,5623,500
96.45,48.5571902023442,47.1133589999948,46.5840364787436,0,5623,500
1.45,48.5571902023442,50.2793022244015,49.7425389816814,0,5623,500
19.8,48.5571902023442,49.2045778059853,48.6840716908704,0,5623,500
90.7,48.5571902023442,47.5439570579709,47.0471301156129,0,5623,500
40.75,48.5571902023442,48.7443325053247,48.209120783441,0,5623,500
65.35,48.5571902023442,48.263655668969,47.7664059677598,0,5623,500
9.55,48.5571902023442,49.5761125765397,49.0645921891104,0,5623,500
90.05,48.5571902023442,47.5315025485932,47.0226549594629,0,5623,500
1.95,48.5571902023442,50.2102915415258,49.6678140077632,0,5623,500
32.5,48.5571902023442,48.8925769994401,48.3887189924229,0,5623,500
91.25,48.5571902023442,47.589578755497,47.1145608049451,0,5623,500
47.7,48.5571902023442,48.620110656174,48.110409450864,0,5623,500
49.2,48.5571902023442,48.5744602748984,48.0374830192249,0,5623,500
14.55,48.5571902023442,49.3781822423434,48.869776757431,0,5623,500
96.45,48.5571902023442,47.2563582246829,46.7532576050638,0,5623,500
40.8,48.5571902023442,48.7374281376103,48.1869221380704,0,5623,500
69.35,48.5571902023442,48.1496797456734,47.6261663077499,0,5623,500
39.5,48.5571902023442,48.764446743619,48.2421505501084,0,5623,500
52.7,48.5571902023442,48.4981349799395,47.977739770374,0,5623,500
27.45,48.5571902023442,49.0435929614875,48.4908533100047,0,5623,500
12.9,48.5571902023442,49.4615308655677,48.9563144239288,0,5623,500
54,48.5571902023442,48.4907014075474,47.9668897420942,0,5623,500
15.6,48.5571902023442,49.3124489053606,48.8272017741312,0,5623,500
39.05,48.5571902023442,48.7908366257185,48.2404599908757,0,5623,500
43.35,48.5571902023442,48.6784751615081,48.1772222844418,0,5623,500
9.65,48.5571902023442,49.5691133685414,49.04188554314,0,5623,500
0.45,48.5571902023442,50.7181261406215,50.1745137685253,0,5623,500
40.85,48.5571902023442,48.7333872154804,48.2195400420819,0,5623,500
57.15,48.5571902023442,48.4166460509977,47.9082571695932,0,5623,500
38.7,48.5571902023442,48.817632238301,48.3048036728847,0,5623,500
78.65,48.5571902023442,47.9757662934724,47.4745131343104,0,5623,500
99.7,48.5571902023442,46.4015462283022,45.9112831786385,0,5623,500
87.45,48.5571902023442,47.6855562625612,47.1857061361789,0,5623,500
17.05,48.5571902023442,49.3080726553126,48.7815690371998,0,5623,500
78.25,48.5571902023442,47.9560273765486,47.4748294736389,0,5623,500
47.95,48.5571902023442,48.5713165022498,48.0536595833399,0,5623,500
30.6,48.5571902023442,48.9363545079217,48.4280493174013,0,5623,500
53.4,48.5571902023442,48.487649440579,47.960504844847,0,5623,500
5.8,48.5571902023442,49.8205491897389,49.2596549584589,0,5623,500
53.6,48.5571902023442,48.5083249409567,47.9723853688606,0,5623,500
92.95,48.5571902023442,47.4556973456121,46.8990381110526,0,5623,500
88.7,48.5571902023442,47.5811031723083,47.0943134293872,0,5623,500
90.1,48.5571902023442,47.5709291713369,47.0774836662313,0,5623,500
35.75,48.5571902023442,48.8294197838175,48.2933813817744,0,5623,500
73.95,48.5571902023442,48.073789817806,47.5310399923188,0,5623,500
34.45,48.5571902023442,48.8671722062596,48.3388748994314,0,5623,500
76.25,48.5571902023442,48.0198450823681,47.5031783620952,0,5623,500
63.6,48.5571902023442,48.3037527644741,47.7928634633792,0,5623,500
37.9,48.5571902023442,48.8111116389108,48.3230821063153,0,5623,500
11.6,48.5571902023442,49.5202922076267,48.9937253085206,0,5623,500
1.4,48.5571902023442,50.3195166191631,49.7700843782756,0,5623,500
68.85,48.5571902023442,48.1597270527651,47.6310405473002,0,5623,500
64.25,48.5571902023442,48.302371919377,47.8099605589873,0,5623,500
39.05,48.5571902023442,48.7859217051942,48.2820239088876,0,5623,500
8.55,48.5571902023442,49.6411872369219,49.1185066890951,0,5623,500
93.75,48.5571902023442,47.2979859749397,46.8058271023291,0,5623,500
14.3,48.5571902023442,49.3614011127888,48.8315039343962,0,5623,500
52.45,48.5571902023442,48.5152263840671,48.0330310497979,0,5623,500
96.15,48.5571902023442,47.178958033374,46.643908593041,0,5623,500
77.8,48.5571902023442,47.9589182279651,47.4637938723528,0,5623,500
51.8,48.5571902023442,48.5086853580225,47.9807324246506,0,5623,500
52.45,48.5571902023442,48.5045771678882,48.0043447046261,0,5623,500
56.95,48.5571902023442,48.4387737695569,47.935233538131,0,5623,500
65.5,48.5571902023442,48.2617968474117,47.7125728834708,0,5623,500
28.95,48.5571902023442,48.9844551126258,48.4647729936674,0,5623,500
62,48.5571902023442,48.3269902965364,47.784198539544,0,5623,500
32.75,48.5571902023442,48.9213174110789,48.3285613493793,0,5623,500
33.25,48.5571902023442,48.8805586386043,48.3928778799011,0,5623,500
32.9,48.5571902023442,48.8837451732962,48.3834224712643,0,5623,500
5.6,48.5571902023442,49.7912620158897,49.2392043733106,0,5623,500
53.2,48.5571902023442,48.5071600919668,48.0279192111658,0,5623,500
77.9,48.5571902023442,47.9684822780225,47.4360840606666,0,5623,500
90.8,48.5571902023442,47.5258063900964,47.0418353838581,0,5623,500
58,48.5571902023442,48.4185274874402,47.9034913321909,0,5623,500
25.9,48.5571902023442,49.0341333580558,48.4801617091758,0,5623,500
0.6,48.5571902023442,50.4691352928302,49.9452115993497,0,5623,500
47.5,48.5571902023442,48.5994247150995,48.0861506483932,0,5623,500
49.75,48.5571902023442,48.5539662852156,48.0104997096362,0,5623,500
1.6,48.5571902023442,50.2255675120127,49.6693889966535,0,5623,500
6.8,48.5571902023442,49.7391014577012,49.2234943819367,0,5623,500
1.2,48.5571902023442,50.3212208030474,49.7951719355995,0,5623,500
30.95,48.5571902023442,48.9376465465242,48.4160933141275,0,5623,500
55.35,48.5571902023442,48.4544985731642,47.9689905797802,0,5623,500
86.2,48.5571902023442,47.6878340935333,47.1575376596438,0,5623,500
0.65,48.5571902023442,50.3790112729461,49.8476715723334,0,5623,500
16,48.5571902023442,49.3263294151654,48.8350172400232,0,5623,500
74.55,48.5571902023442,48.0547715940253,47.5387042389767,0,5623,500
82.85,48.5571902023442,47.8174604082,47.3260010104826,0,5623,500
16.55,48.5571902023442,49.3076499757464,48.7855867195125,0,5623,500
82.55,48.5571902023442,47.8190898108463,47.3020599624629,0,5623,500
34.35,48.5571902023442,48.872563219866,48.3516636210095,0,5623,500
15.5,48.5571902023442,49.3125966485825,48.7860931940453,0,5623,500
8.05,48.5571902023442,49.662240911741,49.1066995189854,0,5623,500
92.3,48.5571902023442,47.4825340287652,47.0108973800609,0,5623,500
83,48.5571902023442,47.8369607156719,47.3121733397494,0,5623,500
46.15,48.5571902023442,48.6181628922537,48.0688988245031,0,5623,500
22.3,48.5571902023442,49.0918050308333,48.5918321427349,0,5623,500
87.3,48.5571902023442,47.691905086523,47.2061495187039,0,5623,500
20.7,48.5571902023442,49.2009455980874,48.6623188598134,0,5623,500
2.9,48.5571902023442,49.9546978042485,49.4297015742334,0,5623,500
27,48.5571902023442,49.0560109633486,48.5276982567066,0,5623,500
66.85,48.5571902023442,48.2540856133749,47.7528889119829,0,5623,500
85.75,48.5571902023442,47.7607081714782,47.2399424828186,0,5623,500
50.35,48.5571902023442,48.5681587771753,48.0726386731943,0,5623,500
22.3,48.5571902023442,49.1549526240095,48.6441331211664,0,5623,500
96.3,48.5571902023442,47.2544912582671,46.7788952974097,0,5623,500
10.15,48.5571902023442,49.5679320488123,49.0442621023084,0,5623,500
52.25,48.5571902023442,48.4997662036522,47.857790487826,0,5623,500
75.3,48.5571902023442,48.051808588415,47.5478679498191,0,5623,500
26.75,48.5571902023442,49.017505025133,48.4684463265174,0,5623,500
32.95,48.5571902023442,48.9017372908552,48.3708226183165,0,5623,500
59.6,48.5571902023442,48.3712488434439,47.8674154342815,0,5623,500
47.55,48.5571902023442,48.6034677209927,48.0817770382815,0,5623,500
30.6,48.5571902023442,48.9603061750384,48.4202059724759,0,5623,500
92.45,48.5571902023442,47.4770412814074,46.9629966798221,0,5623,500
59.35,48.5571902023442,48.3816744717885,47.8727140601908,0,5623,500
20.85,48.5571902023442,49.1853617064148,48.6773594451319,0,5623,500
96.95,48.5571902023442,47.116237461425,46.5949160512502,0,5623,500
16.25,48.5571902023442,49.3204025913513,48.7772011721381,0,5623,500
83.3,48.5571902023442,47.7725138827886,47.2319825455066,0,5623,500
8.1,48.5571902023442,49.6111826902084,48.9796735682154,0,5623,500
6.15,48.5571902023442,49.7134759014687,49.1800352004579,0,5623,500
24.35,48.5571902023442,49.0852446421732,48.5514764314075,0,5623,500
30.4,48.5571902023442,48.9653294208913,48.4391543612311,0,5623,500
92.7,48.5571902023442,47.4665023143384,46.983432379463,0,5623,500
66,48.5571902023442,48.2498058103339,47.679570392736,0,5623,500
76.25,48.5571902023442,48.0222106230922,47.5293088050913,0,5623,500
17.05,48.5571902023442,49.2978120871893,48.7868417476281,0,5623,500
19.8,48.5571902023442,49.1855874374003,48.6769650137652,0,5623,500
19.95,48.5571902023442,49.1970267678874,48.6859325022004,0,5623,500
15.6,48.5571902023442,49.3436900053536,48.8332894474647,0,5623,500
56.45,48.5571902023442,48.4442554367965,47.9302229067398,0,5623,500
32.8,48.5571902023442,48.9127501445809,48.4226933409425,0,5623,500
98.55,48.5571902023442,46.8925215039035,46.3887816249506,0,5623,500
7.2,48.5571902023442,49.6957947048976,49.1626098471565,0,5623,500
87.75,48.5571902023442,47.6872866711937,47.1280061604257,0,5623,500
26.4,48.5571902023442,49.0226320076175,48.4770732836695,0,5623,500
77.55,48.5571902023442,47.9732883855785,47.4816796584883,0,5623,500
87.65,48.5571902023442,47.6750351482155,47.1732879859767,0,5623,500
70.65,48.5571902023442,48.1546334069728,47.6389284239647,0,5623,500
28.65,48.5571902023442,49.0226937576569,48.5001991970847,0,5623,500
30.25,48.5571902023442,48.9696929352331,48.4129941636396,0,5623,500
22.15,48.5571902023442,49.1634805972189,48.6418096000647,0,5623,500
10.8,48.5571902023442,49.4831403343323,48.9734436022802,0,5623,500
93,48.5571902023442,47.43550836173,46.9458408314156,0,5623,500
55.8,48.5571902023442,48.4645653616358,47.953775332061,0,5623,500
22.15,48.5571902023442,49.1758890763963,48.6329328215878,0,5623,500
95.65,48.5571902023442,47.2811342336528,46.7759092118325,0,5623,500
50,48.5571902023442,48.5445727142914,47.9876505628264,0,5623,500
28.4,48.5571902023442,48.9842375120962,48.472137610635,0,5623,500
82.1,48.5571902023442,47.8501922054162,47.3471242076256,0,5623,500
92,48.5571902023442,47.4623654579747,46.9417802945423,0,5623,500
64,48.5571902023442,48.3017331991794,47.7709201780302,0,5623,500
35.6,48.5571902023442,48.8613237411726,48.3709172943709,0,5623,500
58.05,48.5571902023442,48.3937083217088,47.8925173277952,0,5623,500
96.1,48.5571902023442,47.2448426096923,46.7610071975396,0,5623,500
42.5,48.5571902023442,48.7072498377573,48.1793915979632,0,5623,500
83,48.5571902023442,47.8418302742193,47.3777968039037,0,5623,500
71.3,48.5571902023442,48.1566761086873,47.6775721638392,0,5623,500
27.7,48.5571902023442,48.9956210211947,48.4607025889791,0,5623,500
71.7,48.5571902023442,48.1339478063541,47.6032833438336,0,5623,500
90,48.5571902023442,47.5585553170622,47.0460879525942,0,5623,500
96.65,48.5571902023442,47.1317410137806,46.6505597565424,0,5623,500
52.85,48.5571902023442,48.4941645662992,47.9831674161783,0,5623,500
1.2,48.5571902023442,50.2356239361548,49.7162092987422,0,5623,500
39.6,48.5571902023442,48.7321226547596,48.1721193241024,0,5623,500
91.15,48.5571902023442,47.5224313708245,47.0240925337717,0,5623,500
44.8,48.5571902023442,48.6801181768585,48.1090755431938,0,5623,500
1.8,48.5571902023442,50.1979982159942,49.554504768203,0,5623,500
2.4,48.5571902023442,50.0081663878886,49.39505789794,0,5623,500
99.75,48.5571902023442,46.3567756342633,45.8602713533002,0,5623,500
40.75,48.5571902023442,48.7450374683704,48.2652861791422,0,5623,500
74.15,48.5571902023442,48.0727887834676,47.5375121803998,0,5623,500
94.25,48.5571902023442,47.3606353197895,46.8652134646517,0,5623,500
91.7,48.5571902023442,47.4922545328126,46.9775900637824,0,5623,500
0.1,48.5571902023442,50.8587287871877,50.2907516571692,0,5623,500
24,48.5571902023442,49.1270493135875,48.591271962175,0,5623,500
27.75,48.5571902023442,48.9875102351857,48.4576583640387,0,5623,500
89.85,48.5571902023442,47.5651286319348,47.060811205547,0,5623,500
19.5,48.5571902023442,49.2381811748852,48.7061071823793,0,5623,500
23.25,48.5571902023442,49.1315637591634,48.6222359949592,0,5623,500
88.9,48.5571902023442,47.6292056685632,47.0987468992533,0,5623,500
73.7,48.5571902023442,48.0937627993774,47.6049657202682,0,5623,500
47.1,48.5571902023442,48.6005788166101,48.072139767431,0,5623,500
94.45,48.5571902023442,47.3264513431142,46.8316906131632,0,5623,500
60.85,48.5571902023442,48.3573717416936,47.8395624441966,0,5623,500
91,48.5571902023442,47.540524999017,47.0493640785872,0,5623,500
36.75,48.5571902023442,48.8288699711918,48.2867419678914,0,5623,500
8.45,48.5571902023442,49.6241727892722,49.0803940743157,0,5623,500
8.2,48.5571902023442,49.6187131067873,49.0980347413021,0,5623,500
43.95,48.5571902023442,48.6849503893718,48.1827495325464,0,5623,500
100,48.5571902023442,45.8900587704993,45.3992662365715,0,5623,500
55.1,48.5571902023442,48.4726326963849,47.9761693636896,0,5623,500
2.5,48.5571902023442,50.1169399125133,49.5843575348935,0,5623,500
9.25,48.5571902023442,49.6353738388027,49.1444047212837,0,5623,500
86.8,48.5571902023442,47.7064858186834,47.2130117890548,0,5623,500
69.1,48.5571902023442,48.1751175678854,47.6513160141005,0,5623,500
96.45,48.5571902023442,47.1502583787333,46.6312206427304,0,5623,500
5,48.5571902023442,49.8148278567273,49.2929103817165,0,5623,500
50.5,48.5571902023442,48.55057057249,48.0539550335857,0,5623,500
53.1,48.5571902023442,48.5095222957885,48.0120807234687,0,5623,500
64.25,48.5571902023442,48.2723163585576,47.7083098665289,0,5623,500
58,48.5571902023442,48.4259515638231,47.8904656321991,0,5623,500
34.3,48.5571902023442,48.8864606786372,48.3500321183936,0,5623,500
38.45,48.5571902023442,48.7792373363952,48.2038256482316,0,5623,500
41.25,48.5571902023442,48.7206645668125,48.1975654230291,0,5623,500
77.15,48.5571902023442,48.0358891859598,47.557395551641,0,5623,500
24.9,48.5571902023442,49.0999137311758,48.5569536912147,0,5623,500
1.8,48.5571902023442,50.1393348402259,49.6105360063908,0,5623,500
18,48.5571902023442,49.2521795440887,48.7236776727882,0,5623,500
34.55,48.5571902023442,48.8687116626136,48.38516290451,0,5623,500
20.4,48.5571902023442,49.2356442426365,48.7004093264683,0,5623,500
0.3,48.5571902023442,50.7623812156609,50.2517145761683,0,5623,500
44.4,48.5571902023442,48.6703952655949,48.1439306580325,0,5623,500
0.85,48.5571902023442,50.4024660178174,49.8484497446054,0,5623,500
10.45,48.5571902023442,49.4778991572171,48.9537357417339,0,5623,500
97.6,48.5571902023442,47.1121772069518,46.6119393871436,0,5623,500
36.15,48.5571902023442,48.8376705156662,48.2822119416504,0,5623,500
0.9,48.5571902023442,50.3410936888255,49.8391372214349,0,5623,500
44.6,48.5571902023442,48.6590040736546,48.1139331858106,0,5623,500
17.75,48.5571902023442,49.2508371123828,48.6993957169804,0,5623,500
20.15,48.5571902023442,49.2029756880213,48.6658054338778,0,5623,500
84,48.5571902023442,47.7856767886982,47.2608754705826,0,5623,500
81.05,48.5571902023442,47.8752347080457,47.3603765521513,0,5623,500
26.5,48.5571902023442,49.0551606776372,48.538640773727,0,5623,500
38.75,48.5571902023442,48.7971943264996,48.2769406517871,0,5623,500
16.1,48.5571902023442,49.3144757357395,48.8151137278518,0,5623,500
33.2,48.5571902023442,48.9093003033789,48.3873506237811,0,5623,500
81.95,48.5571902023442,47.8305021597963,47.2703674646333,0,5623,500
51.8,48.5571902023442,48.5242912869245,47.9795364204052,0,5623,500
0.05,48.5571902023442,51.2235604627621,50.6324721429316,0,5623,500
70.75,48.5571902023442,48.1109419716968,47.6032470222876,0,5623,500
3.4,48.5571902023442,49.908342168078,49.3991491493856,0,5623,500
80.75,48.5571902023442,47.9288489244567,47.42659377705,0,5623,500
21.25,48.5571902023442,49.1676921929775,48.6445708623838,0,5623,500
41.95,48.5571902023442,48.7086728433154,48.1534768575461,0,5623,500
21.5,48.5571902023442,49.1956319469555,48.6934116996482,0,5623,500
12.8,48.5571902023442,49.4557266191553,48.9361918152623,0,5623,500
59.9,48.5571902023442,48.3516325032333,47.8503664282327,0,5623,500
47.1,48.5571902023442,48.6204320842498,48.1178263498689,0,5623,500
59.5,48.5571902023442,48.3697168260595,47.8400617031655,0,5623,500
85.65,48.5571902023442,47.7790899208061,47.2334087109211,0,5623,500
45.3,48.5571902023442,48.6439519691297,48.1606580468611,0,5623,500
63.7,48.5571902023442,48.2871089196838,47.77328729869,0,5623,500
99.6,48.5571902023442,46.4744695830559,45.9915752484416,0,5623,500
56.8,48.5571902023442,48.4176678841696,47.9201800177515,0,5623,500
65.15,48.5571902023442,48.2827472257901,47.7252324319561,0,5623,500
88.15,48.5571902023442,47.6466490733592,47.1310970783433,0,5623,500
1.35,48.5571902023442,50.2494608350165,49.7288818298541,0,5623,500
74.7,48.5571902023442,48.0714236511262,47.5577147345344,0,5623,500
41.1,48.5571902023442,48.7501012396458,48.245089286179,0,5623,500
51.6,48.5571902023442,48.5072006925196,48.0129571318436,0,5623,500
58.55,48.5571902023442,48.3759683936032,47.8481645590747,0,5623,500
35.6,48.5571902023442,48.849825463689,48.3285637022144,0,5623,500
16.2,48.5571902023442,49.3012063700609,48.7276469309987,0,5623,500
98.95,48.5571902023442,46.7848603361024,46.2487684237117,0,5623,500
93.7,48.5571902023442,47.3242439121632,46.822051518743,0,5623,500
78.85,48.5571902023442,47.926507602453,47.421405290673,0,5623,500
9.8,48.5571902023442,49.5660992610454,49.0566502857983,0,5623,500
70.9,48.5571902023442,48.1419988443568,47.6030375807704,0,5623,500
21.2,48.5571902023442,49.153827184555,48.6165914145342,0,5623,500
11.3,48.5571902023442,49.4842521894463,48.9669395435369,0,5623,500
65.4,48.5571902023442,48.2618819944605,47.7440873966951,0,5623,500
92.75,48.5571902023442,47.4827926071248,46.9894316276582,0,5623,500
0.75,48.5571902023442,50.4692955198917,49.8929067594672,0,5623,500
83.8,48.5571902023442,47.823934752043,47.3184927971611,0,5623,500
36.8,48.5571902023442,48.8166787617837,48.3065592727835,0,5623,500
96.45,48.5571902023442,47.1875909630208,46.6743564606294,0,5623,500
44.25,48.5571902023442,48.6628057409935,48.0792846403038,0,5623,500
66.7,48.5571902023442,48.2230229532415,47.7080610541765,0,5623,500
79.15,48.5571902023442,47.936252435519,47.4222306286627,0,5623,500
94.55,48.5571902023442,47.3341161605746,46.7848221795789,0,5623,500
66.2,48.5571902023442,48.2185988215122,47.6985181976089,0,5623,500
48.3,48.5571902023442,48.5899516501789,48.0525969943624,0,5623,500
11.5,48.5571902023442,49.5072232657946,49.0005692019103,0,5623,500
16.95,48.5571902023442,49.3120312386189,48.7774550979379,0,5623,500
61.55,48.5571902023442,48.3130697456052,47.8265862673192,0,5623,500
10.85,48.5571902023442,49.5094185812477,48.9860089193256,0,5623,500
90,48.5571902023442,47.631456259798,47.1221517704887,0,5623,500
78.45,48.5571902023442,47.9314425014228,47.4238860202318,0,5623,500
57.65,48.5571902023442,48.4177495311304,47.9187899340243,0,5623,500
32.2,48.5571902023442,48.9276475111867,48.4307781053177,0,5623,500
95.55,120,110.333096211986,109,1,5623,500
80.15,120,116.499377556465,113,1,5623,500
68.5,120,118.998399430909,110,1,5623,500
80.9,120,116.599359772364,113,1,5623,500
49.8,120,121.998577271919,114,1,5623,500
89.55,120,114.249599857727,112,1,5623,500
91.25,120,113.082962831229,111,1,5623,500
78.9,120,117.061955361906,114,1,5623,500
81.8,120,116.061955361906,113,1,5623,500
87.9,120,113.721738099472,111,1,5623,500
71.6,120,117.999288635959,114,1,5623,500
33.75,120,125.123199359772,115,1,5623,500
53.65,120,121.248888493687,115,1,5623,500
73.85,120,117.998932953939,112,1,5623,500
97.55,120,110.062488884937,110,1,5623,500
92.05,120,112.99946647697,110,1,5623,500
89.35,120,114.785396712482,113,1,5623,500
76.15,120,117.332384847946,112,1,5623,500
43.35,120,122.998399430909,114,1,5623,500
95.25,120,112.124799928864,111,1,5623,500
75.3,120,117.570615583954,113,1,5623,500
83.65,120,115.082607149209,111,1,5623,500
34.4,120,123.998577271919,116,1,5623,500
25.4,120,126.081540103148,116,1,5623,500
93.2,120,114.499911079495,114,1,5623,500
91.8,120,113.99982215899,113,1,5623,500
66.95,120,118.998577271919,111,1,5623,500
67.85,120,118.748799573182,112,1,5623,500
94.5,120,111.082962831229,109,1,5623,500
56.1,120,121.664769695892,111,1,5623,500
78.9,120,116.666192423973,114,1,5623,500
93.15,120,112.727143388356,112,1,5623,500
39.85,120,123.641320088412,115,1,5623,500
84.85,120,115.599359772364,112,1,5623,500
68.1,120,118.784685348441,113,1,5623,500
20,120,127.997154543838,112,1,5623,500
90.95,120,112.570971265974,110,1,5623,500
63,120,119.748799573182,113,1,5623,500
79.4,120,117.449564289525,115,1,5623,500
87.5,120,115.249777698737,114,1,5623,500
0,120,150.993597723635,115,1,5623,500
93.4,120,112.499911079495,112,1,5623,500
30.35,120,125.497776987373,113,1,5623,500
14.4,120,130.663702649831,114,1,5623,500
84.75,120,115.599359772364,112,1,5623,500
79.15,120,117.249599857727,115,1,5623,500
77.9,120,116.999288635959,113,1,5623,500
92.3,120,111.785396712482,110,1,5623,500
64.95,120,119.332384847946,114,1,5623,500
89.65,120,114.785396712482,113,1,5623,500
74.5,120,117.89912857905,113,1,5623,500
70.45,120,118.89912857905,114,1,5623,500
79.25,120,116.332384847946,111,1,5623,500
91.7,120,113.041481415614,112,1,5623,500
75.95,120,118.124444246843,115,1,5623,500
82.15,120,116.226876626841,114,1,5623,500
88.25,120,114.727143388356,114,1,5623,500
61.55,120,119.784685348441,114,1,5623,500
32.4,120,126.097848123777,114,1,5623,500
81.85,120,116.499199715454,112,1,5623,500
71.95,120,117.998577271919,110,1,5623,500
95.1,120,111.346092285804,111,1,5623,500
95.5,120,109.666192423973,107,1,5623,500
87.8,120,115.388641887486,114,1,5623,500
92.65,120,112.785396712482,111,1,5623,500
22.9,120,128.397439089454,114,1,5623,500
46.55,120,122.165214298417,114,1,5623,500
86.9,120,114.99964431798,113,1,5623,500
93.2,120,112.082962831229,110,1,5623,500
71.4,120,118.332384847946,113,1,5623,500
57.05,120,120.748799573182,114,1,5623,500
96.5,120,111.562399964432,111,1,5623,500
76.1,120,117.721738099472,115,1,5623,500
94.7,120,112.599715454384,111,1,5623,500
92.65,120,111.570971265974,109,1,5623,500
77.7,120,116.998932953939,111,1,5623,500
90.95,120,113.562222123422,112,1,5623,500
76.2,120,117.449564289525,115,1,5623,500
75.65,120,117.799679886182,116,1,5623,500
95.15,120,112.222182701998,112,1,5623,500
39.65,120,124.123199359772,114,1,5623,500
60.55,120,120.098559487818,112,1,5623,500
91.45,120,113.888730807991,113,1,5623,500
85.9,120,115.562222123422,114,1,5623,500
95.5,120,111.449919971545,111,1,5623,500
55.1,120,121.248888493687,115,1,5623,500
55.15,120,121.331851324916,113,1,5623,500
90.3,120,114.388641887486,113,1,5623,500
85.2,120,115.570971265974,113,1,5623,500
81.75,120,116.082607149209,112,1,5623,500
74.25,120,117.998932953939,112,1,5623,500
87.85,120,114.99946647697,112,1,5623,500
60,120,120.098559487818,112,1,5623,500
67.1,120,118.998577271919,111,1,5623,500
31.95,120,125.081540103148,115,1,5623,500
89.2,120,113.499377556465,110,1,5623,500
81.15,120,116.570971265974,114,1,5623,500
70.55,120,118.570615583954,114,1,5623,500
92.45,120,111.99946647697,109,1,5623,500
89.8,120,114.888730807991,114,1,5623,500
87.9,120,114.599359772364,111,1,5623,500
77.8,120,117.082607149209,113,1,5623,500
95.7,120,112.249955539747,112,1,5623,500
81.85,120,116.570971265974,114,1,5623,500
92.3,120,111.599359772364,108,1,5623,500
79.55,120,116.332384847946,111,1,5623,500
62.7,120,120.165214298417,112,1,5623,500
48.85,120,121.748799573182,115,1,5623,500
81.5,120,116.799679886182,115,1,5623,500
78.95,120,116.332384847946,111,1,5623,500
79.25,120,115.998577271919,108,1,5623,500
56.5,120,121.061599679886,116,1,5623,500
40.35,120,123.998221589899,114,1,5623,500
59.8,120,120.199430908768,117,1,5623,500
81.05,120,116.499377556465,113,1,5623,500
10.5,120,129.996798861818,112,1,5623,500
93.8,120,112.599715454384,111,1,5623,500
25.7,120,128.663702649831,112,1,5623,500
47.3,120,122.641320088412,114,1,5623,500
52.85,120,121.332384847946,116,1,5623,500
70.95,120,118.165214298417,110,1,5623,500
55.95,120,120.998577271919,113,1,5623,500
67.8,120,118.999110794949,114,1,5623,500
38.25,120,122.784685348441,117,1,5623,500
51.65,120,121.998221589899,112,1,5623,500
32.25,120,124.998221589899,115,1,5623,500
57.05,120,120.748799573182,114,1,5623,500
93.35,120,111.499555397475,109,1,5623,500
69.9,120,118.398861817535,112,1,5623,500
64.45,120,119.499199715454,115,1,5623,500
93.5,120,112.99964431798,111,1,5623,500
89.1,120,114.666548105993,114,1,5623,500
31.7,120,124.998221589899,115,1,5623,500
88.65,120,114.249599857727,112,1,5623,500
82.45,120,115.999288635959,112,1,5623,500
56,120,120.998577271919,113,1,5623,500
80.4,120,116.721738099472,114,1,5623,500
93.65,120,112.888730807991,112,1,5623,500
76.05,120,117.554923231964,114,1,5623,500
74.85,120,117.332384847946,112,1,5623,500
49.05,120,122.331851324916,114,1,5623,500
90.3,120,114.499555397475,112,1,5623,500
46.4,120,122.141586849928,115,1,5623,500
39.5,120,124.081540103148,114,1,5623,500
22.8,120,128.397439089454,114,1,5623,500
4.25,120,134.996798861818,117,1,5623,500
81.15,120,117.082962831229,115,1,5623,500
56.8,120,121.165214298417,113,1,5623,500
55.35,120,120.570615583954,116,1,5623,500
89.4,120,113.599359772364,110,1,5623,500
93.85,120,112.599715454384,111,1,5623,500
64.65,120,119.499199715454,115,1,5623,500
85.5,120,116.346092285804,116,1,5623,500
93.15,120,112.888730807991,112,1,5623,500
88.6,120,114.615275174763,114,1,5623,500
89.45,120,113.99946647697,111,1,5623,500
94.45,120,113.199964431798,113,1,5623,500
39.1,120,123.664769695892,113,1,5623,500
77.85,120,117.199430908768,114,1,5623,500
87.55,120,115.562222123422,114,1,5623,500
91.9,120,113.333096211986,112,1,5623,500
40.25,120,122.998577271919,115,1,5623,500
56,120,120.554567549944,115,1,5623,500
75.35,120,117.499377556465,114,1,5623,500
94.4,120,111.888730807991,111,1,5623,500
94.85,120,110.562222123422,109,1,5623,500
89.2,120,113.499199715454,109,1,5623,500
84,120,115.499199715454,111,1,5623,500
41.7,120,122.499199715454,118,1,5623,500
87.65,120,113.499199715454,109,1,5623,500
86.5,120,114.99964431798,113,1,5623,500
76.55,120,117.554923231964,114,1,5623,500
84.35,120,115.082607149209,111,1,5623,500
8.4,120,141.244620309443,111,1,5623,500
84.2,120,116.499555397475,114,1,5623,500
54.85,120,121.398861817535,115,1,5623,500
36.8,120,124.331851324916,116,1,5623,500
86.8,120,115.249599857727,113,1,5623,500
33.85,120,123.748799573182,117,1,5623,500
89.55,120,114.562222123422,113,1,5623,500
90.65,120,114.249777698737,113,1,5623,500
24.15,120,125.098559487818,117,1,5623,500
40.7,120,124.283885063896,114,1,5623,500
82.9,120,116.570971265974,114,1,5623,500
17.25,120,132.596514316201,113,1,5623,500
89.2,120,114.562222123422,113,1,5623,500
79.7,120,117.061955361906,114,1,5623,500
83.95,120,115.99964431798,114,1,5623,500
80.1,120,116.89912857905,112,1,5623,500
83.5,120,115.89912857905,111,1,5623,500
76.9,120,117.570615583954,113,1,5623,500
96.5,120,110.333096211986,109,1,5623,500
73.1,120,118.499199715454,114,1,5623,500
91.9,120,113.785396712482,112,1,5623,500
86.8,120,115.165925662458,111,1,5623,500
30.65,120,124.248888493687,118,1,5623,500
89.35,120,113.99964431798,112,1,5623,500
84.9,120,115.99946647697,113,1,5623,500
85.65,120,115.570971265974,113,1,5623,500
20.35,120,128.497776987373,116,1,5623,500
87.15,120,114.499199715454,110,1,5623,500
65.1,120,119.332384847946,114,1,5623,500
90.8,120,113.124444246843,110,1,5623,500
74.2,120,118.249599857727,116,1,5623,500
75.15,120,117.374399786591,114,1,5623,500
93.05,120,112.562222123422,111,1,5623,500
55.6,120,121.098559487818,113,1,5623,500
77.2,120,117.082607149209,113,1,5623,500
8.85,120,135.995731815757,112,1,5623,500
36.9,120,123.998221589899,114,1,5623,500
85.9,120,115.570971265974,113,1,5623,500
55.9,120,120.748799573182,114,1,5623,500
84.35,120,116.562222123422,115,1,5623,500
86.55,120,114.061955361906,111,1,5623,500
93.4,120,111.888730807991,111,1,5623,500
33.4,120,126.097848123777,114,1,5623,500
86.9,120,115.249599857727,113,1,5623,500
94.45,120,111.785396712482,110,1,5623,500
65.2,120,119.061599679886,114,1,5623,500
93.95,120,111.799857727192,111,1,5623,500
88.5,120,115.888730807991,115,1,5623,500
91.15,120,113.388641887486,112,1,5623,500
84.1,120,115.061955361906,112,1,5623,500
95.7,120,109.99964431798,108,1,5623,500
57,120,120.554923231964,117,1,5623,500
91.15,120,113.727143388356,113,1,5623,500
50.2,120,121.748799573182,115,1,5623,500
57.2,120,120.748799573182,114,1,5623,500
80.5,120,116.599359772364,113,1,5623,500
85.45,120,115.061955361906,112,1,5623,500
78.2,120,117.082607149209,113,1,5623,500
95.8,120,110.562399964432,110,1,5623,500
92.55,120,112.124444246843,109,1,5623,500
78.85,120,117.082607149209,113,1,5623,500
82.95,120,116.785396712482,115,1,5623,500
45.1,120,122.998221589899,113,1,5623,500
77.95,120,116.998932953939,111,1,5623,500
38,120,124.081540103148,114,1,5623,500
91.3,120,112.99964431798,111,1,5623,500
61.45,120,120.165214298417,112,1,5623,500
72.2,120,118.499377556465,115,1,5623,500
92.45,120,112.799857727192,112,1,5623,500
54.9,120,120.784685348441,115,1,5623,500
80.75,120,116.721738099472,114,1,5623,500
70.7,120,118.499377556465,115,1,5623,500
92.45,120,112.249777698737,111,1,5623,500
56.2,120,120.570615583954,116,1,5623,500
44.15,120,122.061599679886,117,1,5623,500
70.8,120,118.599359772364,115,1,5623,500
87.85,120,114.499377556465,111,1,5623,500
93.75,120,112.333096211986,111,1,5623,500
7.05,120,135.163080206296,115,1,5623,500
93,120,113.599715454384,112,1,5623,500
96.5,120,109.749866619242,109,1,5623,500
59.45,120,120.141586849928,113,1,5623,500
90,120,114.249777698737,113,1,5623,500
94.55,120,111.799857727192,111,1,5623,500
85.55,120,115.799679886182,114,1,5623,500
57.9,120,120.998399430909,112,1,5623,500
92.5,120,113.562222123422,112,1,5623,500
87.65,120,115.388641887486,114,1,5623,500
68.3,120,119.049279743909,115,1,5623,500
90.75,120,114.499555397475,112,1,5623,500
89.8,120,113.999288635959,110,1,5623,500
84.3,120,116.249599857727,114,1,5623,500
64.5,120,119.332384847946,114,1,5623,500
22.25,120,129.122310154722,114,1,5623,500
50.1,120,121.748799573182,115,1,5623,500
1.85,120,138.995553974747,114,1,5623,500
48.9,120,121.998577271919,114,1,5623,500
65,120,119.570615583954,115,1,5623,500
89.15,120,114.124444246843,111,1,5623,500
42.5,120,122.398861817535,116,1,5623,500
22.55,120,130.246398719545,110,1,5623,500
53.4,120,121.561155077361,114,1,5623,500
83.2,120,115.721738099472,113,1,5623,500
65.1,120,119.398861817535,113,1,5623,500
82.1,120,115.99946647697,113,1,5623,500
71.6,120,118.165214298417,110,1,5623,500
86.75,120,114.499199715454,110,1,5623,500
92.45,120,112.499555397475,110,1,5623,500
83.4,120,116.249599857727,114,1,5623,500
76.6,120,117.332384847946,112,1,5623,500
75.9,120,117.332384847946,112,1,5623,500
83.75,120,115.599359772364,112,1,5623,500
94.6,120,112.642742816493,112,1,5623,500
89.75,120,114.124444246843,111,1,5623,500
59.2,120,120.332384847946,115,1,5623,500
81.1,120,116.449564289525,114,1,5623,500
77.2,120,117.99946647697,115,1,5623,500
27.5,120,126.497599146363,113,1,5623,500
7.15,120,136.495998577272,114,1,5623,500
68.55,120,118.89912857905,114,1,5623,500
91,120,113.249777698737,112,1,5623,500
83.1,120,115.999288635959,112,1,5623,500
78.1,120,117.384369143217,116,1,5623,500
83.9,120,115.226876626841,113,1,5623,500
60.75,120,120.398861817535,114,1,5623,500
22.85,120,127.097848123777,115,1,5623,500
39.6,120,123.998221589899,114,1,5623,500
49.05,120,121.998577271919,114,1,5623,500
89.7,120,114.041481415614,113,1,5623,500
92.05,120,113.082962831229,111,1,5623,500
90.15,120,113.99946647697,111,1,5623,500
90.95,120,112.99946647697,110,1,5623,500
89.15,120,113.99946647697,111,1,5623,500
85.75,120,115.499733238485,114,1,5623,500
91.6,120,114.562399964432,114,1,5623,500
84.55,120,115.99946647697,113,1,5623,500
38.3,120,124.247821447626,112,1,5623,500
88.2,120,114.499733238485,113,1,5623,500
85.65,120,114.89912857905,110,1,5623,500
87.45,120,115.785396712482,114,1,5623,500
39.9,120,125.497599146363,112,1,5623,500
81.45,120,116.599359772364,113,1,5623,500
84.05,120,115.499199715454,111,1,5623,500
53.95,120,121.061599679886,116,1,5623,500
93.6,120,111.785396712482,110,1,5623,500
89.15,120,114.124444246843,111,1,5623,500
96.55,120,111.249955539747,111,1,5623,500
96.2,120,111.642742816493,111,1,5623,500
71.2,120,118.398861817535,112,1,5623,500
78.45,120,117.061955361906,114,1,5623,500
69.75,120,118.499199715454,114,1,5623,500
95.05,120,109.333096211986,108,1,5623,500
87.55,120,114.99964431798,113,1,5623,500
84.85,120,115.082607149209,111,1,5623,500
74.75,120,117.721738099472,115,1,5623,500
33.05,120,125.497776987373,113,1,5623,500
79.45,120,117.061955361906,114,1,5623,500
48.7,120,122.098559487818,114,1,5623,500
77.55,120,117.248888493687,111,1,5623,500
28.95,120,126.497599146363,113,1,5623,500
43.9,120,123.098559487818,115,1,5623,500
76,120,117.332384847946,112,1,5623,500
81.3,120,116.99946647697,114,1,5623,500
67.75,120,119.165214298417,111,1,5623,500
92.7,120,112.499555397475,110,1,5623,500
81.5,120,116.599359772364,113,1,5623,500
65.05,120,119.449564289525,117,1,5623,500
86.25,120,115.249599857727,113,1,5623,500
47.4,120,122.641320088412,114,1,5623,500
42.9,120,123.098559487818,115,1,5623,500
27,120,128.663702649831,112,1,5623,500
87.1,120,114.799679886182,113,1,5623,500
92.6,120,112.562222123422,111,1,5623,500
95.55,120,109.888730807991,109,1,5623,500
32.15,120,126.497599146363,113,1,5623,500
49.45,120,122.664769695892,112,1,5623,500
95.05,120,112.142653895988,111,1,5623,500
48.55,120,122.048924061889,116,1,5623,500
68.5,120,118.748799573182,112,1,5623,500
50.3,120,121.748799573182,115,1,5623,500
1.65,120,138.995553974747,114,1,5623,500
79.95,120,116.999288635959,113,1,5623,500
82.45,120,116.082607149209,112,1,5623,500
82,120,115.999288635959,112,1,5623,500
92.75,120,112.666192423973,110,1,5623,500
26.35,120,127.497776987373,115,1,5623,500
78.3,120,116.570615583954,112,1,5623,500
89.6,120,113.99946647697,111,1,5623,500
41.8,120,125.069281776378,113,1,5623,500
77.35,120,117.123910723813,111,1,5623,500
27.55,120,126.497776987373,114,1,5623,500
84.65,120,116.499555397475,114,1,5623,500
96.9,120,111.055545675499,111,1,5623,500
73.05,120,117.908573553425,115,1,5623,500
77.2,120,117.123910723813,111,1,5623,500
57.05,120,122.097848123777,110,1,5623,500
92.35,120,112.499555397475,110,1,5623,500
47.85,120,122.098559487818,114,1,5623,500
16.8,120,130.122310154722,115,1,5623,500
73.05,120,118.061599679886,113,1,5623,500
84.7,120,114.999288635959,111,1,5623,500
82.85,120,116.785396712482,115,1,5623,500
80.9,120,116.721738099472,114,1,5623,500
39.8,120,123.331851324916,115,1,5623,500
88.45,120,114.061955361906,111,1,5623,500
81.9,120,115.998932953939,110,1,5623,500
89.1,120,113.799679886182,112,1,5623,500
0,120,185.98719544727,114,1,5623,500
60.2,120,120.398861817535,114,1,5623,500
36.6,120,124.331851324916,116,1,5623,500
84,120,115.99946647697,113,1,5623,500
95.45,120,112.749866619242,112,1,5623,500
86.65,120,114.99964431798,113,1,5623,500
79.85,120,116.89912857905,112,1,5623,500
74.35,120,117.998932953939,112,1,5623,500
59.85,120,120.398861817535,114,1,5623,500
66.9,120,119.082607149209,115,1,5623,500
95.95,120,109.888730807991,109,1,5623,500
63.45,120,120.098559487818,112,1,5623,500
96.25,120,110.642742816493,110,1,5623,500
83.95,120,115.99946647697,113,1,5623,500
89.95,120,113.249599857727,111,1,5623,500
88.2,120,115.082962831229,113,1,5623,500
89.35,120,114.082962831229,112,1,5623,500
78.3,120,117.226876626841,115,1,5623,500
84.55,120,115.499733238485,114,1,5623,500
92.7,120,113.333096211986,112,1,5623,500
94.7,120,111.599715454384,110,1,5623,500
91.85,120,113.082962831229,111,1,5623,500
27.5,120,128.122310154722,113,1,5623,500
95.3,120,111.749866619242,111,1,5623,500
80.25,120,116.570615583954,112,1,5623,500
18.55,120,127.497776987373,115,1,5623,500
65.5,120,119.398861817535,113,1,5623,500
84.75,120,115.570971265974,113,1,5623,500
92,120,112.082962831229,110,1,5623,500
86.9,120,114.721738099472,112,1,5623,500
81.7,120,116.599359772364,113,1,5623,500
63.1,120,119.748799573182,113,1,5623,500
45.45,120,123.123199359772,113,1,5623,500
36.75,120,124.123199359772,114,1,5623,500
66.4,120,119.398861817535,113,1,5623,500
85.55,120,115.061955361906,112,1,5623,500
26.4,120,128.122310154722,113,1,5623,500
88.75,120,114.562222123422,113,1,5623,500
83,120,116.562222123422,115,1,5623,500
82.6,120,116.061955361906,113,1,5623,500
39.9,120,124.081540103148,114,1,5623,500
92.9,120,112.727143388356,112,1,5623,500
54.9,120,121.165214298417,113,1,5623,500
82.75,120,116.249599857727,114,1,5623,500
30.55,120,127.663702649831,111,1,5623,500
87.3,120,115.99982215899,115,1,5623,500
92.25,120,114.199964431798,114,1,5623,500
93.2,120,112.888730807991,112,1,5623,500
91.55,120,112.124444246843,109,1,5623,500
83.75,120,115.499377556465,112,1,5623,500
39.15,120,124.123199359772,114,1,5623,500
67.25,120,119.082607149209,115,1,5623,500
20.7,120,127.497776987373,115,1,5623,500
89.6,120,114.388641887486,113,1,5623,500
90.15,120,113.599359772364,110,1,5623,500
6.45,120,136.995731815757,113,1,5623,500
84.6,120,115.061955361906,112,1,5623,500
77.35,120,116.748799573182,110,1,5623,500
91.65,120,114.142831736999,114,1,5623,500
77.3,120,117.123910723813,111,1,5623,500
92.2,120,113.666192423973,111,1,5623,500
54.1,120,121.664769695892,111,1,5623,500
87.2,120,114.99964431798,113,1,5623,500
91.1,120,114.388641887486,113,1,5623,500
50.15,120,121.748799573182,115,1,5623,500
48.85,120,122.141586849928,115,1,5623,500
90.65,120,113.499555397475,111,1,5623,500
38.05,120,124.497776987373,112,1,5623,500
7.6,120,132.080828739107,118,1,5623,500
80.9,120,116.599359772364,113,1,5623,500
73.6,120,117.999288635959,114,1,5623,500
66.7,120,118.999288635959,115,1,5623,500
26.95,120,125.098559487818,117,1,5623,500
92.95,120,112.082962831229,110,1,5623,500
78.95,120,117.165925662458,113,1,5623,500
85.6,120,115.785396712482,114,1,5623,500
87.05,120,114.799679886182,113,1,5623,500
25.1,120,129.996798861818,112,1,5623,500
83.05,120,115.89912857905,111,1,5623,500
83.7,120,115.721738099472,113,1,5623,500
52.2,120,121.398861817535,115,1,5623,500
38.35,120,123.248888493687,117,1,5623,500
4.25,120,134.495642895252,110,1,5623,500
83.65,120,115.499377556465,112,1,5623,500
93.7,120,111.499555397475,109,1,5623,500
85.6,120,115.061955361906,112,1,5623,500
91.4,120,113.562222123422,112,1,5623,500
90.9,120,112.99946647697,110,1,5623,500
60.8,120,120.141586849928,113,1,5623,500
63.85,120,119.570615583954,115,1,5623,500
71.1,120,118.082607149209,114,1,5623,500
40.9,120,123.123199359772,113,1,5623,500
20.35,120,129.122310154722,114,1,5623,500
94.05,120,111.99964431798,110,1,5623,500
89.45,120,114.388641887486,113,1,5623,500
78.1,120,117.082607149209,113,1,5623,500
44.4,120,122.398861817535,116,1,5623,500
71.75,120,117.998577271919,110,1,5623,500
91.75,120,112.562222123422,111,1,5623,500
87.05,120,114.721738099472,112,1,5623,500
91.05,120,114.333096211986,113,1,5623,500
79.65,120,116.89912857905,112,1,5623,500
76.65,120,117.570971265974,115,1,5623,500
88.95,120,113.599359772364,110,1,5623,500
88.4,120,113.99964431798,112,1,5623,500
89.85,120,113.99964431798,112,1,5623,500
2.55,120,138.121243108661,117,1,5623,500
81.85,120,116.082607149209,112,1,5623,500
41.3,120,124.497599146363,111,1,5623,500
81.35,120,115.998932953939,110,1,5623,500
75.25,120,117.332384847946,112,1,5623,500
46.4,120,123.123199359772,113,1,5623,500
18.6,120,134.995731815757,111,1,5623,500
34.35,120,124.664769695892,114,1,5623,500
75.8,120,117.99964431798,116,1,5623,500
81.35,120,116.99964431798,115,1,5623,500
87.75,120,114.599359772364,111,1,5623,500
0,120,147.244620309443,117,1,5623,500
77.8,120,117.599359772364,114,1,5623,500
72.75,120,117.999288635959,114,1,5623,500
25.45,26.8519167514429,27.2186063224258,27.1474295456335,-1,10000,500
20.95,26.8519167514429,27.3053629272967,27.2337236289046,-1,10000,500
43.35,26.8519167514429,26.9385868112731,26.8688927006891,-1,10000,500
87.65,26.8519167514429,26.2320731759148,26.1660508050509,-1,10000,500
21.9,26.8519167514429,27.2861980794054,27.2146610822182,-1,10000,500
15.65,26.8519167514429,27.4175212191708,27.3452817630488,-1,10000,500
81.15,26.8519167514429,26.3554375651046,26.2887812100411,-1,10000,500
3,26.8519167514429,27.923771650069,27.8487921978824,-1,10000,500
76.3,26.8519167514429,26.4882732634009,26.4209308728049,-1,10000,500
38.4,26.8519167514429,27.0243097165894,26.9541633670278,-1,10000,500
76.95,26.8519167514429,26.43833646042,26.3712523813241,-1,10000,500
73.8,26.8519167514429,26.4971316636352,26.4297433989073,-1,10000,500
70.5,26.8519167514429,26.5504208397039,26.4827562829015,-1,10000,500
96.25,26.8519167514429,25.8828621232179,25.8186180119974,-1,10000,500
60.2,26.8519167514429,26.727461685025,26.6588751660848,-1,10000,500
84.45,26.8519167514429,26.2981126061039,26.2317512264655,-1,10000,500
20.65,26.8519167514429,27.3057357610925,27.2340944718056,-1,10000,500
47.9,26.8519167514429,26.9093704030835,26.8398300931396,-1,10000,500
96.55,26.8519167514429,25.8983749734516,25.8340523811246,-1,10000,500
38.25,26.8519167514429,27.0236815989242,26.9535385683574,-1,10000,500
3.5,26.8519167514429,27.838595725346,27.7640808312344,-1,10000,500
64.85,26.8519167514429,26.6455683721715,26.5774090959588,-1,10000,500
48.7,26.8519167514429,26.8843946830255,26.8149857156571,-1,10000,500
91.55,26.8519167514429,26.0630894105504,25.9979305647271,-1,10000,500
38.65,26.8519167514429,27.0156647085557,26.94556403263,-1,10000,500
89.25,26.8519167514429,26.190750597209,26.1249399126382,-1,10000,500
1,26.8519167514429,28.1771664349333,28.1007964327725,-1,10000,500
31.7,26.8519167514429,27.114917462072,27.0442915179907,-1,10000,500
88.75,26.8519167514429,26.1696928836442,26.1039899426548,-1,10000,500
62.05,26.8519167514429,26.6802215747175,26.6118816729293,-1,10000,500
28.2,26.8519167514429,27.1668548612342,27.0959532735705,-1,10000,500
96.15,26.8519167514429,25.9103205945459,25.8459375355382,-1,10000,500
31.75,26.8519167514429,27.1143733567047,27.0437502974813,-1,10000,500
20.15,26.8519167514429,27.2876873828218,27.2161424384031,-1,10000,500
4.35,26.8519167514429,27.7759258641956,27.7017518587875,-1,10000,500
70.95,26.8519167514429,26.5610564282326,26.4933366608964,-1,10000,500
9.5,26.8519167514429,27.5773470255685,27.5042480311084,-1,10000,500
37.9,26.8519167514429,27.0233310343188,26.9531898561131,-1,10000,500
87.85,26.8519167514429,26.182726575245,26.1169569566432,-1,10000,500
42.3,26.8519167514429,26.9656703473095,26.8958335126389,-1,10000,500
29.2,26.8519167514429,27.1618513848226,27.0909763750431,-1,10000,500
53.35,26.8519167514429,26.815712575467,26.7466641560465,-1,10000,500
8,26.8519167514429,27.6344481263353,27.5610408151453,-1,10000,500
32.9,26.8519167514429,27.0948882007304,27.0243684134858,-1,10000,500
2.7,26.8519167514429,27.9222588909175,27.8472877020251,-1,10000,500
71.35,26.8519167514429,26.5478690018384,26.4802176885736,-1,10000,500
50.95,26.8519167514429,26.8351294092515,26.7659791557261,-1,10000,500
53.95,26.8519167514429,26.8147920894889,26.7457484958191,-1,10000,500
48.55,26.8519167514429,26.8727330582724,26.8033853747864,-1,10000,500
91.65,26.8519167514429,26.1181242385806,26.0526847812721,-1,10000,500
15.1,26.8519167514429,27.4293445431817,27.3570416751701,-1,10000,500
60.6,26.8519167514429,26.7024943158057,26.6340381942761,-1,10000,500
55.3,26.8519167514429,26.7655520733065,26.6967663808689,-1,10000,500
67.6,26.8519167514429,26.6185001104779,26.5504817584915,-1,10000,500
1.45,26.8519167514429,28.0839862576931,28.008129079384,-1,10000,500
51.25,26.8519167514429,26.840402281233,26.7712243605291,-1,10000,500
25,26.8519167514429,27.2290573991472,27.1578249841127,-1,10000,500
96.8,26.8519167514429,25.795589751316,25.7317862697247,-1,10000,500
50.85,26.8519167514429,26.8295994423179,26.7604781990412,-1,10000,500
30.95,26.8519167514429,27.112300074241,27.0416880070654,-1,10000,500
10.8,26.8519167514429,27.5348198849921,27.4619500950458,-1,10000,500
33.35,26.8519167514429,27.0884727562948,27.0179869546352,-1,10000,500
22.15,26.8519167514429,27.297729529979,27.2261309870943,-1,10000,500
10.7,26.8519167514429,27.5549583492709,27.4819800656709,-1,10000,500
94.9,26.8519167514429,25.9582943487296,25.8936681695352,-1,10000,500
27.3,26.8519167514429,27.195923249781,27.1248671559631,-1,10000,500
13.85,26.8519167514429,27.4583291912879,27.3858707529307,-1,10000,500
49,26.8519167514429,26.8692091063483,26.7998799365379,-1,10000,500
58.35,26.8519167514429,26.7468653551189,26.6781774109469,-1,10000,500
84.25,26.8519167514429,26.3039238330545,26.2375325804561,-1,10000,500
88.8,26.8519167514429,26.1775170236328,26.1117740600414,-1,10000,500
41.8,26.8519167514429,26.9537201471174,26.8839463052317,-1,10000,500
48.15,26.8519167514429,26.8827467020981,26.8133463967957,-1,10000,500
36,26.8519167514429,27.0615668915167,26.9912235337558,-1,10000,500
68.65,26.8519167514429,26.5956456446074,26.5277461655469,-1,10000,500
26.65,26.8519167514429,27.198793558464,27.1277221991034,-1,10000,500
2,26.8519167514429,27.9548428221559,27.8796935464085,-1,10000,500
47.1,26.8519167514429,26.9027240117911,26.8332186660456,-1,10000,500
8,26.8519167514429,27.6202956551141,27.5469648203222,-1,10000,500
47.4,26.8519167514429,26.8850163423472,26.8156041072925,-1,10000,500
87.6,26.8519167514429,26.2559613557624,26.1898164565283,-1,10000,500
9.6,26.8519167514429,27.579400761047,27.5062906886805,-1,10000,500
97,26.8519167514429,25.8415229002052,25.7774876951163,-1,10000,500
47,26.8519167514429,26.899163244751,26.8296766272735,-1,10000,500
37,26.8519167514429,27.0466634063162,26.9763988881407,-1,10000,500
75.3,26.8519167514429,26.4829273977393,26.4156126837206,-1,10000,500
16.55,26.8519167514429,27.4150405179987,27.342814363071,-1,10000,500
77.6,26.8519167514429,26.4493581685903,26.3822171193152,-1,10000,500
77.85,26.8519167514429,26.4475951970596,26.3804632620393,-1,10000,500
9.75,26.8519167514429,27.56597334986,27.4929356901744,-1,10000,500
99,26.8519167514429,25.6682762285424,25.6051128289297,-1,10000,500
68.45,26.8519167514429,26.5983481837896,26.530434653417,-1,10000,500
93.3,26.8519167514429,26.0098014733425,25.9449137591067,-1,10000,500
84.8,26.8519167514429,26.301612870982,26.2352334988252,-1,10000,500
47.2,26.8519167514429,26.9043454863447,26.8348316114316,-1,10000,500
26.35,26.8519167514429,27.2003325301179,27.1292529851674,-1,10000,500
74.5,26.8519167514429,26.4967665412008,26.4293801676046,-1,10000,500
78.65,26.8519167514429,26.440321927248,26.37322758724,-1,10000,500
58.6,26.8519167514429,26.7263615101905,26.6577807397534,-1,10000,500
76.55,26.8519167514429,26.4546904888523,26.3875218686587,-1,10000,500
84.2,26.8519167514429,26.3122577385511,26.2458236333144,-1,10000,500
84.1,26.8519167514429,26.3027890584186,26.2364036397238,-1,10000,500
59.5,26.8519167514429,26.7417579008403,26.6730966611685,-1,10000,500
6.8,26.8519167514429,27.6674351604153,27.5938494413349,-1,10000,500
8.35,26.8519167514429,27.6423321624714,27.5688822306975,-1,10000,500
99.95,26.8519167514429,25.1296821279933,25.0691909670691,-1,10000,500
6.7,26.8519167514429,27.7175630499022,27.6437058046253,-1,10000,500
91.1,26.8519167514429,26.1381833923332,26.0726415079582,-1,10000,500
47.15,26.8519167514429,26.8836718594984,26.8142666914788,-1,10000,500
17.05,26.8519167514429,27.366374419296,27.2944089586801,-1,10000,500
82.35,26.8519167514429,26.3732333441651,26.3064852852044,-1,10000,500
14.6,26.8519167514429,27.4314063952296,27.359092466072,-1,10000,500
69.2,26.8519167514429,26.5666597586444,26.4989108947622,-1,10000,500
31.25,26.8519167514429,27.1267608384961,27.056072086034,-1,10000,500
49.75,26.8519167514429,26.846354759583,26.7771455991226,-1,10000,500
11.5,26.8519167514429,27.5372313061334,27.4643485291743,-1,10000,500
1.6,26.8519167514429,27.994680478757,27.9193131848956,-1,10000,500
74.65,26.8519167514429,26.4839094159715,26.4165896182803,-1,10000,500
35.5,26.8519167514429,27.0398174088938,26.9695890913406,-1,10000,500
12.6,26.8519167514429,27.5206026073425,27.4478093628869,-1,10000,500
4.4,26.8519167514429,27.8105975648831,27.7362350612638,-1,10000,500
75.65,26.8519167514429,26.4788317642175,26.4115382502462,-1,10000,500
74.05,26.8519167514429,26.4995473424657,26.4321465651954,-1,10000,500
37.85,26.8519167514429,27.0105708336621,26.940497062947,-1,10000,500
57.45,26.8519167514429,26.7507437450507,26.6820355191257,-1,10000,500
77.15,26.8519167514429,26.4536686441881,26.3865053079094,-1,10000,500
79.75,26.8519167514429,26.3922513046995,26.325405174311,-1,10000,500
61.8,26.8519167514429,26.7132378399867,26.6447256232734,-1,10000,500
54.95,26.8519167514429,26.7825144117731,26.7136399311216,-1,10000,500
91.65,26.8519167514429,26.0879502317364,26.0226647000472,-1,10000,500
97.2,26.8519167514429,25.7742854138012,25.7105892661375,-1,10000,500
74.5,26.8519167514429,26.490125877772,26.4227738945108,-1,10000,500
35.4,26.8519167514429,27.0499559853203,26.9796740531618,-1,10000,500
61.85,26.8519167514429,26.7099839082966,26.6414886837613,-1,10000,500
59,26.8519167514429,26.7341647064109,26.6655431584483,-1,10000,500
3.6,26.8519167514429,27.886546184739,27.8117699410391,-1,10000,500
81.25,26.8519167514429,26.3703398949301,26.3036067505576,-1,10000,500
0.9,26.8519167514429,28.1875562045608,28.1111289148261,-1,10000,500
97.75,26.8519167514429,25.7886307188785,25.7248623076745,-1,10000,500
9.9,26.8519167514429,27.5753240148834,27.5022359317813,-1,10000,500
75.8,26.8519167514429,26.4651934666784,26.3979705240261,-1,10000,500
32.45,26.8519167514429,27.0887516254877,27.0182643466984,-1,10000,500
88.7,26.8519167514429,26.2061128202118,26.1402234779986,-1,10000,500
25.15,26.8519167514429,27.2445040977108,27.1731894096298,-1,10000,500
38.25,26.8519167514429,27.0180298535855,26.9479166835091,-1,10000,500
71.45,26.8519167514429,26.5343144227361,26.4667334334129,-1,10000,500
0.4,26.8519167514429,28.2646217617519,28.1877688760804,-1,10000,500
57.05,26.8519167514429,26.7777232052713,26.7088738096523,-1,10000,500
49.05,26.8519167514429,26.8683138231953,26.7989893565134,-1,10000,500
41.5,26.8519167514429,26.9959421041122,26.9259455718936,-1,10000,500
47.65,26.8519167514429,26.8898315613852,26.8203940130444,-1,10000,500
50.15,26.8519167514429,26.8540262508246,26.7847768185256,-1,10000,500
82.45,26.8519167514429,26.3430642049949,26.2764715743758,-1,10000,500
95.2,26.8519167514429,25.9514089131242,25.8868176558451,-1,10000,500
87.85,26.8519167514429,26.2485174667228,26.1824107611803,-1,10000,500
97.15,26.8519167514429,25.8366084509663,25.7725980582925,-1,10000,500
31.8,26.8519167514429,27.1288068914061,27.0581072853954,-1,10000,500
58.9,26.8519167514429,26.7130094680374,26.6444984439613,-1,10000,500
65.9,26.8519167514429,26.6235038757048,26.5554594838044,-1,10000,500
65.95,26.8519167514429,26.6256306911321,26.5575752296434,-1,10000,500
61.15,26.8519167514429,26.7125670084972,26.644058295068,-1,10000,500
5.35,26.8519167514429,27.7356923604381,27.6617367919356,-1,10000,500
25.7,26.8519167514429,27.1987343707243,27.1276633261662,-1,10000,500
92.7,26.8519167514429,26.1103219202408,26.0449222819519,-1,10000,500
81.5,26.8519167514429,26.3819731890131,26.3151800695142,-1,10000,500
72.75,26.8519167514429,26.5412449725855,26.4736280307009,-1,10000,500
47.55,26.8519167514429,26.8863754186628,26.8169560395003,-1,10000,500
33.5,26.8519167514429,27.0757096305476,27.0052914168002,-1,10000,500
36.85,26.8519167514429,27.0371413908108,26.9669272211175,-1,10000,500
13.45,26.8519167514429,27.4558109445415,27.3833660290724,-1,10000,500
89.45,26.8519167514429,26.1836727425846,26.1178982822781,-1,10000,500
7.7,26.8519167514429,27.6337607782446,27.5603571822291,-1,10000,500
27.3,26.8519167514429,27.182526629307,27.11154176289,-1,10000,500
70.65,26.8519167514429,26.5516193858953,26.4839486084274,-1,10000,500
64.95,26.8519167514429,26.6590947265704,26.5908649742467,-1,10000,500
75.05,26.8519167514429,26.4875435167639,26.4202049045412,-1,10000,500
50.95,26.8519167514429,26.8546176567433,26.7853651193476,-1,10000,500
8.05,26.8519167514429,27.6222337019429,27.5488923967812,-1,10000,500
66.45,26.8519167514429,26.621831019665,26.5537953339671,-1,10000,500
18.25,26.8519167514429,27.360323891071,27.2883908090517,-1,10000,500
24.3,26.8519167514429,27.2374685580078,27.166191348872,-1,10000,500
16.25,26.8519167514429,27.4241235744887,27.3518487114544,-1,10000,500
36.6,26.8519167514429,27.051200057138,26.9809115447004,-1,10000,500
9.15,26.8519167514429,27.6166492019925,27.5433380652788,-1,10000,500
68.8,26.8519167514429,26.5658409886033,26.4980963767563,-1,10000,500
36.2,26.8519167514429,27.0336618972716,26.9634661212137,-1,10000,500
48.35,26.8519167514429,26.8821829655304,26.8127856231989,-1,10000,500
79.5,26.8519167514429,26.4180375036263,26.3510582848518,-1,10000,500
29.2,26.8519167514429,27.1511864082775,27.0803680330337,-1,10000,500
77.3,26.8519167514429,26.442405589849,26.3753004806107,-1,10000,500
22.75,26.8519167514429,27.2736348316968,27.202164857088,-1,10000,500
29.65,26.8519167514429,27.1340780030795,27.0633504319581,-1,10000,500
56.75,26.8519167514429,26.7525616801861,26.6838439464765,-1,10000,500
23.25,26.8519167514429,27.2576052235157,27.1862207184013,-1,10000,500
34.75,26.8519167514429,27.0762521852722,27.0058310990509,-1,10000,500
46.5,26.8519167514429,26.9112968774391,26.8417464313898,-1,10000,500
71.8,26.8519167514429,26.5346524143642,26.4670696719142,-1,10000,500
85.05,26.8519167514429,26.2839135824668,26.2176251655643,-1,10000,500
64.55,26.8519167514429,26.6527276730429,26.584531099382,-1,10000,500
3.4,26.8519167514429,27.8578927074116,27.7832726917101,-1,10000,500
13.45,26.8519167514429,27.4960827912856,27.4234214667252,-1,10000,500
30.5,26.8519167514429,27.1199625056145,27.0493098098109,-1,10000,500
14.65,26.8519167514429,27.4240784450968,27.3518038241104,-1,10000,500
16.95,26.8519167514429,27.379982902229,27.3079445910881,-1,10000,500
87.25,26.8519167514429,26.2361892007344,26.1701457258395,-1,10000,500
51.35,26.8519167514429,26.8356767695203,26.7665236442087,-1,10000,500
8.15,26.8519167514429,27.6125919384156,27.539302715871,-1,10000,500
36.45,26.8519167514429,27.0466195106778,26.9763552246456,-1,10000,500
26.3,26.8519167514429,27.2150503392696,27.1438924884706,-1,10000,500
20.9,26.8519167514429,27.2997269208235,27.2281177147768,-1,10000,500
33.25,26.8519167514429,27.0922453155533,27.0217395298866,-1,10000,500
33.55,26.8519167514429,27.1000873794197,27.029540043723,-1,10000,500
36.95,26.8519167514429,27.0429766693136,26.9727316472139,-1,10000,500
73.6,26.8519167514429,26.5073451246263,26.4399039491169,-1,10000,500
51.5,26.8519167514429,26.8248057689832,26.7557096684432,-1,10000,500
72.15,26.8519167514429,26.5350467488133,26.4674619609637,-1,10000,500
2.5,26.8519167514429,27.9381120106221,27.8630542031139,-1,10000,500
97.45,26.8519167514429,25.7535866743799,25.6899947232751,-1,10000,500
24.15,26.8519167514429,27.2388041404944,27.1675198173473,-1,10000,500
63.75,26.8519167514429,26.6714395535395,26.6031454495054,-1,10000,500
34.25,26.8519167514429,27.0858017738641,27.0153301192295,-1,10000,500
38.1,26.8519167514429,27.0306363431894,26.9604565591556,-1,10000,500
36.65,26.8519167514429,27.0417333537429,26.9714949058938,-1,10000,500
56.95,26.8519167514429,26.7606953123955,26.6919350318301,-1,10000,500
32.4,26.8519167514429,27.1127705786174,27.0421560170149,-1,10000,500
20.5,26.8519167514429,27.3020824288614,27.2304606468106,-1,10000,500
15,26.8519167514429,27.4577108963094,27.385255778289,-1,10000,500
38.05,26.8519167514429,27.0033492903081,26.9333136540588,-1,10000,500
94.65,26.8519167514429,25.955989813851,25.8913753239658,-1,10000,500
26.85,26.8519167514429,27.1870202710383,27.1160115167124,-1,10000,500
13.25,26.8519167514429,27.4744297386592,27.4018848112449,-1,10000,500
61.2,26.8519167514429,26.7103692009329,26.6418719644917,-1,10000,500
40.7,26.8519167514429,26.9907828055838,26.9208135039108,-1,10000,500
77.2,26.8519167514429,26.4672530278919,26.4000194304143,-1,10000,500
93,26.8519167514429,26.0619481482177,25.9967951150982,-1,10000,500
9.55,26.8519167514429,27.5818960808827,27.5087725475654,-1,10000,500
27.35,26.8519167514429,27.1969736532888,27.1259119731605,-1,10000,500
78,26.8519167514429,26.4330945833702,26.3660375905871,-1,10000,500
0.25,26.8519167514429,28.3552749488987,28.2779199214552,-1,10000,500
0.05,26.8519167514429,28.7317018224618,28.6522442729894,-1,10000,500
65.05,26.8519167514429,26.6540917856136,26.5858881042507,-1,10000,500
21.6,26.8519167514429,27.2974910550826,27.2258937852541,-1,10000,500
28.45,26.8519167514429,27.1695566191388,27.0986406779863,-1,10000,500
9.9,26.8519167514429,27.6067826709252,27.5335248198206,-1,10000,500
41.2,26.8519167514429,26.9758843849046,26.9059936867776,-1,10000,500
37.75,26.8519167514429,27.0336911329818,26.9634952023853,-1,10000,500
36.45,26.8519167514429,27.0499852562838,26.9797031693057,-1,10000,500
57.55,26.8519167514429,26.7602942428034,26.6915360605321,-1,10000,500
41.7,26.8519167514429,26.9685213514954,26.8986694842126,-1,10000,500
77.35,26.8519167514429,26.4547324841574,26.3875636468035,-1,10000,500
88,26.8519167514429,26.2120071387677,26.1460876040353,-1,10000,500
4.45,26.8519167514429,27.8371386795637,27.7626317198062,-1,10000,500
79.85,26.8519167514429,26.4098875829948,26.342950442061,-1,10000,500
60.85,26.8519167514429,26.6991004173487,26.6306620116269,-1,10000,500
38.15,26.8519167514429,27.0052746576065,26.935228855172,-1,10000,500
68.2,26.8519167514429,26.605510445836,26.5375596697029,-1,10000,500
83.5,26.8519167514429,26.3088377066503,26.2424211887607,-1,10000,500
50.5,26.8519167514429,26.8377655862492,26.7686015011832,-1,10000,500
0.65,26.8519167514429,28.1399754820016,28.0638103694657,-1,10000,500
96.65,26.8519167514429,25.8372093023256,25.7731958762887,-1,10000,500
90.4,26.8519167514429,26.11092193307,26.0455192330532,-1,10000,500
84.05,26.8519167514429,26.2957473420231,26.2293981192472,-1,10000,500
44.1,26.8519167514429,26.9380933034902,26.8684017922299,-1,10000,500
30.6,26.8519167514429,27.1179030774305,27.0472613025096,-1,10000,500
26.15,26.8519167514429,27.2070527733563,27.1359374788001,-1,10000,500
99.4,26.8519167514429,25.4831060692558,25.4208678887664,-1,10000,500
25.8,26.8519167514429,27.2290573991472,27.1578249841127,-1,10000,500
57.15,26.8519167514429,26.7596640148756,26.6909091297322,-1,10000,500
63.1,26.8519167514429,26.6890663711359,26.6206803287548,-1,10000,500
43.5,26.8519167514429,26.9474294701768,26.877688776791,-1,10000,500
33.8,26.8519167514429,27.0821483708459,27.0116960643959,-1,10000,500
53.5,26.8519167514429,26.8055619597469,26.7365667467694,-1,10000,500
49.75,26.8519167514429,26.8559015299727,26.7866422515351,-1,10000,500
16.25,26.8519167514429,27.3907233682126,27.3186275340076,-1,10000,500
78.05,26.8519167514429,26.461649530153,26.3944449195445,-1,10000,500
50.35,26.8519167514429,26.8499159782108,26.7806881244252,-1,10000,500
62.6,26.8519167514429,26.683881270472,26.6155222790552,-1,10000,500
88.9,26.8519167514429,26.1942086147747,26.1283802285502,-1,10000,500
99.8,26.8519167514429,25.3116427987757,25.2502552800809,-1,10000,500
62.5,26.8519167514429,26.6814318688211,26.6130856542162,-1,10000,500
70.15,26.8519167514429,26.5617055595491,26.4939824217725,-1,10000,500
75.95,26.8519167514429,26.4741065286911,26.4068374696123,-1,10000,500
64.25,26.8519167514429,26.6587251269216,26.5904973007986,-1,10000,500
36.75,26.8519167514429,27.0443956514754,26.9741431258824,-1,10000,500
52.7,26.8519167514429,26.8191937344099,26.7501270631036,-1,10000,500
81.25,26.8519167514429,26.3571187944525,26.2904537784903,-1,10000,500
15.85,26.8519167514429,27.4008865621383,27.3287362755086,-1,10000,500
30.5,26.8519167514429,27.1299993379618,27.0592934060831,-1,10000,500
28.45,26.8519167514429,27.1659691559342,27.0950722733958,-1,10000,500
6.35,26.8519167514429,27.762645622698,27.6885437542675,-1,10000,500
31.05,26.8519167514429,27.1214337172667,27.0507732193017,-1,10000,500
11.2,26.8519167514429,27.5030710249825,27.430372114942,-1,10000,500
54.8,26.8519167514429,26.7873216857555,26.7184220313696,-1,10000,500
41.65,26.8519167514429,26.9790432814115,26.9091359207365,-1,10000,500
67.5,26.8519167514429,26.6146316326303,26.5466334090443,-1,10000,500
99.8,26.8519167514429,25.25632683743,25.1952125065004,-1,10000,500
77.6,26.8519167514429,26.4422937070039,26.3751891760444,-1,10000,500
24.35,26.8519167514429,27.2113175568107,27.1401795702841,-1,10000,500
28.4,26.8519167514429,27.190923849641,27.1198943408917,-1,10000,500
97.45,26.8519167514429,25.7716813064457,25.7079982724225,-1,10000,500
61.35,26.8519167514429,26.6985158412797,26.6300804867553,-1,10000,500
58.5,26.8519167514429,26.7447763565372,26.6760993353917,-1,10000,500
9.25,26.8519167514429,27.6066607177567,27.5334035251567,-1,10000,500
63.75,26.8519167514429,26.6753245644552,26.607010202192,-1,10000,500
3,26.8519167514429,27.9300895807555,27.8550756126028,-1,10000,500
37.3,26.8519167514429,27.0290142235491,26.9588430127262,-1,10000,500
69.6,26.8519167514429,26.5792299758637,26.5114158156502,-1,10000,500
21.7,26.8519167514429,27.2803169198534,27.2088113014519,-1,10000,500
72.65,26.8519167514429,26.5288514193294,26.4612987628814,-1,10000,500
99.05,26.8519167514429,25.6058567475364,25.5430059929001,-1,10000,500
84.65,26.8519167514429,26.2998280345278,26.2334578373242,-1,10000,500
59.7,26.8519167514429,26.7117677639,26.6432632242505,-1,10000,500
93.5,26.8519167514429,25.9924791038561,25.9276794052813,-1,10000,500
62.85,26.8519167514429,26.6903487122488,26.6219559789985,-1,10000,500
27.6,26.8519167514429,27.1858080239869,27.1148057142826,-1,10000,500
9.55,26.8519167514429,27.5444529289845,27.4715312521634,-1,10000,500
96.35,26.8519167514429,25.9072727432898,25.8429051146727,-1,10000,500
5.8,26.8519167514429,27.7235881459827,27.6496982311935,-1,10000,500
50.55,26.8519167514429,26.8711298343982,26.8017905740247,-1,10000,500
64.1,26.8519167514429,26.6559818806504,26.587768350346,-1,10000,500
25.1,26.8519167514429,27.2406296483973,27.1693356010672,-1,10000,500
69.7,26.8519167514429,26.5779582896969,26.5101507367171,-1,10000,500
42.75,26.8519167514429,26.9571354855547,26.8873436433749,-1,10000,500
20.9,26.8519167514429,27.3042146631744,27.2325814962234,-1,10000,500
85.15,26.8519167514429,26.3131024987317,26.2466640489994,-1,10000,500
59.6,26.8519167514429,26.6902489701873,26.6218567573727,-1,10000,500
30.15,26.8519167514429,27.1283799915786,27.057682650181,-1,10000,500
54.4,26.8519167514429,26.7997424823225,26.730777764056,-1,10000,500
99.5,26.8519167514429,25.5547468089153,25.4921514764034,-1,10000,500
46.85,26.8519167514429,26.8963124157726,26.826840790748,-1,10000,500
65.7,26.8519167514429,26.6333751696716,26.5652793923564,-1,10000,500
55.1,26.8519167514429,26.7939686104063,26.7250341412311,-1,10000,500
99.65,26.8519167514429,25.4918117210836,25.4295301945156,-1,10000,500
74.95,26.8519167514429,26.4869120377043,26.4195766949744,-1,10000,500
42.15,26.8519167514429,26.983630092995,26.91369853428,-1,10000,500
69.1,26.8519167514429,26.5807844242292,26.5129621872133,-1,10000,500
15.35,26.8519167514429,27.4188594807446,27.3466128485326,-1,10000,500
13.3,26.8519167514429,27.4790808317541,27.4065109099839,-1,10000,500
34.8,26.8519167514429,27.058622957208,26.988295176382,-1,10000,500
65.5,26.8519167514429,26.6467045123246,26.578539317899,-1,10000,500
24.25,26.8519167514429,27.2600575135688,27.1886599362045,-1,10000,500
66.2,26.8519167514429,26.6220294831189,26.553992764568,-1,10000,500
49.2,26.8519167514429,26.8594364219224,26.7901585816647,-1,10000,500
9.6,26.8519167514429,27.5622956395948,27.4892778071913,-1,10000,500
90.2,26.8519167514429,26.1559879398374,26.0903550740783,-1,10000,500
8.15,26.8519167514429,27.6478506070417,27.5743708355806,-1,10000,500
72.15,26.8519167514429,26.5274015668651,26.459856428819,-1,10000,500
36.5,26.8519167514429,27.055181856063,26.9848722805995,-1,10000,500
63.95,26.8519167514429,26.675438427998,26.6071234719529,-1,10000,500
0.7,26.8519167514429,28.2022483952726,28.1257400585353,-1,10000,500
77.1,26.8519167514429,26.444825288013,26.3777076716925,-1,10000,500
34.95,26.8519167514429,27.0709888559252,27.0005956331397,-1,10000,500
13,26.8519167514429,27.4621300549793,27.3896512037478,-1,10000,500
57.75,26.8519167514429,26.7411428488906,26.6724848246898,-1,10000,500
10.4,26.8519167514429,27.5506003600673,27.4776455614535,-1,10000,500
8.75,26.8519167514429,27.5798419737668,27.5067295213774,-1,10000,500
54.05,26.8519167514429,26.8026590896907,26.7336790889162,-1,10000,500
99.2,26.8519167514429,25.5810812055421,25.5183543315365,-1,10000,500
71.45,26.8519167514429,26.5518450066918,26.4841730581804,-1,10000,500
58.15,26.8519167514429,26.7378678161535,26.6692269124503,-1,10000,500
42.5,26.8519167514429,26.9729154055568,26.9030403663979,-1,10000,500
47.65,26.8519167514429,26.8716497779374,26.8023077859096,-1,10000,500
76.7,26.8519167514429,26.4489943615686,26.3818551931627,-1,10000,500
55.9,26.8519167514429,26.7947009787476,26.7257626730894,-1,10000,500
25.05,26.8519167514429,27.2048172578502,27.1337138565365,-1,10000,500
76.85,26.8519167514429,26.4526888672779,26.385530597189,-1,10000,500
7.3,26.8519167514429,27.6626435627295,27.5890837720457,-1,10000,500
43.45,26.8519167514429,26.9582838150003,26.8884859201132,-1,10000,500
86.6,26.8519167514429,26.2544446655874,26.1883075491987,-1,10000,500
76.4,26.8519167514429,26.4528008381086,26.3856419890552,-1,10000,500
4,26.8519167514429,27.8125314660729,27.7381584414705,-1,10000,500
68.15,26.8519167514429,26.5933255779441,26.5254381604503,-1,10000,500
25.2,26.8519167514429,27.2338483042783,27.1625903767288,-1,10000,500
39.9,26.8519167514429,26.9936974211423,26.9237127369085,-1,10000,500
43.25,26.8519167514429,26.9467323010985,26.8769952809372,-1,10000,500
38.8,26.8519167514429,26.9895442845544,26.9195815189535,-1,10000,500
68.35,26.8519167514429,26.5903270671394,26.5224552367262,-1,10000,500
92.15,26.8519167514429,26.0955484893342,26.0302242139393,-1,10000,500
17.35,26.8519167514429,27.3667039803379,27.2947367559114,-1,10000,500
33.65,26.8519167514429,27.0997935873308,27.0292478084686,-1,10000,500
28.65,26.8519167514429,27.1641831592388,27.0932957639632,-1,10000,500
90.7,26.8519167514429,26.1526084081723,26.0869928166857,-1,10000,500
87.7,26.8519167514429,26.2385299915399,26.1724745132443,-1,10000,500
25.05,26.8519167514429,27.2333290845092,27.1620739221274,-1,10000,500
10.8,26.8519167514429,27.5619765457201,27.4889604334899,-1,10000,500
37.15,26.8519167514429,27.0172414258965,26.9471324209034,-1,10000,500
45.85,26.8519167514429,26.9167011683556,26.8471222838095,-1,10000,500
90.65,26.8519167514429,26.1480672553709,26.0824748721437,-1,10000,500
42.7,26.8519167514429,26.9557837800534,26.8859990622164,-1,10000,500
16,26.8519167514429,27.3903332038555,27.3182394596671,-1,10000,500
45.5,26.8519167514429,26.8994961220499,26.8300077538722,-1,10000,500
36.45,26.8519167514429,27.0467365660302,26.9764716609468,-1,10000,500
52.6,26.8519167514429,26.828548430373,26.7594327000268,-1,10000,500
56.65,26.8519167514429,26.7762747049228,26.7074328922334,-1,10000,500
81.1,26.8519167514429,26.3687821467602,26.3020570312763,-1,10000,500
88.4,26.8519167514429,26.1955948226041,26.1297593396905,-1,10000,500
96.65,26.8519167514429,25.9144168543491,25.8500130542566,-1,10000,500
52.25,26.8519167514429,26.8067405319848,26.7377391423389,-1,10000,500
53.25,26.8519167514429,26.8176688180165,26.748610142217,-1,10000,500
17.95,26.8519167514429,27.3683968507869,27.2964205657784,-1,10000,500
6.7,26.8519167514429,27.6752001532253,27.6015724063768,-1,10000,500
31.05,26.8519167514429,27.1296754532195,27.0589712395606,-1,10000,500
18.65,26.8519167514429,27.3258988523615,27.2541498531274,-1,10000,500
97.4,26.8519167514429,25.7980655707929,25.7342496098688,-1,10000,500
83.9,26.8519167514429,26.3032595628488,26.2368717253104,-1,10000,500
23.4,26.8519167514429,27.2544253347588,27.1830577786766,-1,10000,500
70.35,26.8519167514429,26.5510412501056,26.4833734732997,-1,10000,500
51.95,26.8519167514429,26.8255542177209,26.7564541918802,-1,10000,500
64.05,26.8519167514429,26.6705716288494,26.6022820501634,-1,10000,500
67,26.8519167514429,26.6153542298956,26.547352246729,-1,10000,500
3.35,26.8519167514429,27.8580013674075,27.7833807595643,-1,10000,500
62.25,26.8519167514429,26.6833970507628,26.6150405852754,-1,10000,500
96.25,26.8519167514429,25.9287975873435,25.8643209451857,-1,10000,500
19,26.8519167514429,27.3552938060874,27.2833876363692,-1,10000,500
19.5,26.8519167514429,27.352554984134,27.2806634657355,-1,10000,500
47.7,26.8519167514429,26.8901208186387,26.8206817495453,-1,10000,500
76.6,26.8519167514429,26.4682899351145,26.4010509730371,-1,10000,500
76.85,26.8519167514429,26.4644789999239,26.3972597532595,-1,10000,500
47.35,26.8519167514429,26.8931728618597,26.8237177458206,-1,10000,500
10.15,26.8519167514429,27.566505331344,27.4934648034162,-1,10000,500
50.1,26.8519167514429,26.8614279136416,26.7921396149112,-1,10000,500
4.7,26.8519167514429,27.80768948386,27.7333427996477,-1,10000,500
72.95,26.8519167514429,26.5145428250041,26.4470643494102,-1,10000,500
70.55,26.8519167514429,26.5701189131736,26.5023520837474,-1,10000,500
60.9,26.8519167514429,26.711853394962,26.6433484081399,-1,10000,500
1.55,26.8519167514429,28.0327455213211,27.9571696161481,-1,10000,500
14.6,26.8519167514429,27.4336040386305,27.3612783189231,-1,10000,500
61.35,26.8519167514429,26.6980453474271,26.6296124485982,-1,10000,500
8.1,26.8519167514429,27.6434020488022,27.5699463323425,-1,10000,500
4.3,26.8519167514429,27.8176692137218,27.7432682346792,-1,10000,500
26.6,26.8519167514429,27.187700359403,27.1166879894223,-1,10000,500
78.35,26.8519167514429,26.4171859924187,26.3502111705923,-1,10000,500
25.95,26.8519167514429,27.2067714631198,27.1356576652263,-1,10000,500
68.9,26.8519167514429,26.5746948521263,26.5069042533509,-1,10000,500
28.6,26.8519167514429,27.183738583727,27.1127472750333,-1,10000,500
66.75,26.8519167514429,26.6418197969584,26.5736800454516,-1,10000,500
12.9,26.8519167514429,27.4710028303458,27.3984763159351,-1,10000,500
25.9,26.8519167514429,27.2070823852985,27.1359669331961,-1,10000,500
61.75,26.8519167514429,26.6827419579514,26.6143889096777,-1,10000,500
42.45,26.8519167514429,26.9512354873298,26.8814747392094,-1,10000,500
70.8,26.8519167514429,26.5680715496581,26.5003153537527,-1,10000,500
98.1,26.8519167514429,25.6978169063314,25.6345052745558,-1,10000,500
2.2,26.8519167514429,28.0049831449157,27.9295594167861,-1,10000,500
97.8,26.8519167514429,25.7738867918304,25.7101926516156,-1,10000,500
26.8,26.8519167514429,27.2007025011916,27.1296209883429,-1,10000,500
56.65,26.8519167514429,26.7650505562067,26.6962674880574,-1,10000,500
84.55,26.8519167514429,26.323895273072,26.2574013049928,-1,10000,500
14.35,26.8519167514429,27.4683766159203,27.3958642107553,-1,10000,500
51.5,26.8519167514429,26.8336746918113,26.7645320703329,-1,10000,500
81.55,26.8519167514429,26.3693523725033,26.3026243180387,-1,10000,500
19.95,26.8519167514429,27.3235392331484,27.2518028430171,-1,10000,500
2.05,26.8519167514429,28.0019872197351,27.9265799043682,-1,10000,500
45.05,26.8519167514429,26.9134699238812,26.8439080435086,-1,10000,500
49.75,26.8519167514429,26.8577914993036,26.7885222968908,-1,10000,500
65.6,26.8519167514429,26.6131582225317,26.545167664588,-1,10000,500
40.7,26.8519167514429,26.9765393948126,26.9066452418019,-1,10000,500
20.7,26.8519167514429,27.2874788705566,27.215935038829,-1,10000,500
29.35,26.8519167514429,27.1571595333065,27.0863094415832,-1,10000,500
29.2,26.8519167514429,27.1466751227967,27.0758806971714,-1,10000,500
17.55,26.8519167514429,27.3771192009463,27.3050962231591,-1,10000,500
36.45,26.8519167514429,27.0584911542359,26.9881640707651,-1,10000,500
45.6,26.8519167514429,26.9193968805914,26.8498038084836,-1,10000,500
90,26.8519167514429,26.1284981718675,26.0630057526266,-1,10000,500
1.25,26.8519167514429,28.0997235272727,28.0237798586368,-1,10000,500
30.1,26.8519167514429,27.1419443067607,27.0711749918651,-1,10000,500
54.5,26.8519167514429,26.7998574104997,26.7308920900617,-1,10000,500
51.5,26.8519167514429,26.848041534852,26.7788235205905,-1,10000,500
69.7,26.8519167514429,26.5849682065158,26.5171242284843,-1,10000,500
76.4,26.8519167514429,26.4660340651924,26.3988067739338,-1,10000,500
79.55,26.8519167514429,26.4159576795171,26.3489892000763,-1,10000,500
91.6,26.8519167514429,26.0994174027439,26.0340733952597,-1,10000,500
66.15,26.8519167514429,26.6438217456647,26.5756715672205,-1,10000,500
30.25,26.8519167514429,27.1330619032165,27.062339723293,-1,10000,500
11.8,26.8519167514429,27.5131815077521,27.440428202394,-1,10000,500
33.3,26.8519167514429,27.111756073912,27.0411468907548,-1,10000,500
89.9,26.8519167514429,26.1865528031318,26.1207636039549,-1,10000,500
51.8,26.8519167514429,26.8343372168293,26.7651911195237,-1,10000,500
52,26.8519167514429,26.8096011565747,26.7405847738041,-1,10000,500
26.8,26.8519167514429,27.2005249138202,27.1294443455727,-1,10000,500
87.8,26.8519167514429,26.2154707720705,26.1495334923225,-1,10000,500
88.15,26.8519167514429,26.1984500494939,26.1325999480484,-1,10000,500
54.2,26.8519167514429,26.8073442310725,26.7383396774501,-1,10000,500
94.4,26.8519167514429,25.9699715548427,25.9052861290664,-1,10000,500
76.15,26.8519167514429,26.4625599370764,26.3953506173609,-1,10000,500
27.6,26.8519167514429,27.17627643429,27.1053247868437,-1,10000,500
97.85,26.8519167514429,25.7817950977718,25.718061125659,-1,10000,500
29.25,26.8519167514429,27.150154282605,27.0793413870905,-1,10000,500
61.05,26.8519167514429,26.6907904360537,26.6223953979462,-1,10000,500
24.7,26.8519167514429,27.2522711588716,27.1809150835596,-1,10000,500
41.45,26.8519167514429,26.9680121993913,26.8981630168549,-1,10000,500
84.7,26.8519167514429,26.3508673728352,26.2842345584065,-1,10000,500
65.75,26.8519167514429,26.6331339732674,26.5650394517401,-1,10000,500
94.8,26.8519167514429,25.9577956719874,25.8931720223241,-1,10000,500
91.4,26.8519167514429,26.1158185228775,26.0503908340137,-1,10000,500
5.5,26.8519167514429,27.7391394569355,27.6651651859348,-1,10000,500
39.8,26.8519167514429,26.995140388769,26.9251480883145,-1,10000,500
96.2,26.8519167514429,25.9251941861606,25.8607357999993,-1,10000,500
95.9,26.8519167514429,25.8867620499396,25.8224982130831,-1,10000,500
54.85,26.8519167514429,26.7796595643479,26.7108000311982,-1,10000,500
50.5,26.8519167514429,26.8401717298557,26.7709950189887,-1,10000,500
76.5,48.5571902023442,48.1537336531974,47.8750475508999,0,10000,500
42.05,48.5571902023442,48.6810455369269,48.3981458351572,0,10000,500
8.75,48.5571902023442,49.3529173743386,49.0443754486321,0,10000,500
23.3,48.5571902023442,48.9763343023328,48.6890610624412,0,10000,500
49.8,48.5571902023442,48.5639712534421,48.2658494372806,0,10000,500
28.8,48.5571902023442,48.8819534975865,48.5902075344308,0,10000,500
35.65,48.5571902023442,48.7589320146719,48.4488835431847,0,10000,500
26.05,48.5571902023442,48.932748536597,48.6413623662854,0,10000,500
3.35,48.5571902023442,49.6252451465728,49.3198246446611,0,10000,500
78.25,48.5571902023442,48.1154913642319,47.8243239288654,0,10000,500
34.8,48.5571902023442,48.7735597778984,48.4760360241548,0,10000,500
98,48.5571902023442,47.3658714766982,47.08075685667,0,10000,500
74.9,48.5571902023442,48.1577228239832,47.873715650169,0,10000,500
68.25,48.5571902023442,48.2836305620611,48.0018862285201,0,10000,500
99.55,48.5571902023442,47.1082737196758,46.8285843809705,0,10000,500
97.9,48.5571902023442,47.4285212826007,47.1318773052956,0,10000,500
58.55,48.5571902023442,48.4640527373771,48.1654289574277,0,10000,500
28.95,48.5571902023442,48.8635969555556,48.5703367794092,0,10000,500
92.75,48.5571902023442,47.7085059649618,47.4291905580188,0,10000,500
24.4,48.5571902023442,48.9791269494701,48.6142042876514,0,10000,500
88.2,48.5571902023442,47.8835135106644,47.5875010322762,0,10000,500
93.25,48.5571902023442,47.6579910040035,47.370380139502,0,10000,500
25.15,48.5571902023442,48.9357207819129,48.6270003110067,0,10000,500
23.9,48.5571902023442,48.9742989132863,48.6853797014268,0,10000,500
93.35,48.5571902023442,47.6923418792149,47.4092498729164,0,10000,500
90.3,48.5571902023442,47.7992625145061,47.5192955043537,0,10000,500
86.15,48.5571902023442,47.9460918971507,47.6437899859844,0,10000,500
37.8,48.5571902023442,48.7554964028602,48.4579005930278,0,10000,500
17.1,48.5571902023442,49.1021933840685,48.8013773314588,0,10000,500
34,48.5571902023442,48.8172942850382,48.5255239109202,0,10000,500
15.4,48.5571902023442,49.1632292239895,48.8800653337467,0,10000,500
25.95,48.5571902023442,48.9248175438151,48.6323033669163,0,10000,500
24.4,48.5571902023442,48.9772733335313,48.6788203046325,0,10000,500
17.6,48.5571902023442,49.0666932692186,48.7697583910213,0,10000,500
26.15,48.5571902023442,48.9342382498419,48.6357770391508,0,10000,500
42.4,48.5571902023442,48.6723252298158,48.3714562570331,0,10000,500
62.5,48.5571902023442,48.383857797664,48.0888095401257,0,10000,500
19.75,48.5571902023442,49.0539388720866,48.7581884042584,0,10000,500
2.6,48.5571902023442,49.7445617279222,49.4429405744734,0,10000,500
34.95,48.5571902023442,48.773738704851,48.4908732181584,0,10000,500
2.5,48.5571902023442,49.7334997120301,49.4487033469943,0,10000,500
52.35,48.5571902023442,48.5167596143192,48.2282800635676,0,10000,500
59.15,48.5571902023442,48.4257548671473,48.1201331569586,0,10000,500
45.65,48.5571902023442,48.619938651269,48.3127660613674,0,10000,500
62.2,48.5571902023442,48.388209508047,48.0956292672476,0,10000,500
69,48.5571902023442,48.2778985960218,47.9876545079996,0,10000,500
96.6,48.5571902023442,47.4934680398307,47.2130560944459,0,10000,500
93.7,48.5571902023442,47.6574772639825,47.3558555045953,0,10000,500
24.2,48.5571902023442,48.9611705128095,48.6600057318259,0,10000,500
96.85,48.5571902023442,47.4727561332166,47.1818972674314,0,10000,500
88.4,48.5571902023442,47.8770601196678,47.600293819426,0,10000,500
63.7,48.5571902023442,48.3702752102452,48.0750009395231,0,10000,500
60,48.5571902023442,48.4191751915213,48.1314892197322,0,10000,500
39.2,48.5571902023442,48.7107089709573,48.4278817043499,0,10000,500
33.95,48.5571902023442,48.8074446014837,48.5255082714859,0,10000,500
15.1,48.5571902023442,49.1753747368889,48.8935543553184,0,10000,500
38.35,48.5571902023442,48.742085807481,48.4471020529301,0,10000,500
52.8,48.5571902023442,48.5364765958969,48.2523200729053,0,10000,500
38.1,48.5571902023442,48.7232152079323,48.4395438590967,0,10000,500
39.85,48.5571902023442,48.6979826608937,48.4097035540338,0,10000,500
42.25,48.5571902023442,48.6701137399197,48.3835013338096,0,10000,500
11.1,48.5571902023442,49.257025707892,48.964160063906,0,10000,500
0.4,48.5571902023442,50.0950511660935,49.8050177199551,0,10000,500
71.9,48.5571902023442,48.2300511639699,47.9163276954081,0,10000,500
23.9,48.5571902023442,48.967568089884,48.6779345061627,0,10000,500
54.8,48.5571902023442,48.4929925789871,48.1844850404097,0,10000,500
5.3,48.5571902023442,49.5116221263114,49.2203578989663,0,10000,500
30.05,48.5571902023442,48.8643298820956,48.5776640311867,0,10000,500
84.15,48.5571902023442,47.9568946385289,47.6557455084687,0,10000,500
32.85,48.5571902023442,48.8323723688973,48.5369991401193,0,10000,500
75.8,48.5571902023442,48.1546538642211,47.8700196066815,0,10000,500
4.85,48.5571902023442,49.5642421251851,49.2729691682051,0,10000,500
16.55,48.5571902023442,49.1400696566518,48.8495242376566,0,10000,500
34.2,48.5571902023442,48.7968082633789,48.5013659333031,0,10000,500
93,48.5571902023442,47.7155241469528,47.4382733654953,0,10000,500
13.85,48.5571902023442,49.1934486997684,48.8729306147723,0,10000,500
91,48.5571902023442,47.7808235113928,47.5024678439211,0,10000,500
21.5,48.5571902023442,49.0080275238079,48.7042109315173,0,10000,500
2.95,48.5571902023442,49.6281897252754,49.3372160109411,0,10000,500
72.4,48.5571902023442,48.2110745645028,47.8937942933578,0,10000,500
49.15,48.5571902023442,48.573586307441,48.2788270611075,0,10000,500
54.75,48.5571902023442,48.5049056517905,48.2111038583767,0,10000,500
33.65,48.5571902023442,48.8078181637761,48.5143129017574,0,10000,500
24.95,48.5571902023442,48.9657957871364,48.6715715141544,0,10000,500
64.1,48.5571902023442,48.3499494206737,48.0335749688321,0,10000,500
93.5,48.5571902023442,47.6531024403746,47.366596275448,0,10000,500
28.55,48.5571902023442,48.8916938366042,48.600941318456,0,10000,500
43.4,48.5571902023442,48.6653729439804,48.3794172526841,0,10000,500
83.45,48.5571902023442,47.9858859004742,47.6943090259459,0,10000,500
99.7,48.5571902023442,46.9119762568487,46.6377779135791,0,10000,500
85.6,48.5571902023442,47.9336970044779,47.6275648800527,0,10000,500
79.8,48.5571902023442,48.0805200932629,47.7970650827056,0,10000,500
30.25,48.5571902023442,48.8371556785623,48.5452578280562,0,10000,500
11.25,48.5571902023442,49.2562524651759,48.9655841980192,0,10000,500
33.55,48.5571902023442,48.8023900669394,48.5088028801544,0,10000,500
25.35,48.5571902023442,48.9414719293383,48.6577065487614,0,10000,500
27.05,48.5571902023442,48.9247334946175,48.642820290656,0,10000,500
78.6,48.5571902023442,48.1204976645511,47.8222195809495,0,10000,500
74.1,48.5571902023442,48.1712913926002,47.8867903565048,0,10000,500
75.65,48.5571902023442,48.1638301424266,47.8698247904705,0,10000,500
31.4,48.5571902023442,48.842139237651,48.5476852691609,0,10000,500
12.25,48.5571902023442,49.2395197679393,48.931823721185,0,10000,500
34.2,48.5571902023442,48.8078753290232,48.519419098551,0,10000,500
48.5,48.5571902023442,48.5779931048818,48.2956402336704,0,10000,500
93.1,48.5571902023442,47.7039950186228,47.4102068352192,0,10000,500
83.55,48.5571902023442,48.006695262534,47.7278664225366,0,10000,500
69.8,48.5571902023442,48.2477107032251,47.9655987193077,0,10000,500
0.65,48.5571902023442,49.9711195657571,49.6719908155569,0,10000,500
1.95,48.5571902023442,49.77312585431,49.4729647659885,0,10000,500
37.75,48.5571902023442,48.7273251499216,48.4323407957136,0,10000,500
58.15,48.5571902023442,48.4466860171416,48.1413435634673,0,10000,500
82.05,48.5571902023442,48.0342583060243,47.7499136799212,0,10000,500
75.45,48.5571902023442,48.1542331964866,47.8598366732418,0,10000,500
85.5,48.5571902023442,47.957959394368,47.652894596658,0,10000,500
58.05,48.5571902023442,48.4234844002489,48.1187823279494,0,10000,500
73,48.5571902023442,48.2053255864418,47.8930246984615,0,10000,500
37.35,48.5571902023442,48.7468541869256,48.4088843673434,0,10000,500
74.25,48.5571902023442,48.1932515119969,47.9036345274437,0,10000,500
17.35,48.5571902023442,49.1152841539348,48.8176171561389,0,10000,500
48.9,48.5571902023442,48.571602485842,48.2613573933508,0,10000,500
78.1,48.5571902023442,48.120360645059,47.8229317259639,0,10000,500
44.25,48.5571902023442,48.650839297548,48.3680447236004,0,10000,500
24.95,48.5571902023442,48.9304208710361,48.6407784361227,0,10000,500
77.55,48.5571902023442,48.1052522656644,47.8162245395289,0,10000,500
22.65,48.5571902023442,48.9973597573594,48.7071877384567,0,10000,500
80.3,48.5571902023442,48.0467401947681,47.7664934239253,0,10000,500
39.4,48.5571902023442,48.7148710554781,48.422843595687,0,10000,500
2.7,48.5571902023442,49.6812226687401,49.3843811427671,0,10000,500
64.8,48.5571902023442,48.3365581552197,48.049634284669,0,10000,500
40.95,48.5571902023442,48.6822217670803,48.3837108285444,0,10000,500
34.05,48.5571902023442,48.7818187443798,48.4967773208068,0,10000,500
39.65,48.5571902023442,48.7061263766224,48.4080509646648,0,10000,500
64.35,48.5571902023442,48.3721074772417,48.081804111517,0,10000,500
22.2,48.5571902023442,49.017679029669,48.7247956981612,0,10000,500
46.8,48.5571902023442,48.6009997172211,48.3106523097856,0,10000,500
83.45,48.5571902023442,48.0083002588221,47.7232823314808,0,10000,500
34.15,48.5571902023442,48.7924267876408,48.4961338620404,0,10000,500
90.9,48.5571902023442,47.7672007568427,47.4836286068215,0,10000,500
28.85,48.5571902023442,48.8565718994236,48.5520212890053,0,10000,500
78.1,48.5571902023442,48.0944288379581,47.7965823775444,0,10000,500
30.65,48.5571902023442,48.8770955391228,48.5854546552027,0,10000,500
54.8,48.5571902023442,48.4905856747789,48.198121609219,0,10000,500
61.8,48.5571902023442,48.3846969766395,48.1042157482393,0,10000,500
89.95,48.5571902023442,47.8296971139864,47.5363929752634,0,10000,500
41.1,48.5571902023442,48.6874312521007,48.39387588173,0,10000,500
39.3,48.5571902023442,48.6964656318451,48.4046014050514,0,10000,500
29.05,48.5571902023442,48.8825340229507,48.5958720728878,0,10000,500
27.15,48.5571902023442,48.9084430917997,48.61633579828,0,10000,500
40.65,48.5571902023442,48.6914020224447,48.394143699592,0,10000,500
14.05,48.5571902023442,49.1814914239189,48.9010328053834,0,10000,500
17.6,48.5571902023442,49.0789009352939,48.7894237520669,0,10000,500
52.15,48.5571902023442,48.5373381934701,48.242531767842,0,10000,500
72.15,48.5571902023442,48.2306499006087,47.9240535767924,0,10000,500
16.95,48.5571902023442,49.1396104176466,48.8470312224139,0,10000,500
7.05,48.5571902023442,49.4312321212418,49.1364353809392,0,10000,500
92.3,48.5571902023442,47.689909996333,47.4101665361948,0,10000,500
61.9,48.5571902023442,48.3757509463839,48.0920042667969,0,10000,500
49.9,48.5571902023442,48.5520804865377,48.2296116322044,0,10000,500
73.4,48.5571902023442,48.1933087502129,47.9149324655041,0,10000,500
62.1,48.5571902023442,48.3817635087427,48.088873703896,0,10000,500
62.5,48.5571902023442,48.3577423265431,48.0642730513012,0,10000,500
63.05,48.5571902023442,48.3719729760367,48.0825114513556,0,10000,500
40.55,48.5571902023442,48.6938515411547,48.3839883149041,0,10000,500
81.95,48.5571902023442,48.0388208124617,47.7404882516274,0,10000,500
79.3,48.5571902023442,48.0918424015276,47.8050115089139,0,10000,500
48.5,48.5571902023442,48.5841196978684,48.2829876628888,0,10000,500
20.45,48.5571902023442,49.0435936012975,48.7470690963802,0,10000,500
9.6,48.5571902023442,49.3244283944596,49.0333173601142,0,10000,500
68.45,48.5571902023442,48.2847103028312,47.9790459036195,0,10000,500
75.05,48.5571902023442,48.1616861083557,47.8653787020601,0,10000,500
67.65,48.5571902023442,48.2871268161541,47.9993759472443,0,10000,500
83.25,48.5571902023442,47.9848735954385,47.6913586513174,0,10000,500
76.3,48.5571902023442,48.1394574726214,47.850124906674,0,10000,500
91.45,48.5571902023442,47.7598375818554,47.4719357383597,0,10000,500
39.85,48.5571902023442,48.7204259119879,48.4407685275154,0,10000,500
59.95,48.5571902023442,48.4292288901304,48.1505397298169,0,10000,500
70.45,48.5571902023442,48.253008403411,47.948847438168,0,10000,500
79,48.5571902023442,48.0820484651568,47.7812782495476,0,10000,500
21.4,48.5571902023442,49.0308379635016,48.7387834131436,0,10000,500
77.65,48.5571902023442,48.120981604287,47.827349569557,0,10000,500
95.35,48.5571902023442,47.5703327276142,47.288308058154,0,10000,500
35.5,48.5571902023442,48.7658586840936,48.4824100090341,0,10000,500
91.9,48.5571902023442,47.7879030291923,47.5007768075541,0,10000,500
48.85,48.5571902023442,48.5826247062975,48.2905814014745,0,10000,500
10.25,48.5571902023442,49.2914242589288,49.0059968636203,0,10000,500
60.55,48.5571902023442,48.4006340996199,48.1103661804496,0,10000,500
67.4,48.5571902023442,48.3176226989047,48.0313938221026,0,10000,500
5.3,48.5571902023442,49.5243657600811,49.2318079985885,0,10000,500
29.35,48.5571902023442,48.8747848818867,48.5664809456387,0,10000,500
53.95,48.5571902023442,48.5020755734981,48.206185155893,0,10000,500
54.9,48.5571902023442,48.4766581783328,48.1851742437684,0,10000,500
73.2,48.5571902023442,48.1936182701405,47.9044909292097,0,10000,500
61.2,48.5571902023442,48.3836954545436,48.0921675418398,0,10000,500
54.4,48.5571902023442,48.4876124638082,48.2059979597568,0,10000,500
96.8,48.5571902023442,47.5023229242461,47.215747901232,0,10000,500
73.1,48.5571902023442,48.1856925945717,47.8620312100718,0,10000,500
32.5,48.5571902023442,48.8186347743466,48.5185343715338,0,10000,500
12.45,48.5571902023442,49.2079648251906,48.9202645860233,0,10000,500
99.1,48.5571902023442,47.1443238601263,46.8517680533393,0,10000,500
86.9,48.5571902023442,47.8978798331455,47.6129753952789,0,10000,500
68.8,48.5571902023442,48.2567268855804,47.9762924050037,0,10000,500
65.4,48.5571902023442,48.322698155822,48.0348684646726,0,10000,500
66.05,48.5571902023442,48.2926499347086,48.0096326823481,0,10000,500
82.3,48.5571902023442,48.0107775243751,47.7272177145586,0,10000,500
29.05,48.5571902023442,48.8807728088761,48.5895342265604,0,10000,500
16.1,48.5571902023442,49.147629559515,48.8349169454807,0,10000,500
18.85,48.5571902023442,49.0651144157581,48.768262013809,0,10000,500
96,48.5571902023442,47.5704739071578,47.2962956161344,0,10000,500
1.3,48.5571902023442,49.9004770429357,49.5981549431304,0,10000,500
31.35,48.5571902023442,48.8408799608766,48.5167558159341,0,10000,500
5.5,48.5571902023442,49.4771728745272,49.1806810502922,0,10000,500
11.4,48.5571902023442,49.2714342912746,48.9753475296,0,10000,500
11.5,48.5571902023442,49.2560922606122,48.976546262614,0,10000,500
84.6,48.5571902023442,47.9654057664605,47.6878886791184,0,10000,500
75.6,48.5571902023442,48.1735673585219,47.873395596884,0,10000,500
38.8,48.5571902023442,48.7232552818285,48.4355047546964,0,10000,500
44.05,48.5571902023442,48.6372477105799,48.3403571824612,0,10000,500
88.85,48.5571902023442,47.8713172908514,47.5881829117602,0,10000,500
1.5,48.5571902023442,49.8425160808039,49.5243879073507,0,10000,500
92.25,48.5571902023442,47.7303167549112,47.4459348549861,0,10000,500
84.5,48.5571902023442,47.964936557795,47.6791947117118,0,10000,500
30.35,48.5571902023442,48.8550821973583,48.5531944765175,0,10000,500
32.05,48.5571902023442,48.8369061271179,48.5463135128865,0,10000,500
42.05,48.5571902023442,48.6695219436579,48.38321483985,0,10000,500
2.5,48.5571902023442,49.7154002530646,49.4069334798131,0,10000,500
94.9,48.5571902023442,47.6519401105989,47.3625415260396,0,10000,500
46.55,48.5571902023442,48.5891489535492,48.3082457346642,0,10000,500
71.75,48.5571902023442,48.2280423121128,47.9406055801825,0,10000,500
47.15,48.5571902023442,48.6117084006281,48.3025859358133,0,10000,500
28.4,48.5571902023442,48.9074198356848,48.6196676698575,0,10000,500
99.05,48.5571902023442,47.1751119984418,46.8967301189768,0,10000,500
87.8,48.5571902023442,47.8973304827306,47.6180864295358,0,10000,500
21.55,48.5571902023442,49.0243654357348,48.7229964891303,0,10000,500
67.1,48.5571902023442,48.3097363752512,48.0292142970492,0,10000,500
43.65,48.5571902023442,48.643879235968,48.3408487588765,0,10000,500
90.15,48.5571902023442,47.8199355752132,47.5023628361955,0,10000,500
72.65,48.5571902023442,48.2176613422536,47.9212900320502,0,10000,500
46.95,48.5571902023442,48.6027299626398,48.3129527283832,0,10000,500
64.9,48.5571902023442,48.3354666470795,48.0511616666925,0,10000,500
40,48.5571902023442,48.714107937988,48.4100948391278,0,10000,500
85.05,48.5571902023442,47.9473566661739,47.6664800655988,0,10000,500
13.6,48.5571902023442,49.1902842668334,48.8902242520844,0,10000,500
16.8,48.5571902023442,49.1214057726916,48.8315938153627,0,10000,500
23.55,48.5571902023442,48.980202337268,48.6923508128876,0,10000,500
71.75,48.5571902023442,48.21600727428,47.9287833267905,0,10000,500
73.25,48.5571902023442,48.1833485155122,47.8856561719408,0,10000,500
12,48.5571902023442,49.2396807499075,48.9436026647189,0,10000,500
96.9,48.5571902023442,47.4149545329062,47.1398346723114,0,10000,500
63.85,48.5571902023442,48.3574026460073,48.0702922239179,0,10000,500
10.65,48.5571902023442,49.2737344620356,48.9838348445781,0,10000,500
81.3,48.5571902023442,48.050894595364,47.742928126031,0,10000,500
76.05,48.5571902023442,48.1207821484769,47.7973057245108,0,10000,500
42.9,48.5571902023442,48.6638571937553,48.3733947296317,0,10000,500
13.85,48.5571902023442,49.1630525310151,48.8772954052435,0,10000,500
41,48.5571902023442,48.6953850770438,48.411369161946,0,10000,500
89.7,48.5571902023442,47.8192847456906,47.5206566331483,0,10000,500
57.3,48.5571902023442,48.467216315479,48.1586915981756,0,10000,500
39.55,48.5571902023442,48.7100628106556,48.4115488852808,0,10000,500
77.45,48.5571902023442,48.1169711257887,47.8428290176402,0,10000,500
78.45,48.5571902023442,48.0992693964784,47.7984425719828,0,10000,500
96.9,48.5571902023442,47.5365420558621,47.2623994845327,0,10000,500
4.9,48.5571902023442,49.5321202943,49.2418231502335,0,10000,500
52.3,48.5571902023442,48.5129638572392,48.2238373742655,0,10000,500
80.05,48.5571902023442,48.0662646194416,47.7719421011794,0,10000,500
59.05,48.5571902023442,48.4217377277488,48.1205319003515,0,10000,500
39.2,48.5571902023442,48.7104433236537,48.4032221016832,0,10000,500
87.35,48.5571902023442,47.8821074719021,47.6023529464364,0,10000,500
95,48.5571902023442,47.6488387631912,47.3782617665655,0,10000,500
5.6,48.5571902023442,49.471347719416,49.1905498510383,0,10000,500
52.35,48.5571902023442,48.5277840822329,48.2316335853963,0,10000,500
96.45,48.5571902023442,47.5575769746203,47.2862187297648,0,10000,500
16.1,48.5571902023442,49.1555369871028,48.8519689864191,0,10000,500
67.25,48.5571902023442,48.2991588908376,48.0167254943243,0,10000,500
97.25,48.5571902023442,47.4947247803142,47.2189518657498,0,10000,500
63.2,48.5571902023442,48.3514993290549,48.0588326266592,0,10000,500
63.85,48.5571902023442,48.3423990909549,48.0538033354183,0,10000,500
1.6,48.5571902023442,49.8228704968591,49.5276883388466,0,10000,500
50.95,48.5571902023442,48.5445510803091,48.2623962106291,0,10000,500
39.95,48.5571902023442,48.7236282656361,48.4248160220472,0,10000,500
47.35,48.5571902023442,48.6072494492911,48.321547946609,0,10000,500
89.4,48.5571902023442,47.8270973106783,47.5414293871931,0,10000,500
88.3,48.5571902023442,47.8741207285238,47.5956446599185,0,10000,500
51.9,48.5571902023442,48.5421588580791,48.2360012308383,0,10000,500
42.8,48.5571902023442,48.6504084160207,48.369281470965,0,10000,500
8.2,48.5571902023442,49.3823680207415,49.0843791640081,0,10000,500
33.2,48.5571902023442,48.8101244314433,48.5113544466245,0,10000,500
89.1,48.5571902023442,47.8256077744788,47.5324726999322,0,10000,500
38.2,48.5571902023442,48.7559136400207,48.4712038281581,0,10000,500
85.3,48.5571902023442,47.9728510702435,47.6822769810384,0,10000,500
68.5,48.5571902023442,48.269390465979,47.9796793556318,0,10000,500
10.8,48.5571902023442,49.2677040663601,48.9644289585088,0,10000,500
0.25,48.5571902023442,50.0686680619144,49.7685274107061,0,10000,500
64.65,48.5571902023442,48.3465756646271,48.0503693252807,0,10000,500
86.3,48.5571902023442,47.9251377875491,47.6411067711614,0,10000,500
7.9,48.5571902023442,49.3669182235555,49.0789084352355,0,10000,500
40.65,48.5571902023442,48.7130083292232,48.4148594038131,0,10000,500
34.25,48.5571902023442,48.7968747054638,48.5061378153245,0,10000,500
81.35,48.5571902023442,48.0507160205045,47.7636539442786,0,10000,500
64.5,48.5571902023442,48.3370524940723,48.053940952496,0,10000,500
39.05,48.5571902023442,48.7067111560459,48.4190809696806,0,10000,500
72.45,48.5571902023442,48.2073326963464,47.9119441378305,0,10000,500
1.8,48.5571902023442,49.7787830841215,49.4788540093273,0,10000,500
75.85,48.5571902023442,48.1606233906157,47.8832478200256,0,10000,500
50.15,48.5571902023442,48.5699984201697,48.2831120924078,0,10000,500
71.3,48.5571902023442,48.2308627879928,47.9240853771366,0,10000,500
69.35,48.5571902023442,48.2692906630358,47.9874272593343,0,10000,500
76.65,48.5571902023442,48.1269872580303,47.8345833168143,0,10000,500
78.35,48.5571902023442,48.0893994860737,47.802630853501,0,10000,500
13.95,48.5571902023442,49.1999156048627,48.8778963194466,0,10000,500
9.55,48.5571902023442,49.3414494961373,49.0519243171531,0,10000,500
90.95,48.5571902023442,47.8051780759423,47.5242365996417,0,10000,500
20.2,48.5571902023442,49.0608770549642,48.7810855991785,0,10000,500
15.7,48.5571902023442,49.1723851049228,48.8699987026611,0,10000,500
48.75,48.5571902023442,48.571217066588,48.2822490479607,0,10000,500
99.85,48.5571902023442,46.8831120178577,46.5911204364299,0,10000,500
26.8,48.5571902023442,48.9165767631067,48.6082032421027,0,10000,500
10.45,48.5571902023442,49.2897177146611,48.9971015662127,0,10000,500
72.75,48.5571902023442,48.1997931407581,47.9218603458431,0,10000,500
46.55,48.5571902023442,48.6108183245429,48.3083308577251,0,10000,500
44.4,48.5571902023442,48.6366456842415,48.3456260585805,0,10000,500
12.55,48.5571902023442,49.2205264373117,48.9310464937318,0,10000,500
26.65,48.5571902023442,48.9317826063941,48.6423772572111,0,10000,500
46.5,48.5571902023442,48.5948312214564,48.2793766862858,0,10000,500
64.45,48.5571902023442,48.3611508871491,48.0817307245414,0,10000,500
77.85,48.5571902023442,48.1063630295659,47.8118154482379,0,10000,500
92.75,48.5571902023442,47.7053959272786,47.4217480946423,0,10000,500
3.75,48.5571902023442,49.6285701089695,49.3317718331567,0,10000,500
44.85,48.5571902023442,48.6407088565086,48.348708061024,0,10000,500
86.45,48.5571902023442,47.9166440623251,47.63567952129,0,10000,500
58.7,48.5571902023442,48.4247703769871,48.1372453984084,0,10000,500
76.9,48.5571902023442,48.1519457342914,47.8606898379925,0,10000,500
86.95,48.5571902023442,47.9249716968128,47.6382988992149,0,10000,500
12.9,48.5571902023442,49.2515104988483,48.9533964411559,0,10000,500
77.3,48.5571902023442,48.1579551984764,47.8654086489162,0,10000,500
99.65,48.5571902023442,47.0613827982674,46.7644331468614,0,10000,500
98.75,48.5571902023442,47.379154179426,47.0966549931991,0,10000,500
1.85,48.5571902023442,49.8512518704486,49.544435901137,0,10000,500
5.9,48.5571902023442,49.4933961385884,49.1934416457811,0,10000,500
89,48.5571902023442,47.8761446905809,47.5825916646404,0,10000,500
65.15,48.5571902023442,48.3437747505332,48.0415077572669,0,10000,500
40.75,48.5571902023442,48.6872742204956,48.3920492368964,0,10000,500
81.15,48.5571902023442,48.0518547068601,47.7277737385657,0,10000,500
4.1,48.5571902023442,49.6348718354359,49.3366374525034,0,10000,500
40,48.5571902023442,48.7263467280374,48.4354840766696,0,10000,500
20.8,48.5571902023442,49.0146854704239,48.706587302354,0,10000,500
97.6,48.5571902023442,47.4102529443459,47.1158314796463,0,10000,500
54.15,48.5571902023442,48.5129214576296,48.2139877078553,0,10000,500
69.65,48.5571902023442,48.2620662243988,47.9650505635433,0,10000,500
14.65,48.5571902023442,49.1706554173826,48.8641452919424,0,10000,500
48.7,48.5571902023442,48.5776780201217,48.2930365521272,0,10000,500
79.05,48.5571902023442,48.0628305012564,47.7810048891669,0,10000,500
7.3,48.5571902023442,49.3956691603065,49.1062856754173,0,10000,500
55.6,48.5571902023442,48.484793042983,48.1681040739682,0,10000,500
75.6,48.5571902023442,48.138701168258,47.8234106331944,0,10000,500
33.2,48.5571902023442,48.8092272000934,48.5136395571991,0,10000,500
85.7,48.5571902023442,47.9233793787932,47.6221945186296,0,10000,500
4,48.5571902023442,49.526740640557,49.2273642049253,0,10000,500
69.6,48.5571902023442,48.2595568825557,47.9608753904583,0,10000,500
59.5,48.5571902023442,48.415730370212,48.1351670421895,0,10000,500
9.5,48.5571902023442,49.316814498642,49.0252866966112,0,10000,500
18.65,48.5571902023442,49.0673858367025,48.7770025260139,0,10000,500
62.6,48.5571902023442,48.3588980861636,48.0539605832215,0,10000,500
52.35,48.5571902023442,48.5095915785435,48.225484375232,0,10000,500
38.55,48.5571902023442,48.7078816998844,48.4162708335015,0,10000,500
84.25,48.5571902023442,47.985245230648,47.7045584584908,0,10000,500
4.6,48.5571902023442,49.5241816582593,49.2273285978476,0,10000,500
0.15,48.5571902023442,50.2494507286798,49.9416469416139,0,10000,500
9.95,48.5571902023442,49.2990322710119,49.0104485144342,0,10000,500
6.45,48.5571902023442,49.4509654600871,49.1515355961171,0,10000,500
49.8,48.5571902023442,48.5525690259669,48.2693638948787,0,10000,500
32.2,48.5571902023442,48.8267651348135,48.5161627172397,0,10000,500
64.2,48.5571902023442,48.3535508893811,48.0798745062194,0,10000,500
21.2,48.5571902023442,49.0272565054839,48.719113014255,0,10000,500
35.8,48.5571902023442,48.7740345432256,48.4659969294671,0,10000,500
10.35,48.5571902023442,49.3158196985349,49.0138293153789,0,10000,500
43.25,48.5571902023442,48.6441065587623,48.3373301534481,0,10000,500
27.75,48.5571902023442,48.895818153863,48.5876769599551,0,10000,500
60.15,48.5571902023442,48.4141979707042,48.1087327400187,0,10000,500
51.85,48.5571902023442,48.5306762726763,48.2491164768637,0,10000,500
5.3,48.5571902023442,49.4756620877475,49.1854013734811,0,10000,500
80.95,48.5571902023442,48.0504001720914,47.7597121777062,0,10000,500
80.15,48.5571902023442,48.0639873738736,47.7729425700175,0,10000,500
59.85,48.5571902023442,48.4130063152881,48.1188795998876,0,10000,500
36.05,48.5571902023442,48.7796485848394,48.4854107809229,0,10000,500
11.05,48.5571902023442,49.2617165430782,48.9618196255868,0,10000,500
95.15,48.5571902023442,47.5964178019924,47.2987745163437,0,10000,500
25.75,48.5571902023442,48.9531564206955,48.6639286724899,0,10000,500
65.05,48.5571902023442,48.3184939650529,48.0374302166318,0,10000,500
60.4,48.5571902023442,48.4125701655818,48.1184800838207,0,10000,500
65.25,48.5571902023442,48.3472675089979,48.0447887620223,0,10000,500
7.05,48.5571902023442,49.4176914860604,49.1214012809096,0,10000,500
72.65,48.5571902023442,48.2184253691475,47.9410003675711,0,10000,500
30.3,48.5571902023442,48.8505314388144,48.5477085457675,0,10000,500
91.55,48.5571902023442,47.7428362243613,47.4597770970246,0,10000,500
96.15,48.5571902023442,47.5202823140949,47.2241811858859,0,10000,500
93.2,48.5571902023442,47.6864902963183,47.381957209655,0,10000,500
94.2,48.5571902023442,47.649321361915,47.3684943404591,0,10000,500
84.95,48.5571902023442,47.9514047256968,47.6542381204321,0,10000,500
80,48.5571902023442,48.0453853021495,47.7626589986801,0,10000,500
5.5,48.5571902023442,49.4899189402931,49.182849077909,0,10000,500
78.25,48.5571902023442,48.0887844536567,47.7799402190649,0,10000,500
5.7,48.5571902023442,49.4903365871583,49.1968478570906,0,10000,500
11.2,48.5571902023442,49.2694574937845,48.958524942409,0,10000,500
10.3,48.5571902023442,49.3149781622536,48.9929690346574,0,10000,500
25.15,48.5571902023442,48.9909964494269,48.6894275148038,0,10000,500
44,48.5571902023442,48.6537965762479,48.3624333782751,0,10000,500
92.35,48.5571902023442,47.7357046357847,47.4466851438779,0,10000,500
40.95,48.5571902023442,48.7001219856663,48.4176921316611,0,10000,500
53.85,48.5571902023442,48.5068709841627,48.2043992515963,0,10000,500
79.95,48.5571902023442,48.064820818806,47.7947755315895,0,10000,500
43.4,48.5571902023442,48.6685111249126,48.3898212193327,0,10000,500
91.2,48.5571902023442,47.7975414265624,47.5175042993278,0,10000,500
33,48.5571902023442,48.8148137534824,48.5153991805996,0,10000,500
83.4,48.5571902023442,48.0083995599429,47.7246448718861,0,10000,500
8.25,48.5571902023442,49.3521362248902,49.0621968716718,0,10000,500
87.35,48.5571902023442,47.9169819950251,47.633648966503,0,10000,500
11.6,48.5571902023442,49.2525368699342,48.9632879813206,0,10000,500
50.45,48.5571902023442,48.562141549562,48.2775641565314,0,10000,500
84.75,48.5571902023442,47.9786923414739,47.6821016961695,0,10000,500
34.55,48.5571902023442,48.7924778630438,48.498630282294,0,10000,500
32.6,48.5571902023442,48.8147473193099,48.5239242988126,0,10000,500
89.35,48.5571902023442,47.8277023958339,47.5336657886997,0,10000,500
22.85,48.5571902023442,48.9726982572904,48.6815640505518,0,10000,500
84.25,48.5571902023442,47.991468428861,47.6889603734795,0,10000,500
55.4,48.5571902023442,48.4879437098539,48.2001429027025,0,10000,500
82.3,48.5571902023442,48.03255964792,47.7559101838187,0,10000,500
12.45,48.5571902023442,49.2714018793701,48.9642605327872,0,10000,500
11.95,48.5571902023442,49.2576227468992,48.9361911856343,0,10000,500
88.15,48.5571902023442,47.9063575803057,47.6117036559503,0,10000,500
11.25,48.5571902023442,49.2919133425325,48.9842757992334,0,10000,500
62,48.5571902023442,48.3755414393636,48.0846773047999,0,10000,500
86.45,48.5571902023442,47.9264687989504,47.6457778867341,0,10000,500
79.55,48.5571902023442,48.1117675819466,47.8388573481193,0,10000,500
85.9,48.5571902023442,47.9574026020814,47.6784207556877,0,10000,500
45.5,48.5571902023442,48.6208811174739,48.337496752471,0,10000,500
37.85,48.5571902023442,48.7328003379188,48.4341395925053,0,10000,500
72.85,48.5571902023442,48.1979586612941,47.8997189064429,0,10000,500
36.05,48.5571902023442,48.7511912326247,48.4685054377338,0,10000,500
67.25,48.5571902023442,48.2976043967222,48.0084598406028,0,10000,500
12.7,48.5571902023442,49.2066502676744,48.9225935035237,0,10000,500
69.1,48.5571902023442,48.2753355449533,47.9859136148787,0,10000,500
33.7,48.5571902023442,48.7951339690527,48.497434874653,0,10000,500
91,48.5571902023442,47.8125773959943,47.5373531424223,0,10000,500
65.5,48.5571902023442,48.3430913473484,48.0625179518312,0,10000,500
17.65,48.5571902023442,49.1131584965947,48.8032910189663,0,10000,500
88.2,48.5571902023442,47.8945318785001,47.605329478293,0,10000,500
64.7,48.5571902023442,48.3415207142753,48.0632495447229,0,10000,500
0.85,48.5571902023442,49.9911444762927,49.6845086931136,0,10000,500
5.65,48.5571902023442,49.4679803649482,49.1794434071744,0,10000,500
53.05,48.5571902023442,48.5109142001856,48.2196957906492,0,10000,500
8.2,48.5571902023442,49.377613208706,49.0875789363404,0,10000,500
99.35,48.5571902023442,47.157835520371,46.8712542509421,0,10000,500
83.35,48.5571902023442,48.0053808337896,47.7192754563429,0,10000,500
37.5,48.5571902023442,48.7403716972017,48.4539044949835,0,10000,500
3.3,48.5571902023442,49.6224124560917,49.3313874989156,0,10000,500
55,48.5571902023442,48.4829078635281,48.1929179909333,0,10000,500
90.75,48.5571902023442,47.8217108310807,47.5382638952336,0,10000,500
95.35,48.5571902023442,47.5905565873359,47.3035410397572,0,10000,500
13.5,48.5571902023442,49.1935070481779,48.8931008892606,0,10000,500
77.6,48.5571902023442,48.1124708514094,47.8213145430541,0,10000,500
71.8,48.5571902023442,48.218554635731,47.9148815327538,0,10000,500
83.25,48.5571902023442,48.0000909641714,47.7187256102525,0,10000,500
68.9,48.5571902023442,48.2857731042065,47.9721185609968,0,10000,500
98.3,48.5571902023442,47.3677951557192,47.0856725273939,0,10000,500
95.05,48.5571902023442,47.5897133338835,47.3040805757231,0,10000,500
2.15,48.5571902023442,49.71863171272,49.4217611593308,0,10000,500
36.95,48.5571902023442,48.7345578662533,48.4370537590091,0,10000,500
81.05,48.5571902023442,48.0596220222007,47.7560030627612,0,10000,500
24.35,48.5571902023442,48.9513351941324,48.6565991523504,0,10000,500
62.6,48.5571902023442,48.3742233522309,48.0848120182243,0,10000,500
53.55,48.5571902023442,48.5077753559885,48.1913388152128,0,10000,500
47.75,48.5571902023442,48.6131998282258,48.3125102083015,0,10000,500
19.75,48.5571902023442,49.071666510154,48.7596378818077,0,10000,500
34,48.5571902023442,48.7806115822988,48.4753720835703,0,10000,500
90.45,48.5571902023442,47.8064966943706,47.5220863097454,0,10000,500
29.15,48.5571902023442,48.8787093663746,48.581881612254,0,10000,500
44.85,48.5571902023442,48.6315801319955,48.3440327061284,0,10000,500
88.1,48.5571902023442,47.8341321009365,47.5548627698831,0,10000,500
27.05,48.5571902023442,48.9257469009861,48.628064366202,0,10000,500
39.55,48.5571902023442,48.7138069998988,48.4166629833365,0,10000,500
37.05,48.5571902023442,48.7581233078858,48.4557598166503,0,10000,500
11.75,48.5571902023442,49.2383674537914,48.9539127120221,0,10000,500
55,48.5571902023442,48.4812264612272,48.1615557996136,0,10000,500
51.05,48.5571902023442,48.5308030354948,48.2449408035307,0,10000,500
5,48.5571902023442,49.5101688909435,49.2176035126685,0,10000,500
3.55,48.5571902023442,49.6434291237985,49.3591096207924,0,10000,500
33.15,48.5571902023442,48.8082995389528,48.5225711296119,0,10000,500
84.35,48.5571902023442,47.982511096036,47.7032212066191,0,10000,500
99.4,48.5571902023442,47.1375059960617,46.8495852616593,0,10000,500
15.35,48.5571902023442,49.1525999561861,48.8432066157964,0,10000,500
39,48.5571902023442,48.7107698310069,48.4225077541905,0,10000,500
8.2,48.5571902023442,49.385104263882,49.0672385260484,0,10000,500
97.8,48.5571902023442,47.3700379381009,47.0834084523195,0,10000,500
27.9,48.5571902023442,48.9014815105892,48.5855358188093,0,10000,500
49.25,48.5571902023442,48.5758135861732,48.2781507559777,0,10000,500
59.75,48.5571902023442,48.3972746592772,48.1211196251963,0,10000,500
69.95,48.5571902023442,48.2685566570128,47.940528670552,0,10000,500
31.35,48.5571902023442,48.8641590711222,48.5560156008998,0,10000,500
18.55,48.5571902023442,49.0828872725338,48.7765993372058,0,10000,500
8.3,48.5571902023442,49.3610687312585,49.0747009862574,0,10000,500
89,120,115.49985,114,1,10000,500
76.3,120,118.1246875,115,1,10000,500
1.65,120,139.247975,119,1,10000,500
91.55,120,115.3333,115,1,10000,500
40.65,120,122.9992,115,1,10000,500
66.4,120,119.9994,114,1,10000,500
27.8,120,126.49875,114,1,10000,500
63.55,120,120.16625,116,1,10000,500
33.85,120,124.9991,116,1,10000,500
2.4,120,139.247975,119,1,10000,500
89.5,120,116.49995,116,1,10000,500
49.8,120,121.9992,114,1,10000,500
18.85,120,126.9991,118,1,10000,500
88,120,116.249975,116,1,10000,500
93.9,120,115,115,1,10000,500
45.8,120,122.49955,118,1,10000,500
50,120,123.16585,115,1,10000,500
65.35,120,119.49975,117,1,10000,500
55.65,120,120.9992,113,1,10000,500
61.9,120,120.083125,118,1,10000,500
51.1,120,121.16625,117,1,10000,500
19.35,120,129.49865,116,1,10000,500
7.05,120,132.9982,115,1,10000,500
83.5,120,117.49995,117,1,10000,500
66.8,120,119.6664,117,1,10000,500
84.65,120,116.59984,115,1,10000,500
11.1,120,131.9984,116,1,10000,500
85.35,120,116.89991,116,1,10000,500
79.15,120,117.1246875,114,1,10000,500
67.25,120,119.16625,115,1,10000,500
77.7,120,118.142742857143,117,1,10000,500
87.45,120,116.285685714286,116,1,10000,500
79.3,120,117.6664,115,1,10000,500
39.05,120,122.89951,118,1,10000,500
29.3,120,123.9994,118,1,10000,500
68.35,120,119.1246875,116,1,10000,500
81.65,120,117.49985,116,1,10000,500
2.55,120,134.9982,117,1,10000,500
87.95,120,116.1248875,115,1,10000,500
80.8,120,117.49985,116,1,10000,500
22.65,120,125.9991,117,1,10000,500
13.55,120,129.248775,117,1,10000,500
90.95,120,114.49985,113,1,10000,500
58.05,120,120.49975,118,1,10000,500
90.7,120,116.16665,116,1,10000,500
73.9,120,118.6664,116,1,10000,500
83.7,120,116.9998,115,1,10000,500
90.2,120,115.3333,115,1,10000,500
40.1,120,122.9994,117,1,10000,500
55.2,120,121.49955,117,1,10000,500
61.1,120,120.249375,114,1,10000,500
88.4,120,116.3333,116,1,10000,500
81.7,120,116.6664,114,1,10000,500
92.25,120,113.49985,112,1,10000,500
94.9,120,114.16665,114,1,10000,500
0,120,159.49595,119,1,10000,500
86,120,116.249775,114,1,10000,500
73.9,120,118.49975,116,1,10000,500
73.1,120,118.49975,116,1,10000,500
85.1,120,117.39996,117,1,10000,500
76.35,120,117.9996,114,1,10000,500
93.6,120,114.6666,114,1,10000,500
79.65,120,117.6664,115,1,10000,500
38,120,123.249375,117,1,10000,500
87,120,115.749925,115,1,10000,500
87.2,120,115.59984,114,1,10000,500
16.05,120,126.9992,119,1,10000,500
84.8,120,116.59984,115,1,10000,500
84.75,120,116.59984,115,1,10000,500
91.5,120,115.49995,115,1,10000,500
90.4,120,115.06249375,115,1,10000,500
70.5,120,119.249775,117,1,10000,500
67.95,120,119.1246875,116,1,10000,500
91.3,120,116.1249875,116,1,10000,500
87.6,120,116.6666,116,1,10000,500
88.15,120,116.285685714286,116,1,10000,500
85.5,120,116.89991,116,1,10000,500
93.55,120,114.39996,114,1,10000,500
58.4,120,120.49975,118,1,10000,500
36.75,120,125.16585,117,1,10000,500
90.45,120,115.49995,115,1,10000,500
58.6,120,120.59964,117,1,10000,500
81.3,120,117.89991,117,1,10000,500
89.75,120,115.89991,115,1,10000,500
87.3,120,116.071421428571,116,1,10000,500
75.05,120,117.9996,114,1,10000,500
87.05,120,115.9999,115,1,10000,500
70.7,120,119.083125,117,1,10000,500
30.85,120,126.16585,118,1,10000,500
85.05,120,115.9999,115,1,10000,500
80.65,120,117.1246875,114,1,10000,500
92.25,120,115.49995,115,1,10000,500
51.4,120,120.9998,119,1,10000,500
92.65,120,115.1249875,115,1,10000,500
45.9,120,122.082925,118,1,10000,500
86.25,120,116.49985,115,1,10000,500
86.2,120,116.49985,115,1,10000,500
86.45,120,116.1248875,115,1,10000,500
91.6,120,115.3333,115,1,10000,500
34.5,120,125.16585,117,1,10000,500
39.8,120,122.9994,117,1,10000,500
74.65,120,118.16625,114,1,10000,500
75.15,120,118.1246875,115,1,10000,500
43,120,122.9994,117,1,10000,500
82.25,120,117.3332,116,1,10000,500
62.05,120,120.49955,116,1,10000,500
67.65,120,119.16625,115,1,10000,500
95.35,120,114.249975,114,1,10000,500
30.1,120,124.9991,116,1,10000,500
78.25,120,117.9998,116,1,10000,500
77.1,120,118.249775,116,1,10000,500
38.45,120,124.16585,116,1,10000,500
90.95,120,115.49995,115,1,10000,500
95.55,120,114.16665,114,1,10000,500
78.5,120,117.9998,116,1,10000,500
88.85,120,115.89991,115,1,10000,500
54.35,120,121.16625,117,1,10000,500
91.45,120,115.49995,115,1,10000,500
67.25,120,119.49975,117,1,10000,500
33.65,120,123.16625,119,1,10000,500
87.75,120,116.3333,116,1,10000,500
98.85,120,111.9999,111,1,10000,500
85.35,120,117.083325,117,1,10000,500
80.95,120,117.89991,117,1,10000,500
77.5,120,117.8888,117,1,10000,500
79.2,120,117.9998,116,1,10000,500
91.85,120,114.9999,114,1,10000,500
53.35,120,121.1246875,118,1,10000,500
74.45,120,118.59984,117,1,10000,500
75.3,120,118.1246875,115,1,10000,500
11.7,120,130.248775,118,1,10000,500
87.3,120,116.1248875,115,1,10000,500
81.35,120,117.083125,115,1,10000,500
54.45,120,121.3328,116,1,10000,500
49.15,120,121.571171428571,119,1,10000,500
88.75,120,115.49985,114,1,10000,500
87.3,120,116.9998,115,1,10000,500
91.25,120,115.39996,115,1,10000,500
75.75,120,118.749925,118,1,10000,500
40.4,120,124.16585,116,1,10000,500
84.85,120,116.49985,115,1,10000,500
83.9,120,117.49995,117,1,10000,500
80.25,120,117.6664,115,1,10000,500
25.5,120,126.16585,118,1,10000,500
71.15,120,119.083125,117,1,10000,500
56.85,120,120.9994,115,1,10000,500
84.05,120,117.1248875,116,1,10000,500
76.9,120,118.59984,117,1,10000,500
91.55,120,114.6666,114,1,10000,500
68.55,120,119.49975,117,1,10000,500
19.95,120,128.248775,116,1,10000,500
78.45,120,116.9996,113,1,10000,500
87.2,120,115.59984,114,1,10000,500
79.05,120,117.6664,115,1,10000,500
67.3,120,119.16625,115,1,10000,500
85.45,120,116.49985,115,1,10000,500
54.3,120,121.1246875,118,1,10000,500
61.6,120,120.16625,116,1,10000,500
82.1,120,117.49985,116,1,10000,500
79.05,120,117.16625,113,1,10000,500
61.5,120,120.59964,117,1,10000,500
87.85,120,115.49985,114,1,10000,500
24.55,120,128.248775,116,1,10000,500
74.1,120,118.59984,117,1,10000,500
54.1,120,121.16625,117,1,10000,500
79.2,120,117.6664,115,1,10000,500
92.2,120,114.49995,114,1,10000,500
97.1,120,114,114,1,10000,500
73.5,120,118.6664,116,1,10000,500
78.7,120,117.59984,116,1,10000,500
87.85,120,116.1248875,115,1,10000,500
62.5,120,120.16625,116,1,10000,500
41.65,120,122.9992,115,1,10000,500
93.65,120,114.49995,114,1,10000,500
68.85,120,119.1246875,116,1,10000,500
56.35,120,121.249375,115,1,10000,500
94.55,120,115,115,1,10000,500
0,120,148.9968,117,1,10000,500
51.7,120,121.49955,117,1,10000,500
93.55,120,114.3333,114,1,10000,500
45.5,120,122.082925,118,1,10000,500
86.55,120,115.249775,113,1,10000,500
90.3,120,116.09999,116,1,10000,500
69.2,120,118.9996,115,1,10000,500
87.05,120,115.49985,114,1,10000,500
37.8,120,123.999,114,1,10000,500
94.85,120,114.16665,114,1,10000,500
47.85,120,122.249375,116,1,10000,500
36.75,120,125.6656,115,1,10000,500
84,120,116.59984,115,1,10000,500
51.55,120,121.49955,117,1,10000,500
85.8,120,116.249775,114,1,10000,500
91.2,120,114.249775,112,1,10000,500
79.5,120,117.89991,117,1,10000,500
93.6,120,114.09999,114,1,10000,500
30.2,120,124.249375,118,1,10000,500
86.1,120,117.3333,117,1,10000,500
82.7,120,116.9998,115,1,10000,500
21.7,120,127.6656,117,1,10000,500
55.1,120,121.16625,117,1,10000,500
90.4,120,115.1248875,114,1,10000,500
84.85,120,116.642792857143,116,1,10000,500
62.95,120,120.249375,114,1,10000,500
80.1,120,117.1246875,114,1,10000,500
17.45,120,127.49875,115,1,10000,500
93,120,114.49995,114,1,10000,500
41.7,120,122.9994,117,1,10000,500
88.2,120,114.9998,113,1,10000,500
94.35,120,113.9998,112,1,10000,500
85.3,120,116.49985,115,1,10000,500
30.25,120,124.9991,116,1,10000,500
92.5,120,114.39996,114,1,10000,500
62.7,120,119.9997,117,1,10000,500
73.85,120,118.49975,116,1,10000,500
67.7,120,119.16625,115,1,10000,500
85.45,120,116.49995,116,1,10000,500
95.25,120,113.083325,113,1,10000,500
82.6,120,117.6666,117,1,10000,500
51.3,120,122.1243875,116,1,10000,500
65.5,120,119.59964,116,1,10000,500
81.4,120,117.89991,117,1,10000,500
79.15,120,117.49975,115,1,10000,500
41.65,120,122.9994,117,1,10000,500
69.05,120,119.1246875,116,1,10000,500
78.55,120,117.9998,116,1,10000,500
81.05,120,117.3332,116,1,10000,500
87.05,120,115.3332,114,1,10000,500
85.25,120,116.49985,115,1,10000,500
91.6,120,113.1248875,112,1,10000,500
44.8,120,122.16625,118,1,10000,500
0,120,153.9964,118,1,10000,500
66.85,120,119.59964,116,1,10000,500
97.45,120,112.249975,112,1,10000,500
67.55,120,119.49975,117,1,10000,500
67.45,120,119.49955,115,1,10000,500
91.5,120,115.285685714286,115,1,10000,500
62.55,120,120.082925,116,1,10000,500
0,120,145.9972,118,1,10000,500
12.75,120,131.49865,118,1,10000,500
81.95,120,117.142742857143,116,1,10000,500
42.65,120,123.9991,115,1,10000,500
84.45,120,116.749925,116,1,10000,500
88.6,120,115.89991,115,1,10000,500
83.5,120,117.3333,117,1,10000,500
0.15,120,141.49755,117,1,10000,500
86.15,120,116.749925,116,1,10000,500
78.3,120,117.9998,116,1,10000,500
80.05,120,117.6664,115,1,10000,500
74.2,120,118.6664,116,1,10000,500
57.2,120,121.249375,115,1,10000,500
87.5,120,116.6666,116,1,10000,500
69.15,120,119.49975,117,1,10000,500
0,120,142.49755,118,1,10000,500
83.1,120,116.6664,114,1,10000,500
40.15,120,122.9994,117,1,10000,500
86.4,120,115.59984,114,1,10000,500
82.3,120,117.142742857143,116,1,10000,500
84.4,120,116.3332,115,1,10000,500
85.95,120,116.49985,115,1,10000,500
61.45,120,120.16625,116,1,10000,500
73.55,120,118.6664,116,1,10000,500
50.3,120,122.249375,116,1,10000,500
89.15,120,115.49985,114,1,10000,500
69.85,120,119.16625,115,1,10000,500
93.85,120,113.6666,113,1,10000,500
74.5,120,118.59984,117,1,10000,500
67.15,120,119.49955,115,1,10000,500
56.6,120,120.9997,118,1,10000,500
79.1,120,118.3333,118,1,10000,500
62.3,120,120.59964,117,1,10000,500
73.55,120,118.16625,114,1,10000,500
94.4,120,114.1249875,114,1,10000,500
83.5,120,116.9998,115,1,10000,500
75.2,120,118.1246875,115,1,10000,500
82.9,120,117.3332,116,1,10000,500
85.7,120,116.89991,116,1,10000,500
53.65,120,121.49955,117,1,10000,500
24.25,120,128.248775,116,1,10000,500
24.7,120,126.16585,118,1,10000,500
92.85,120,114.49995,114,1,10000,500
62.65,120,119.9996,116,1,10000,500
1.3,120,139.247975,119,1,10000,500
85.65,120,116.56244375,116,1,10000,500
64.4,120,120.082925,116,1,10000,500
89,120,114.59984,113,1,10000,500
80.45,120,117.59984,116,1,10000,500
80.9,120,117.49985,116,1,10000,500
93.35,120,114.9999,114,1,10000,500
62.3,120,120.49955,116,1,10000,500
65.15,120,119.785535714286,118,1,10000,500
90.7,120,115.49995,115,1,10000,500
87.2,120,116.19998,116,1,10000,500
75.6,120,118.3332,117,1,10000,500
82.95,120,116.59984,115,1,10000,500
83.35,120,116.59984,115,1,10000,500
86.5,120,115.6664,113,1,10000,500
67.6,120,119.6664,117,1,10000,500
62.9,120,120.16625,116,1,10000,500
44.15,120,122.49955,118,1,10000,500
37.7,120,122.9994,117,1,10000,500
90.5,120,115.6666,115,1,10000,500
75.6,120,118.1246875,115,1,10000,500
80,120,117.59984,116,1,10000,500
55.95,120,120.785535714286,119,1,10000,500
81.5,120,117.142742857143,116,1,10000,500
87.35,120,115.49985,114,1,10000,500
56.95,120,120.3332,119,1,10000,500
67.95,120,119.785535714286,118,1,10000,500
1,120,142.9975,118,1,10000,500
19.15,120,126.9992,119,1,10000,500
94.65,120,114.16665,114,1,10000,500
44,120,123.1243875,117,1,10000,500
88.55,120,115.49985,114,1,10000,500
74.1,120,118.749925,118,1,10000,500
91.75,120,115.49995,115,1,10000,500
78.95,120,117.6664,115,1,10000,500
59.8,120,119.9996,116,1,10000,500
66.1,120,119.6664,117,1,10000,500
90.5,120,115.285685714286,115,1,10000,500
88.95,120,115.49985,114,1,10000,500
93.7,120,113.39996,113,1,10000,500
82.85,120,116.6664,114,1,10000,500
15.6,120,129.1239875,119,1,10000,500
24.8,120,125.9991,117,1,10000,500
91.1,120,115.49995,115,1,10000,500
78.45,120,117.6664,115,1,10000,500
82.1,120,117.49985,116,1,10000,500
88.8,120,116.39996,116,1,10000,500
31.6,120,124.1243875,118,1,10000,500
37.7,120,124.1243875,118,1,10000,500
64.8,120,119.89951,115,1,10000,500
81.4,120,117.749925,117,1,10000,500
78.9,120,117.49975,115,1,10000,500
56.3,120,120.49975,118,1,10000,500
90.05,120,115.249975,115,1,10000,500
81.15,120,117.49985,116,1,10000,500
34.3,120,126.1239875,116,1,10000,500
92.8,120,114.6666,114,1,10000,500
82.05,120,117.49985,116,1,10000,500
90.45,120,115.49995,115,1,10000,500
24.05,120,128.1239875,118,1,10000,500
86.35,120,116.89991,116,1,10000,500
94.85,120,113.1249875,113,1,10000,500
35.7,120,124.1243875,118,1,10000,500
82.65,120,116.9998,115,1,10000,500
53.8,120,121.1246875,118,1,10000,500
80.1,120,117.1246875,114,1,10000,500
75.8,120,118.3332,117,1,10000,500
94.15,120,114.09999,114,1,10000,500
68.3,120,119.249375,113,1,10000,500
69.9,120,119.083125,117,1,10000,500
66.95,120,119.49955,115,1,10000,500
80.8,120,117.3332,116,1,10000,500
85.05,120,116.249775,114,1,10000,500
60.55,120,120.59964,117,1,10000,500
42.9,120,122.1246875,119,1,10000,500
88.05,120,116.6666,116,1,10000,500
93.15,120,114.39996,114,1,10000,500
87.7,120,115.89991,115,1,10000,500
91.05,120,115.39996,115,1,10000,500
85.6,120,116.749925,116,1,10000,500
74.55,120,118.6664,116,1,10000,500
55.7,120,121.1246875,118,1,10000,500
89.6,120,114.89991,114,1,10000,500
95.9,120,113.1249875,113,1,10000,500
58.75,120,120.59964,117,1,10000,500
0.3,120,141.49755,117,1,10000,500
40.05,120,122.9992,115,1,10000,500
75.7,120,118.49985,117,1,10000,500
4.5,120,133.9982,116,1,10000,500
32.25,120,127.248775,115,1,10000,500
63.8,120,120.249375,114,1,10000,500
74.5,120,117.9997,115,1,10000,500
11.8,120,131.49865,118,1,10000,500
20.85,120,127.6656,117,1,10000,500
75.05,120,118.1246875,115,1,10000,500
65.55,120,120.16625,116,1,10000,500
54.15,120,121.49955,117,1,10000,500
80.85,120,117.749925,117,1,10000,500
63.65,120,119.9994,114,1,10000,500
44.5,120,123.1243875,117,1,10000,500
93.75,120,115.16665,115,1,10000,500
88.45,120,116.1248875,115,1,10000,500
91.55,120,115.3333,115,1,10000,500
79.95,120,116.9996,113,1,10000,500
65.75,120,119.749925,119,1,10000,500
94.55,120,113.9998,112,1,10000,500
35.65,120,125.6656,115,1,10000,500
34.15,120,124.39936,118,1,10000,500
68.9,120,119.59964,116,1,10000,500
72.95,120,118.16625,114,1,10000,500
85.2,120,116.89991,116,1,10000,500
74.55,120,118.16625,114,1,10000,500
55.75,120,120.9994,115,1,10000,500
81.35,120,117.59984,116,1,10000,500
16.75,120,130.9984,115,1,10000,500
66.45,120,119.571171428571,117,1,10000,500
86.85,120,116.285685714286,116,1,10000,500
70.7,120,118.9998,117,1,10000,500
7.8,120,129.49875,117,1,10000,500
48.85,120,122.9991,114,1,10000,500
31.45,120,123.9992,116,1,10000,500
79.6,120,117.785535714286,116,1,10000,500
74.75,120,118.59984,117,1,10000,500
58.95,120,120.9994,115,1,10000,500
83.35,120,117.49985,116,1,10000,500
86.6,120,116.89991,116,1,10000,500
81.65,120,117.89991,117,1,10000,500
89.9,120,114.89991,114,1,10000,500
76.05,120,118.249775,116,1,10000,500
70.5,120,118.9998,117,1,10000,500
89.6,120,115.1248875,114,1,10000,500
91.5,120,115.39996,115,1,10000,500
9.55,120,130.248775,118,1,10000,500
91.55,120,116.49995,116,1,10000,500
61.05,120,120.083125,118,1,10000,500
76.3,120,118.249775,116,1,10000,500
91.5,120,115.083325,115,1,10000,500
52.35,120,121.9994,116,1,10000,500
90.85,120,116.16665,116,1,10000,500
71.55,120,118.9998,117,1,10000,500
87.05,120,116.3333,116,1,10000,500
95.4,120,112.6666,112,1,10000,500
67.9,120,119.6664,117,1,10000,500
80.2,120,117.89991,117,1,10000,500
84.55,120,116.142742857143,115,1,10000,500
93.55,120,114.49995,114,1,10000,500
88.95,120,115.9998,114,1,10000,500
79.5,120,117.6664,115,1,10000,500
62.85,120,120.1246875,117,1,10000,500
43.8,120,122.49955,118,1,10000,500
83.4,120,117.49985,116,1,10000,500
88.75,120,116.071421428571,116,1,10000,500
43.7,120,122.89951,118,1,10000,500
91.2,120,114.89991,114,1,10000,500
84.4,120,117.285685714286,117,1,10000,500
85.5,120,117.1248875,116,1,10000,500
83.65,120,116.249775,114,1,10000,500
76.05,120,118.1246875,115,1,10000,500
17.05,120,126.9991,118,1,10000,500
75.35,120,118.083125,116,1,10000,500
38.5,120,123.249375,117,1,10000,500
79.85,120,117.3332,116,1,10000,500
67.4,120,119.6664,117,1,10000,500
62.45,120,120.249375,114,1,10000,500
13.25,120,128.49875,116,1,10000,500
84.25,120,116.749925,116,1,10000,500
72.55,120,118.6664,116,1,10000,500
60.95,120,120.1246875,117,1,10000,500
73.05,120,118.571171428571,116,1,10000,500
0,120,151.9964,116,1,10000,500
56.7,120,121.16625,117,1,10000,500
43,120,122.9994,117,1,10000,500
60.4,120,120.49965,117,1,10000,500
41.25,120,123.9991,115,1,10000,500
70.1,120,119.16625,115,1,10000,500
75.3,120,118.6664,116,1,10000,500
29.15,120,126.49875,114,1,10000,500
85.1,120,116.749925,116,1,10000,500
87.1,120,115.9998,114,1,10000,500
37.8,120,123.249375,117,1,10000,500
86,120,115.6664,113,1,10000,500
81.2,120,117.3332,116,1,10000,500
77.8,120,117.9997,115,1,10000,500
81.85,120,117.3332,116,1,10000,500
73.45,120,118.6664,116,1,10000,500
73.2,120,118.16625,114,1,10000,500
57.8,120,120.9994,115,1,10000,500
83.95,120,116.749925,116,1,10000,500
81.7,120,117.49985,116,1,10000,500
60.85,120,120.49955,116,1,10000,500
54.9,120,121.16625,117,1,10000,500
75.05,120,118.89991,118,1,10000,500
94.4,120,113.3333,113,1,10000,500
80.6,120,117.59984,116,1,10000,500
67.7,120,119.56234375,118,1,10000,500
23.7,120,125.9991,117,1,10000,500
67.8,120,119.6664,117,1,10000,500
71.1,120,119.083125,117,1,10000,500
51.45,120,121.9994,116,1,10000,500
89.85,120,116.071421428571,116,1,10000,500
53.9,120,121.16625,117,1,10000,500
59.25,120,120.59964,117,1,10000,500
55.75,120,120.49975,118,1,10000,500
92.5,120,115.39996,115,1,10000,500
62.95,120,120.16625,116,1,10000,500
34.65,120,124.9991,116,1,10000,500
4.2,120,133.9984,118,1,10000,500
92.15,120,115.09999,115,1,10000,500
61.05,120,120.49955,116,1,10000,500
85,120,116.49985,115,1,10000,500
22.9,120,127.6656,117,1,10000,500
80.3,120,117.59984,116,1,10000,500
85.75,120,116.642792857143,116,1,10000,500
91.5,120,115.39996,115,1,10000,500
89.3,120,115.49985,114,1,10000,500
92.95,120,115.09999,115,1,10000,500
95.5,120,114.16665,114,1,10000,500
83.25,120,117.1248875,116,1,10000,500
0,120,148.9968,117,1,10000,500
